0.595482 -0.406640 0.488911 1.571417 -0.000388 -3.140964 
0.595482 -0.406640 0.488911 1.571417 -0.000388 -3.140964 
0.595482 -0.406640 0.488911 1.571417 -0.000388 -3.140964 
0.595482 -0.406640 0.488911 1.571417 -0.000388 -3.140964 
0.595482 -0.406640 0.488911 1.571417 -0.000388 -3.140964 
0.595482 -0.406640 0.488911 1.571417 -0.000388 -3.140964 
0.595482 -0.406640 0.488911 1.571417 -0.000388 -3.140964 
0.595482 -0.406640 0.488911 1.571417 -0.000388 -3.140964 
0.595482 -0.406640 0.488911 1.571417 -0.000388 -3.140964 
0.595482 -0.406640 0.488911 1.571417 -0.000388 -3.140964 
0.595482 -0.406640 0.488911 1.571417 -0.000388 -3.140964 
0.595482 -0.406640 0.488911 1.571417 -0.000388 -3.140964 
0.595482 -0.406640 0.488911 1.571417 -0.000388 -3.140964 
0.595482 -0.406640 0.488911 1.571417 -0.000388 -3.140964 
0.595482 -0.406640 0.488911 1.571417 -0.000388 -3.140964 
0.595482 -0.406640 0.488911 1.571417 -0.000388 -3.140964 
0.595482 -0.406640 0.488911 1.571418 -0.000388 -3.140964 
0.595482 -0.406640 0.488911 1.571417 -0.000388 -3.140964 
0.595482 -0.406640 0.488911 1.571417 -0.000388 -3.140964 
0.595482 -0.406640 0.488911 1.571418 -0.000388 -3.140964 
0.595482 -0.406640 0.488911 1.571417 -0.000388 -3.140964 
0.595482 -0.406640 0.488911 1.571417 -0.000388 -3.140964 
0.595482 -0.406640 0.488911 1.571417 -0.000388 -3.140964 
0.595482 -0.406640 0.488911 1.571417 -0.000388 -3.140964 
0.595482 -0.406640 0.488911 1.571417 -0.000388 -3.140964 
0.595482 -0.406640 0.488911 1.571417 -0.000388 -3.140964 
0.595482 -0.406640 0.488911 1.571417 -0.000388 -3.140964 
0.595482 -0.406640 0.488911 1.571417 -0.000388 -3.140964 
0.595482 -0.406640 0.488911 1.571417 -0.000388 -3.140964 
0.595482 -0.406640 0.488911 1.571417 -0.000388 -3.140964 
0.595482 -0.406640 0.488911 1.571417 -0.000388 -3.140964 
0.595482 -0.406640 0.488911 1.571417 -0.000388 -3.140964 
0.595482 -0.406640 0.488911 1.571417 -0.000388 -3.140964 
0.595482 -0.406640 0.488911 1.571418 -0.000388 -3.140964 
0.595482 -0.406640 0.488911 1.571417 -0.000388 -3.140964 
0.595482 -0.406640 0.488911 1.571417 -0.000388 -3.140964 
0.595482 -0.406640 0.488911 1.571417 -0.000388 -3.140964 
0.595482 -0.406640 0.488911 1.571417 -0.000388 -3.140964 
0.595482 -0.406640 0.488911 1.571417 -0.000388 -3.140964 
0.595482 -0.406640 0.488911 1.571417 -0.000388 -3.140964 
0.595482 -0.406640 0.488911 1.571417 -0.000388 -3.140964 
0.595482 -0.406640 0.488911 1.571417 -0.000388 -3.140964 
0.595482 -0.406640 0.488911 1.571417 -0.000388 -3.140964 
0.595482 -0.406640 0.488911 1.571417 -0.000388 -3.140964 
0.595482 -0.406640 0.488911 1.571417 -0.000388 -3.140964 
0.595482 -0.406640 0.488911 1.571417 -0.000388 -3.140964 
0.595482 -0.406640 0.488911 1.571417 -0.000388 -3.140964 
0.595482 -0.406640 0.488911 1.571417 -0.000388 -3.140964 
0.595482 -0.406640 0.488911 1.571417 -0.000388 -3.140964 
0.595482 -0.406640 0.488911 1.571417 -0.000388 -3.140964 
0.595482 -0.406640 0.488911 1.571417 -0.000388 -3.140964 
0.595482 -0.406640 0.488911 1.571417 -0.000388 -3.140964 
0.595482 -0.406640 0.488911 1.571417 -0.000388 -3.140964 
0.595482 -0.406640 0.488911 1.571417 -0.000388 -3.140964 
0.595482 -0.406640 0.488911 1.571417 -0.000388 -3.140964 
0.595482 -0.406640 0.488911 1.571417 -0.000388 -3.140964 
0.595482 -0.406640 0.488911 1.571417 -0.000388 -3.140964 
0.595482 -0.406640 0.488911 1.571417 -0.000389 -3.140964 
0.595482 -0.406640 0.488911 1.571417 -0.000388 -3.140964 
0.595482 -0.406640 0.488911 1.571417 -0.000388 -3.140964 
0.595482 -0.406640 0.488911 1.571417 -0.000388 -3.140964 
0.595482 -0.406640 0.488911 1.571417 -0.000388 -3.140964 
0.595482 -0.406640 0.488911 1.571417 -0.000388 -3.140964 
0.595482 -0.406640 0.488911 1.571417 -0.000388 -3.140964 
0.595482 -0.406640 0.488911 1.571417 -0.000388 -3.140964 
0.595482 -0.406640 0.488911 1.571417 -0.000388 -3.140964 
0.595482 -0.406640 0.488911 1.571417 -0.000389 -3.140964 
0.595482 -0.406640 0.488911 1.571417 -0.000388 -3.140964 
0.595482 -0.406640 0.488911 1.571417 -0.000389 -3.140964 
0.595482 -0.406640 0.488911 1.571417 -0.000388 -3.140964 
0.595482 -0.406640 0.488911 1.571417 -0.000388 -3.140964 
0.595482 -0.406640 0.488911 1.571417 -0.000388 -3.140964 
0.595482 -0.406640 0.488911 1.571417 -0.000388 -3.140964 
0.595482 -0.406640 0.488911 1.571417 -0.000389 -3.140964 
0.595482 -0.406640 0.488911 1.571417 -0.000388 -3.140964 
0.595482 -0.406640 0.488911 1.571418 -0.000388 -3.140964 
0.595482 -0.406640 0.488911 1.571417 -0.000388 -3.140964 
0.595482 -0.406640 0.488911 1.571417 -0.000389 -3.140964 
0.595482 -0.406640 0.488911 1.571417 -0.000388 -3.140964 
0.595482 -0.406640 0.488911 1.571417 -0.000388 -3.140964 
0.595482 -0.406640 0.488911 1.571417 -0.000388 -3.140964 
0.595482 -0.406640 0.488911 1.571417 -0.000388 -3.140964 
0.595482 -0.406640 0.488911 1.571417 -0.000388 -3.140964 
0.595482 -0.406640 0.488911 1.571417 -0.000388 -3.140964 
0.595482 -0.406640 0.488911 1.571417 -0.000388 -3.140964 
0.595482 -0.406640 0.488911 1.571417 -0.000388 -3.140964 
0.595482 -0.406640 0.488911 1.571417 -0.000388 -3.140964 
0.595482 -0.406640 0.488911 1.571417 -0.000388 -3.140964 
0.595482 -0.406640 0.488911 1.571417 -0.000388 -3.140964 
0.595482 -0.406640 0.488911 1.571417 -0.000388 -3.140964 
0.595482 -0.406640 0.488911 1.571417 -0.000388 -3.140964 
0.595482 -0.406640 0.488911 1.571417 -0.000388 -3.140964 
0.595482 -0.406640 0.488911 1.571417 -0.000388 -3.140964 
0.595482 -0.406640 0.488911 1.571417 -0.000388 -3.140964 
0.595482 -0.406640 0.488911 1.571417 -0.000388 -3.140964 
0.595482 -0.406640 0.488911 1.571417 -0.000388 -3.140964 
0.595482 -0.406640 0.488911 1.571417 -0.000388 -3.140964 
0.595482 -0.406640 0.488911 1.571417 -0.000388 -3.140964 
0.595482 -0.406640 0.488911 1.571417 -0.000388 -3.140964 
0.595482 -0.406640 0.488911 1.571417 -0.000388 -3.140964 
0.595482 -0.406640 0.488911 1.571417 -0.000388 -3.140964 
0.595482 -0.406640 0.488911 1.571417 -0.000388 -3.140964 
0.595482 -0.406640 0.488911 1.571417 -0.000388 -3.140964 
0.595482 -0.406640 0.488911 1.571417 -0.000388 -3.140964 
0.595482 -0.406640 0.488911 1.571417 -0.000388 -3.140964 
0.595482 -0.406640 0.488911 1.571417 -0.000388 -3.140964 
0.595482 -0.406640 0.488911 1.571417 -0.000388 -3.140964 
0.595482 -0.406640 0.488911 1.571417 -0.000388 -3.140964 
0.595482 -0.406640 0.488911 1.571417 -0.000388 -3.140964 
0.595482 -0.406640 0.488911 1.571417 -0.000388 -3.140964 
0.595482 -0.406640 0.488911 1.571417 -0.000388 -3.140964 
0.595482 -0.406640 0.488911 1.571417 -0.000388 -3.140964 
0.595482 -0.406640 0.488911 1.571417 -0.000388 -3.140964 
0.595482 -0.406640 0.488911 1.571417 -0.000388 -3.140964 
0.595482 -0.406640 0.488911 1.571417 -0.000388 -3.140964 
0.595482 -0.406640 0.488911 1.571417 -0.000388 -3.140964 
0.595482 -0.406640 0.488911 1.571417 -0.000388 -3.140964 
0.595482 -0.406640 0.488911 1.571417 -0.000388 -3.140964 
0.595482 -0.406640 0.488911 1.571417 -0.000388 -3.140964 
0.595482 -0.406640 0.488911 1.571417 -0.000388 -3.140964 
0.595482 -0.406640 0.488911 1.571417 -0.000388 -3.140964 
0.595482 -0.406640 0.488911 1.571417 -0.000388 -3.140964 
0.595482 -0.406640 0.488911 1.571417 -0.000388 -3.140964 
0.595482 -0.406640 0.488911 1.571417 -0.000388 -3.140964 
0.595482 -0.406640 0.488911 1.571417 -0.000388 -3.140964 
0.595482 -0.406640 0.488911 1.571417 -0.000388 -3.140964 
0.595482 -0.406640 0.488911 1.571417 -0.000388 -3.140964 
0.595482 -0.406640 0.488911 1.571417 -0.000389 -3.140964 
0.595483 -0.406640 0.488911 1.571417 -0.000388 -3.140965 
0.595482 -0.406640 0.488911 1.571417 -0.000388 -3.140964 
0.595482 -0.406640 0.488911 1.571417 -0.000388 -3.140964 
0.595482 -0.406640 0.488911 1.571417 -0.000388 -3.140964 
0.595482 -0.406640 0.488911 1.571417 -0.000389 -3.140964 
0.595482 -0.406640 0.488911 1.571417 -0.000388 -3.140964 
0.595482 -0.406640 0.488911 1.571417 -0.000388 -3.140964 
0.595482 -0.406640 0.488911 1.571417 -0.000388 -3.140965 
0.595482 -0.406640 0.488911 1.571417 -0.000388 -3.140965 
0.595482 -0.406640 0.488911 1.571417 -0.000389 -3.140962 
0.595542 -0.406605 0.488804 1.571474 -0.000519 -3.141373 
0.595754 -0.406537 0.488243 1.571559 -0.000768 3.140369 
0.595986 -0.406453 0.487380 1.571739 -0.000794 3.138958 
0.596129 -0.406395 0.486498 1.571858 -0.000869 3.137996 
0.596121 -0.406334 0.485776 1.571947 -0.000903 3.138031 
0.595904 -0.406292 0.485355 1.571925 -0.000929 3.139521 
0.595653 -0.406238 0.485049 1.571869 -0.000870 3.141409 
0.595471 -0.406204 0.484907 1.571573 -0.000674 -3.140260 
0.595316 -0.406208 0.485037 1.571013 -0.000394 -3.138923 
0.595248 -0.406240 0.485322 1.570664 -0.000118 -3.138306 
0.595223 -0.406327 0.485759 1.570475 0.000135 -3.138144 
0.595285 -0.406370 0.486295 1.570501 0.000342 -3.138533 
0.595376 -0.406454 0.486920 1.570556 0.000549 -3.139288 
0.595476 -0.406548 0.487528 1.570452 0.000644 -3.140203 
0.595595 -0.406592 0.488082 1.570391 0.000626 -3.141109 
0.595677 -0.406615 0.488585 1.570339 0.000484 3.141426 
0.595688 -0.406615 0.488998 1.570390 0.000321 3.141286 
0.595639 -0.406588 0.489298 1.570573 0.000132 -3.141585 
0.595563 -0.406556 0.489493 1.570691 0.000007 -3.141077 
0.595481 -0.406513 0.489619 1.570818 -0.000122 -3.140542 
0.595415 -0.406498 0.489687 1.570825 -0.000254 -3.140233 
0.595383 -0.406500 0.489703 1.570824 -0.000329 -3.140174 
0.595391 -0.406502 0.489655 1.570809 -0.000383 -3.140321 
0.595434 -0.406489 0.489544 1.570806 -0.000483 -3.140632 
0.595485 -0.406482 0.489390 1.570769 -0.000586 -3.140988 
0.595538 -0.406478 0.489200 1.570746 -0.000663 -3.141354 
0.595580 -0.406474 0.489029 1.570741 -0.000710 3.141527 
0.595588 -0.406479 0.488878 1.570732 -0.000720 3.141417 
0.595569 -0.406491 0.488759 1.570721 -0.000695 3.141485 
0.595520 -0.406500 0.488673 1.570721 -0.000645 -3.141407 
0.595455 -0.406508 0.488602 1.570721 -0.000584 -3.140993 
0.595405 -0.406507 0.488567 1.570731 -0.000545 -3.140632 
0.595383 -0.406502 0.488553 1.570743 -0.000516 -3.140448 
0.595390 -0.406501 0.488550 1.570753 -0.000486 -3.140464 
0.595401 -0.406503 0.488558 1.570751 -0.000470 -3.140534 
0.595397 -0.406503 0.488578 1.570756 -0.000460 -3.140502 
0.595389 -0.406505 0.488621 1.570761 -0.000432 -3.140446 
0.595385 -0.406516 0.488670 1.570755 -0.000384 -3.140436 
0.595394 -0.406530 0.488714 1.570748 -0.000317 -3.140502 
0.595416 -0.406541 0.488761 1.570742 -0.000253 -3.140637 
0.595450 -0.406550 0.488796 1.570745 -0.000188 -3.140846 
0.595479 -0.406556 0.488824 1.570747 -0.000135 -3.141022 
0.595501 -0.406555 0.488842 1.570757 -0.000105 -3.141140 
0.595507 -0.406545 0.488853 1.570777 -0.000103 -3.141146 
0.595501 -0.406542 0.488862 1.570779 -0.000119 -3.141097 
0.595496 -0.406541 0.488875 1.570777 -0.000131 -3.141072 
0.595494 -0.406542 0.488888 1.570771 -0.000143 -3.141070 
0.595491 -0.406541 0.488897 1.570768 -0.000158 -3.141061 
0.595490 -0.406539 0.488902 1.570770 -0.000168 -3.141047 
0.595487 -0.406535 0.488904 1.570776 -0.000176 -3.141015 
0.595483 -0.406533 0.488904 1.570775 -0.000184 -3.140987 
0.595478 -0.406534 0.488907 1.570771 -0.000194 -3.140960 
0.595470 -0.406533 0.488908 1.570768 -0.000206 -3.140911 
0.595460 -0.406532 0.488906 1.570766 -0.000218 -3.140856 
0.595457 -0.406531 0.488903 1.570765 -0.000228 -3.140837 
0.595458 -0.406529 0.488901 1.570768 -0.000234 -3.140836 
0.595458 -0.406528 0.488901 1.570769 -0.000239 -3.140835 
0.595459 -0.406527 0.488901 1.570769 -0.000242 -3.140838 
0.595459 -0.406526 0.488901 1.570771 -0.000243 -3.140839 
0.595460 -0.406525 0.488901 1.570772 -0.000243 -3.140840 
0.595460 -0.406525 0.488900 1.570771 -0.000243 -3.140841 
0.595459 -0.406527 0.488901 1.570767 -0.000244 -3.140842 
0.595459 -0.406527 0.488900 1.570766 -0.000245 -3.140842 
0.595459 -0.406527 0.488900 1.570766 -0.000245 -3.140843 
0.595460 -0.406527 0.488900 1.570765 -0.000247 -3.140846 
0.595461 -0.406526 0.488898 1.570767 -0.000251 -3.140850 
0.595463 -0.406525 0.488896 1.570768 -0.000255 -3.140858 
0.595464 -0.406523 0.488893 1.570769 -0.000261 -3.140865 
0.595465 -0.406522 0.488893 1.570770 -0.000265 -3.140868 
0.595465 -0.406522 0.488893 1.570769 -0.000269 -3.140871 
0.595465 -0.406522 0.488893 1.570768 -0.000272 -3.140871 
0.595465 -0.406522 0.488894 1.570767 -0.000276 -3.140873 
0.595465 -0.406521 0.488893 1.570767 -0.000280 -3.140876 
0.595466 -0.406521 0.488893 1.570767 -0.000282 -3.140878 
0.595465 -0.406522 0.488894 1.570765 -0.000284 -3.140877 
0.595465 -0.406522 0.488895 1.570763 -0.000286 -3.140878 
0.595466 -0.406521 0.488894 1.570764 -0.000289 -3.140881 
0.595467 -0.406519 0.488894 1.570767 -0.000292 -3.140882 
0.595467 -0.406518 0.488895 1.570769 -0.000294 -3.140882 
0.595467 -0.406518 0.488896 1.570768 -0.000297 -3.140882 
0.595467 -0.406517 0.488897 1.570768 -0.000299 -3.140881 
0.595466 -0.406517 0.488898 1.570767 -0.000302 -3.140878 
0.595466 -0.406517 0.488899 1.570767 -0.000305 -3.140878 
0.595466 -0.406517 0.488900 1.570766 -0.000306 -3.140878 
0.595465 -0.406519 0.488901 1.570763 -0.000308 -3.140878 
0.595465 -0.406519 0.488901 1.570762 -0.000309 -3.140878 
0.595465 -0.406519 0.488900 1.570761 -0.000312 -3.140881 
0.595466 -0.406518 0.488899 1.570762 -0.000313 -3.140883 
0.595466 -0.406517 0.488899 1.570763 -0.000315 -3.140885 
0.595467 -0.406517 0.488898 1.570763 -0.000316 -3.140887 
0.595467 -0.406517 0.488898 1.570764 -0.000317 -3.140887 
0.595467 -0.406516 0.488898 1.570764 -0.000319 -3.140887 
0.595467 -0.406517 0.488898 1.570763 -0.000319 -3.140887 
0.595466 -0.406517 0.488899 1.570762 -0.000320 -3.140886 
0.595466 -0.406519 0.488899 1.570760 -0.000321 -3.140886 
0.595465 -0.406519 0.488899 1.570759 -0.000321 -3.140885 
0.595465 -0.406519 0.488899 1.570758 -0.000322 -3.140886 
0.595466 -0.406519 0.488899 1.570758 -0.000322 -3.140887 
0.595466 -0.406519 0.488899 1.570759 -0.000322 -3.140887 
0.595466 -0.406518 0.488898 1.570760 -0.000323 -3.140888 
0.595467 -0.406517 0.488898 1.570761 -0.000324 -3.140890 
0.595467 -0.406517 0.488898 1.570761 -0.000324 -3.140891 
0.595467 -0.406517 0.488898 1.570761 -0.000325 -3.140890 
0.595467 -0.406517 0.488898 1.570760 -0.000325 -3.140889 
0.595466 -0.406517 0.488899 1.570759 -0.000326 -3.140888 
0.595466 -0.406517 0.488899 1.570759 -0.000326 -3.140887 
0.595466 -0.406518 0.488899 1.570758 -0.000327 -3.140887 
0.595466 -0.406519 0.488899 1.570756 -0.000327 -3.140887 
0.595465 -0.406519 0.488899 1.570756 -0.000327 -3.140888 
0.595466 -0.406518 0.488898 1.570757 -0.000327 -3.140888 
0.595466 -0.406517 0.488898 1.570759 -0.000327 -3.140889 
0.595467 -0.406517 0.488898 1.570759 -0.000328 -3.140889 
0.595467 -0.406517 0.488898 1.570760 -0.000328 -3.140889 
0.595466 -0.406517 0.488898 1.570760 -0.000328 -3.140888 
0.595466 -0.406517 0.488899 1.570759 -0.000329 -3.140887 
0.595466 -0.406517 0.488900 1.570759 -0.000330 -3.140886 
0.595465 -0.406518 0.488900 1.570757 -0.000330 -3.140885 
0.595465 -0.406518 0.488900 1.570756 -0.000330 -3.140885 
0.595465 -0.406519 0.488900 1.570756 -0.000330 -3.140885 
0.595465 -0.406519 0.488899 1.570755 -0.000330 -3.140886 
0.595465 -0.406518 0.488899 1.570756 -0.000331 -3.140887 
0.595466 -0.406518 0.488899 1.570757 -0.000331 -3.140888 
0.595466 -0.406517 0.488899 1.570758 -0.000332 -3.140888 
0.595466 -0.406516 0.488899 1.570759 -0.000332 -3.140888 
0.595466 -0.406516 0.488899 1.570760 -0.000332 -3.140888 
0.595466 -0.406517 0.488899 1.570759 -0.000332 -3.140887 
0.595466 -0.406517 0.488900 1.570757 -0.000332 -3.140887 
0.595465 -0.406518 0.488900 1.570757 -0.000332 -3.140886 
0.595465 -0.406518 0.488899 1.570756 -0.000331 -3.140886 
0.595465 -0.406519 0.488899 1.570754 -0.000331 -3.140887 
0.595465 -0.406519 0.488899 1.570754 -0.000330 -3.140887 
0.595465 -0.406519 0.488898 1.570755 -0.000331 -3.140889 
0.595466 -0.406518 0.488898 1.570757 -0.000331 -3.140889 
0.595466 -0.406517 0.488898 1.570757 -0.000331 -3.140890 
0.595466 -0.406517 0.488898 1.570759 -0.000332 -3.140889 
0.595466 -0.406517 0.488898 1.570759 -0.000332 -3.140889 
0.595466 -0.406517 0.488899 1.570758 -0.000332 -3.140888 
0.595466 -0.406518 0.488899 1.570757 -0.000331 -3.140887 
0.595465 -0.406518 0.488899 1.570756 -0.000331 -3.140887 
0.595465 -0.406519 0.488899 1.570754 -0.000331 -3.140887 
0.595465 -0.406519 0.488898 1.570754 -0.000331 -3.140888 
0.595465 -0.406519 0.488898 1.570754 -0.000331 -3.140888 
0.595465 -0.406519 0.488897 1.570755 -0.000331 -3.140889 
0.595466 -0.406518 0.488897 1.570756 -0.000331 -3.140890 
0.595466 -0.406518 0.488897 1.570757 -0.000331 -3.140889 
0.595466 -0.406517 0.488898 1.570758 -0.000332 -3.140889 
0.595466 -0.406517 0.488898 1.570758 -0.000332 -3.140889 
0.595466 -0.406517 0.488898 1.570758 -0.000332 -3.140888 
0.595465 -0.406518 0.488898 1.570757 -0.000332 -3.140888 
0.595465 -0.406519 0.488898 1.570755 -0.000332 -3.140887 
0.595465 -0.406519 0.488898 1.570754 -0.000332 -3.140888 
0.595465 -0.406519 0.488898 1.570754 -0.000332 -3.140888 
0.595465 -0.406519 0.488897 1.570754 -0.000331 -3.140888 
0.595465 -0.406519 0.488897 1.570754 -0.000331 -3.140889 
0.595465 -0.406518 0.488897 1.570756 -0.000331 -3.140890 
0.595466 -0.406518 0.488897 1.570757 -0.000332 -3.140889 
0.595466 -0.406517 0.488897 1.570758 -0.000332 -3.140889 
0.595466 -0.406517 0.488898 1.570758 -0.000332 -3.140888 
0.595465 -0.406518 0.488898 1.570757 -0.000332 -3.140887 
0.595465 -0.406518 0.488898 1.570756 -0.000332 -3.140887 
0.595465 -0.406519 0.488898 1.570755 -0.000332 -3.140887 
0.595465 -0.406519 0.488898 1.570754 -0.000332 -3.140887 
0.595465 -0.406519 0.488897 1.570754 -0.000332 -3.140888 
0.595477 -0.406517 0.488867 1.570773 -0.000294 -3.140958 
0.595491 -0.406520 0.488796 1.570799 -0.000202 -3.141038 
0.595510 -0.406527 0.488673 1.570838 -0.000037 -3.141135 
0.595540 -0.406514 0.488540 1.570912 0.000141 -3.141238 
0.595598 -0.406447 0.488408 1.571040 0.000317 -3.141343 
0.595701 -0.406293 0.488273 1.571102 0.000493 -3.141449 
0.595866 -0.406008 0.488131 1.571003 0.000674 -3.141568 
0.596123 -0.405452 0.487996 1.570946 0.000853 3.141505 
0.596483 -0.404584 0.487882 1.570872 0.001007 3.141405 
0.596910 -0.403467 0.487787 1.570518 0.001145 3.141328 
0.597442 -0.402020 0.487722 1.570044 0.001245 3.141272 
0.598100 -0.400190 0.487694 1.569609 0.001306 3.141246 
0.598887 -0.397962 0.487704 1.569199 0.001332 3.141262 
0.599815 -0.395320 0.487739 1.568871 0.001338 3.141296 
0.600869 -0.392275 0.487821 1.568571 0.001298 3.141370 
0.602055 -0.388793 0.487943 1.568407 0.001221 3.141478 
0.603380 -0.384844 0.488088 1.568441 0.001129 -3.141587 
0.604836 -0.380450 0.488248 1.568610 0.001044 -3.141467 
0.606403 -0.375684 0.488425 1.568719 0.000968 -3.141424 
0.608050 -0.370540 0.488591 1.568857 0.000909 -3.141436 
0.609774 -0.364994 0.488750 1.569032 0.000865 -3.141439 
0.611567 -0.359013 0.488934 1.569302 0.000783 -3.141389 
0.613414 -0.352571 0.489096 1.569752 0.000725 -3.141339 
0.615246 -0.345882 0.489247 1.569960 0.000703 -3.141265 
0.617024 -0.338964 0.489403 1.569970 0.000683 -3.141147 
0.618800 -0.331745 0.489553 1.570082 0.000695 -3.141060 
0.620531 -0.324255 0.489725 1.570358 0.000620 -3.140970 
0.622170 -0.316761 0.489865 1.570205 0.000635 -3.140887 
0.623710 -0.309190 0.490011 1.570153 0.000595 -3.140818 
0.625213 -0.301473 0.490158 1.570381 0.000552 -3.140799 
0.626614 -0.293683 0.490285 1.570766 0.000456 -3.140819 
0.627881 -0.285982 0.490402 1.571080 0.000460 -3.140821 
0.629025 -0.278197 0.490516 1.571608 0.000456 -3.140829 
0.630077 -0.270472 0.490619 1.572077 0.000506 -3.140905 
0.630971 -0.262841 0.490717 1.572396 0.000480 -3.140983 
0.631752 -0.255279 0.490832 1.572510 0.000440 -3.140987 
0.632439 -0.247670 0.490935 1.572750 0.000388 -3.141012 
0.633016 -0.240149 0.491040 1.572810 0.000301 -3.141109 
0.633459 -0.232766 0.491158 1.572669 0.000291 -3.141162 
0.633800 -0.225384 0.491274 1.572534 0.000269 -3.141175 
0.634058 -0.217967 0.491378 1.572458 0.000198 -3.141260 
0.634182 -0.210645 0.491490 1.572270 0.000160 -3.141255 
0.634220 -0.203407 0.491589 1.571935 0.000238 -3.141239 
0.634160 -0.196056 0.491684 1.571852 0.000235 -3.141227 
0.634012 -0.188693 0.491773 1.571838 0.000242 -3.141232 
0.633739 -0.181424 0.491854 1.571672 0.000262 -3.141216 
0.633391 -0.174187 0.491919 1.571513 0.000376 -3.141227 
0.632926 -0.166855 0.491997 1.571560 0.000395 -3.141200 
0.632372 -0.159607 0.492071 1.571495 0.000400 -3.141227 
0.631694 -0.152452 0.492152 1.571323 0.000433 -3.141188 
0.630944 -0.145269 0.492233 1.571222 0.000494 -3.141151 
0.630082 -0.138014 0.492323 1.571336 0.000435 -3.141159 
0.629135 -0.130906 0.492408 1.571198 0.000419 -3.141163 
0.628077 -0.123823 0.492489 1.571094 0.000440 -3.141121 
0.626948 -0.116701 0.492566 1.571111 0.000435 -3.141135 
0.625691 -0.109594 0.492647 1.571179 0.000388 -3.141124 
0.624364 -0.102647 0.492719 1.570999 0.000407 -3.141119 
0.622927 -0.095663 0.492791 1.570976 0.000424 -3.141094 
0.621411 -0.088675 0.492876 1.570994 0.000372 -3.141084 
0.619792 -0.081805 0.492955 1.570911 0.000335 -3.141065 
0.618111 -0.075123 0.493025 1.570591 0.000393 -3.141036 
0.616345 -0.068502 0.493095 1.570583 0.000377 -3.141013 
0.614540 -0.062059 0.493172 1.570762 0.000289 -3.141007 
0.612749 -0.055975 0.493238 1.570939 0.000217 -3.141056 
0.611017 -0.050218 0.493298 1.571146 0.000178 -3.141137 
0.609305 -0.044693 0.493364 1.571629 0.000041 -3.141227 
0.607656 -0.039523 0.493443 1.572159 -0.000150 -3.141320 
0.606090 -0.034813 0.493515 1.572471 -0.000264 -3.141380 
0.604614 -0.030516 0.493569 1.572684 -0.000313 -3.141400 
0.603227 -0.026589 0.493634 1.572812 -0.000395 -3.141380 
0.601922 -0.022999 0.493683 1.572998 -0.000440 -3.141361 
0.600728 -0.019803 0.493701 1.573080 -0.000405 -3.141359 
0.599669 -0.017045 0.493708 1.572935 -0.000369 -3.141379 
0.598729 -0.014695 0.493713 1.572651 -0.000326 -3.141401 
0.597900 -0.012693 0.493716 1.572320 -0.000275 -3.141423 
0.597185 -0.011009 0.493717 1.572016 -0.000234 -3.141449 
0.596592 -0.009617 0.493720 1.571788 -0.000209 -3.141471 
0.596112 -0.008525 0.493720 1.571622 -0.000179 -3.141492 
0.595772 -0.007741 0.493708 1.571437 -0.000129 -3.141529 
0.595559 -0.007250 0.493690 1.571283 -0.000086 -3.141576 
0.595442 -0.006960 0.493669 1.571262 -0.000049 3.141557 
0.595401 -0.006846 0.493648 1.571271 -0.000006 3.141511 
0.595411 -0.006850 0.493626 1.571147 0.000041 3.141464 
0.595432 -0.006909 0.493605 1.570966 0.000082 3.141421 
0.595453 -0.007012 0.493592 1.570737 0.000108 3.141393 
0.595498 -0.007176 0.493574 1.570364 0.000136 3.141361 
0.595554 -0.007365 0.493555 1.569942 0.000171 3.141323 
0.595607 -0.007550 0.493544 1.569528 0.000194 3.141299 
0.595645 -0.007700 0.493538 1.569199 0.000211 3.141282 
0.595666 -0.007812 0.493539 1.568962 0.000215 3.141281 
0.595674 -0.007880 0.493544 1.568814 0.000205 3.141291 
0.595672 -0.007904 0.493549 1.568782 0.000197 3.141299 
0.595662 -0.007885 0.493556 1.568830 0.000186 3.141312 
0.595646 -0.007827 0.493562 1.568953 0.000174 3.141320 
0.595620 -0.007740 0.493567 1.569143 0.000159 3.141328 
0.595589 -0.007639 0.493572 1.569368 0.000152 3.141335 
0.595560 -0.007540 0.493577 1.569588 0.000147 3.141343 
0.595532 -0.007460 0.493588 1.569768 0.000134 3.141362 
0.595508 -0.007395 0.493608 1.569906 0.000107 3.141395 
0.595486 -0.007340 0.493633 1.570020 0.000070 3.141437 
0.595468 -0.007295 0.493659 1.570107 0.000031 3.141479 
0.595455 -0.007261 0.493681 1.570169 -0.000005 3.141516 
0.595448 -0.007234 0.493695 1.570217 -0.000027 3.141540 
0.595443 -0.007211 0.493701 1.570258 -0.000034 3.141549 
0.595440 -0.007191 0.493702 1.570299 -0.000036 3.141551 
0.595437 -0.007177 0.493702 1.570327 -0.000036 3.141551 
0.595435 -0.007166 0.493701 1.570351 -0.000035 3.141550 
0.595432 -0.007153 0.493699 1.570381 -0.000031 3.141545 
0.595426 -0.007136 0.493694 1.570425 -0.000025 3.141538 
0.595421 -0.007119 0.493692 1.570465 -0.000021 3.141535 
0.595417 -0.007106 0.493688 1.570498 -0.000015 3.141527 
0.595415 -0.007097 0.493682 1.570522 -0.000006 3.141518 
0.595412 -0.007088 0.493676 1.570548 0.000004 3.141507 
0.595409 -0.007077 0.493670 1.570578 0.000013 3.141497 
0.595406 -0.007065 0.493665 1.570608 0.000021 3.141489 
0.595403 -0.007055 0.493661 1.570634 0.000026 3.141483 
0.595400 -0.007046 0.493659 1.570657 0.000029 3.141479 
0.595398 -0.007036 0.493658 1.570678 0.000032 3.141477 
0.595397 -0.007027 0.493657 1.570698 0.000034 3.141475 
0.595395 -0.007020 0.493656 1.570714 0.000036 3.141473 
0.595394 -0.007015 0.493654 1.570725 0.000037 3.141471 
0.595393 -0.007009 0.493653 1.570737 0.000038 3.141470 
0.595391 -0.007002 0.493652 1.570754 0.000040 3.141468 
0.595390 -0.006994 0.493652 1.570771 0.000041 3.141467 
0.595389 -0.006986 0.493651 1.570786 0.000042 3.141466 
0.595388 -0.006980 0.493651 1.570798 0.000042 3.141466 
0.595387 -0.006975 0.493651 1.570809 0.000042 3.141466 
0.595386 -0.006972 0.493651 1.570816 0.000043 3.141465 
0.595386 -0.006970 0.493651 1.570821 0.000043 3.141465 
0.595385 -0.006969 0.493650 1.570822 0.000043 3.141465 
0.595385 -0.006969 0.493650 1.570824 0.000043 3.141464 
0.595384 -0.006969 0.493650 1.570825 0.000044 3.141464 
0.595384 -0.006969 0.493650 1.570826 0.000044 3.141464 
0.595384 -0.006970 0.493650 1.570825 0.000045 3.141463 
0.595384 -0.006971 0.493649 1.570823 0.000045 3.141462 
0.595384 -0.006972 0.493649 1.570821 0.000045 3.141462 
0.595385 -0.006973 0.493649 1.570819 0.000045 3.141462 
0.595385 -0.006973 0.493649 1.570818 0.000045 3.141462 
0.595385 -0.006974 0.493649 1.570817 0.000046 3.141462 
0.595385 -0.006974 0.493649 1.570816 0.000046 3.141462 
0.595385 -0.006975 0.493649 1.570815 0.000046 3.141462 
0.595385 -0.006975 0.493649 1.570815 0.000046 3.141461 
0.595385 -0.006975 0.493648 1.570814 0.000046 3.141461 
0.595385 -0.006975 0.493648 1.570815 0.000046 3.141460 
0.595385 -0.006974 0.493648 1.570816 0.000047 3.141460 
0.595385 -0.006974 0.493648 1.570816 0.000047 3.141460 
0.595385 -0.006974 0.493648 1.570816 0.000047 3.141460 
0.595385 -0.006974 0.493648 1.570816 0.000047 3.141460 
0.595385 -0.006974 0.493648 1.570816 0.000047 3.141460 
0.595385 -0.006974 0.493648 1.570816 0.000047 3.141460 
0.595385 -0.006975 0.493648 1.570816 0.000047 3.141460 
0.595385 -0.006975 0.493648 1.570815 0.000047 3.141460 
0.595386 -0.006975 0.493648 1.570814 0.000047 3.141459 
0.595386 -0.006976 0.493647 1.570814 0.000048 3.141459 
0.595386 -0.006976 0.493647 1.570814 0.000048 3.141459 
0.595386 -0.006975 0.493647 1.570815 0.000048 3.141458 
0.595386 -0.006975 0.493647 1.570815 0.000048 3.141459 
0.595385 -0.006974 0.493647 1.570816 0.000048 3.141459 
0.595385 -0.006974 0.493647 1.570817 0.000048 3.141459 
0.595385 -0.006974 0.493647 1.570817 0.000048 3.141459 
0.595385 -0.006974 0.493647 1.570816 0.000048 3.141459 
0.595386 -0.006975 0.493647 1.570815 0.000048 3.141459 
0.595386 -0.006976 0.493647 1.570814 0.000048 3.141458 
0.595386 -0.006976 0.493647 1.570814 0.000048 3.141458 
0.595386 -0.006976 0.493647 1.570814 0.000048 3.141458 
0.595386 -0.006976 0.493647 1.570814 0.000048 3.141458 
0.595386 -0.006975 0.493647 1.570815 0.000049 3.141458 
0.595386 -0.006975 0.493647 1.570816 0.000049 3.141458 
0.595386 -0.006974 0.493647 1.570817 0.000049 3.141458 
0.595386 -0.006974 0.493647 1.570817 0.000049 3.141458 
0.595386 -0.006974 0.493647 1.570817 0.000049 3.141458 
0.595386 -0.006974 0.493647 1.570816 0.000049 3.141458 
0.595386 -0.006975 0.493647 1.570816 0.000049 3.141458 
0.595386 -0.006975 0.493647 1.570815 0.000049 3.141457 
0.595386 -0.006976 0.493646 1.570814 0.000049 3.141457 
0.595386 -0.006976 0.493646 1.570814 0.000049 3.141457 
0.595386 -0.006976 0.493646 1.570814 0.000049 3.141457 
0.595386 -0.006975 0.493646 1.570814 0.000049 3.141457 
0.595386 -0.006975 0.493646 1.570815 0.000049 3.141457 
0.595386 -0.006975 0.493646 1.570816 0.000049 3.141457 
0.595386 -0.006975 0.493646 1.570816 0.000049 3.141457 
0.595386 -0.006974 0.493646 1.570817 0.000049 3.141457 
0.595386 -0.006975 0.493646 1.570816 0.000049 3.141457 
0.595386 -0.006975 0.493646 1.570816 0.000049 3.141457 
0.595386 -0.006975 0.493646 1.570815 0.000049 3.141457 
0.595386 -0.006975 0.493646 1.570815 0.000049 3.141457 
0.595386 -0.006975 0.493646 1.570815 0.000049 3.141457 
0.595386 -0.006975 0.493646 1.570814 0.000049 3.141457 
0.595386 -0.006975 0.493646 1.570815 0.000049 3.141456 
0.595386 -0.006975 0.493646 1.570815 0.000049 3.141457 
0.595386 -0.006975 0.493646 1.570816 0.000049 3.141457 
0.595386 -0.006975 0.493646 1.570816 0.000049 3.141457 
0.595386 -0.006974 0.493646 1.570817 0.000049 3.141456 
0.595386 -0.006975 0.493646 1.570816 0.000050 3.141456 
0.595386 -0.006975 0.493646 1.570816 0.000050 3.141456 
0.595386 -0.006975 0.493646 1.570815 0.000049 3.141456 
0.595386 -0.006975 0.493646 1.570815 0.000049 3.141456 
0.595386 -0.006975 0.493646 1.570815 0.000049 3.141456 
0.595386 -0.006975 0.493646 1.570815 0.000049 3.141456 
0.595386 -0.006975 0.493646 1.570815 0.000050 3.141456 
0.595386 -0.006975 0.493646 1.570816 0.000050 3.141456 
0.595386 -0.006975 0.493646 1.570816 0.000050 3.141456 
0.595386 -0.006975 0.493646 1.570816 0.000050 3.141456 
0.595386 -0.006975 0.493646 1.570816 0.000050 3.141456 
0.595386 -0.006975 0.493646 1.570816 0.000050 3.141456 
0.595386 -0.006975 0.493646 1.570816 0.000050 3.141456 
0.595386 -0.006975 0.493646 1.570815 0.000050 3.141456 
0.595386 -0.006975 0.493646 1.570815 0.000050 3.141456 
0.595386 -0.006975 0.493646 1.570815 0.000050 3.141455 
0.595386 -0.006975 0.493646 1.570815 0.000050 3.141455 
0.595386 -0.006975 0.493646 1.570815 0.000050 3.141456 
0.595386 -0.006975 0.493646 1.570816 0.000050 3.141456 
0.595386 -0.006975 0.493646 1.570816 0.000050 3.141456 
0.595386 -0.006975 0.493646 1.570816 0.000050 3.141456 
0.595386 -0.006975 0.493646 1.570816 0.000050 3.141455 
0.595386 -0.006975 0.493646 1.570816 0.000050 3.141455 
0.595386 -0.006975 0.493646 1.570816 0.000050 3.141455 
0.595386 -0.006975 0.493646 1.570815 0.000050 3.141455 
0.595386 -0.006975 0.493646 1.570815 0.000050 3.141455 
0.595386 -0.006975 0.493646 1.570815 0.000050 3.141455 
0.595386 -0.006975 0.493646 1.570815 0.000050 3.141455 
0.595386 -0.006975 0.493646 1.570815 0.000050 3.141455 
0.595386 -0.006975 0.493646 1.570816 0.000050 3.141455 
0.595386 -0.006975 0.493646 1.570816 0.000050 3.141455 
0.595386 -0.006975 0.493646 1.570816 0.000050 3.141455 
0.595386 -0.006975 0.493646 1.570816 0.000050 3.141455 
0.595386 -0.006975 0.493646 1.570816 0.000050 3.141455 
0.595386 -0.006975 0.493646 1.570816 0.000050 3.141455 
0.595386 -0.006975 0.493646 1.570815 0.000050 3.141455 
0.595386 -0.006975 0.493646 1.570815 0.000050 3.141455 
0.595386 -0.006975 0.493646 1.570815 0.000050 3.141455 
0.595386 -0.006975 0.493646 1.570815 0.000050 3.141455 
0.595386 -0.006975 0.493646 1.570816 0.000050 3.141455 
0.595386 -0.006975 0.493646 1.570816 0.000050 3.141455 
0.595386 -0.006975 0.493646 1.570816 0.000050 3.141455 
0.595386 -0.006975 0.493646 1.570816 0.000050 3.141455 
0.595386 -0.006975 0.493646 1.570816 0.000050 3.141455 
0.595386 -0.006975 0.493646 1.570816 0.000050 3.141455 
0.595386 -0.006975 0.493646 1.570816 0.000050 3.141455 
0.595386 -0.006975 0.493645 1.570815 0.000050 3.141455 
0.595386 -0.006975 0.493645 1.570815 0.000050 3.141455 
0.595386 -0.006975 0.493645 1.570815 0.000050 3.141455 
0.595386 -0.006975 0.493645 1.570815 0.000050 3.141455 
0.595386 -0.006975 0.493645 1.570816 0.000050 3.141455 
0.595386 -0.006975 0.493645 1.570816 0.000050 3.141455 
0.595386 -0.006975 0.493645 1.570816 0.000050 3.141455 
0.595386 -0.006975 0.493645 1.570816 0.000050 3.141455 
0.595386 -0.006975 0.493645 1.570816 0.000050 3.141455 
0.595386 -0.006975 0.493645 1.570816 0.000050 3.141455 
0.595386 -0.006975 0.493645 1.570816 0.000050 3.141455 
0.595386 -0.006975 0.493645 1.570815 0.000050 3.141455 
0.595386 -0.006975 0.493645 1.570815 0.000050 3.141455 
0.595386 -0.006975 0.493645 1.570815 0.000050 3.141455 
0.595386 -0.006975 0.493645 1.570815 0.000050 3.141454 
0.595386 -0.006975 0.493645 1.570816 0.000050 3.141454 
0.595386 -0.006975 0.493645 1.570816 0.000050 3.141455 
0.595386 -0.006975 0.493645 1.570816 0.000050 3.141454 
0.595386 -0.006975 0.493645 1.570816 0.000050 3.141454 
0.595386 -0.006975 0.493645 1.570816 0.000050 3.141454 
0.595386 -0.006975 0.493645 1.570816 0.000050 3.141454 
0.595386 -0.006975 0.493645 1.570816 0.000050 3.141454 
0.595386 -0.006975 0.493645 1.570815 0.000050 3.141454 
0.595386 -0.006975 0.493645 1.570815 0.000050 3.141454 
0.595386 -0.006975 0.493645 1.570815 0.000050 3.141454 
0.595386 -0.006975 0.493645 1.570815 0.000050 3.141454 
0.595386 -0.006975 0.493645 1.570816 0.000050 3.141454 
0.595386 -0.006975 0.493645 1.570816 0.000050 3.141454 
0.595386 -0.006975 0.493645 1.570816 0.000050 3.141454 
0.595386 -0.006975 0.493645 1.570816 0.000050 3.141454 
0.595386 -0.006975 0.493645 1.570816 0.000050 3.141454 
0.595386 -0.006975 0.493645 1.570816 0.000050 3.141454 
0.595386 -0.006975 0.493645 1.570816 0.000050 3.141454 
0.595386 -0.006975 0.493645 1.570815 0.000050 3.141454 
0.595386 -0.006975 0.493645 1.570815 0.000050 3.141454 
0.595386 -0.006975 0.493645 1.570816 0.000050 3.141454 
0.595386 -0.006975 0.493645 1.570816 0.000050 3.141454 
0.595386 -0.006975 0.493645 1.570816 0.000050 3.141454 
0.595386 -0.006975 0.493645 1.570816 0.000050 3.141454 
0.595386 -0.006975 0.493645 1.570816 0.000050 3.141454 
0.595386 -0.006975 0.493645 1.570817 0.000051 3.141454 
0.595386 -0.006975 0.493645 1.570816 0.000050 3.141454 
0.595386 -0.006975 0.493645 1.570816 0.000051 3.141454 
0.595386 -0.006975 0.493645 1.570816 0.000051 3.141454 
0.595386 -0.006975 0.493645 1.570815 0.000051 3.141454 
0.595386 -0.006975 0.493645 1.570815 0.000050 3.141454 
0.595386 -0.006975 0.493645 1.570815 0.000050 3.141454 
0.595386 -0.006975 0.493645 1.570816 0.000050 3.141454 
0.595386 -0.006975 0.493645 1.570816 0.000050 3.141454 
0.595386 -0.006975 0.493645 1.570816 0.000051 3.141454 
0.595386 -0.006975 0.493645 1.570816 0.000051 3.141454 
0.595386 -0.006975 0.493645 1.570816 0.000050 3.141454 
0.595386 -0.006975 0.493645 1.570816 0.000051 3.141454 
0.595386 -0.006975 0.493645 1.570816 0.000051 3.141454 
0.595386 -0.006975 0.493645 1.570816 0.000051 3.141454 
0.595386 -0.006975 0.493645 1.570816 0.000050 3.141454 
0.595386 -0.006975 0.493645 1.570815 0.000051 3.141454 
0.595386 -0.006975 0.493645 1.570816 0.000051 3.141454 
0.595386 -0.006975 0.493645 1.570816 0.000051 3.141454 
0.595386 -0.006975 0.493645 1.570816 0.000051 3.141454 
0.595386 -0.006975 0.493645 1.570816 0.000051 3.141454 
0.595386 -0.006975 0.493645 1.570816 0.000051 3.141454 
0.595386 -0.006975 0.493645 1.570817 0.000051 3.141454 
0.595386 -0.006975 0.493645 1.570817 0.000051 3.141454 
0.595386 -0.006975 0.493645 1.570816 0.000051 3.141453 
0.595386 -0.006975 0.493645 1.570816 0.000051 3.141454 
0.595386 -0.006975 0.493645 1.570816 0.000051 3.141454 
0.595386 -0.006975 0.493645 1.570816 0.000051 3.141454 
0.595386 -0.006975 0.493645 1.570816 0.000051 3.141454 
0.595386 -0.006975 0.493645 1.570816 0.000051 3.141453 
0.595386 -0.006975 0.493645 1.570816 0.000051 3.141453 
0.595386 -0.006975 0.493645 1.570816 0.000051 3.141453 
0.595386 -0.006975 0.493645 1.570817 0.000051 3.141453 
0.595386 -0.006975 0.493645 1.570817 0.000051 3.141453 
0.595386 -0.006975 0.493645 1.570816 0.000051 3.141454 
0.595386 -0.006975 0.493645 1.570816 0.000051 3.141453 
0.595386 -0.006975 0.493645 1.570816 0.000051 3.141454 
0.595386 -0.006975 0.493645 1.570816 0.000051 3.141453 
0.595386 -0.006975 0.493645 1.570816 0.000051 3.141453 
0.595386 -0.006975 0.493645 1.570816 0.000051 3.141453 
0.595386 -0.006975 0.493645 1.570816 0.000051 3.141453 
0.595386 -0.006975 0.493645 1.570816 0.000051 3.141453 
0.595386 -0.006975 0.493645 1.570816 0.000051 3.141453 
0.595386 -0.006975 0.493645 1.570816 0.000051 3.141453 
0.595386 -0.006975 0.493645 1.570816 0.000051 3.141453 
0.595386 -0.006975 0.493645 1.570816 0.000051 3.141453 
0.595386 -0.006975 0.493645 1.570816 0.000051 3.141453 
0.595386 -0.006975 0.493645 1.570816 0.000051 3.141453 
