0.595479 -0.406665 0.488659 1.571565 0.000039 -3.141148 
0.595479 -0.406665 0.488659 1.571565 0.000038 -3.141148 
0.595479 -0.406665 0.488659 1.571565 0.000039 -3.141148 
0.595479 -0.406665 0.488659 1.571565 0.000039 -3.141148 
0.595479 -0.406665 0.488659 1.571565 0.000038 -3.141147 
0.595479 -0.406665 0.488659 1.571565 0.000038 -3.141148 
0.595479 -0.406665 0.488659 1.571565 0.000038 -3.141148 
0.595479 -0.406665 0.488659 1.571565 0.000039 -3.141148 
0.595479 -0.406665 0.488659 1.571565 0.000038 -3.141148 
0.595479 -0.406665 0.488659 1.571565 0.000039 -3.141148 
0.595479 -0.406665 0.488659 1.571565 0.000038 -3.141148 
0.595479 -0.406665 0.488659 1.571565 0.000039 -3.141148 
0.595479 -0.406665 0.488659 1.571565 0.000039 -3.141147 
0.595479 -0.406665 0.488659 1.571565 0.000038 -3.141148 
0.595479 -0.406665 0.488659 1.571565 0.000038 -3.141148 
0.595479 -0.406665 0.488659 1.571565 0.000038 -3.141148 
0.595479 -0.406665 0.488659 1.571565 0.000038 -3.141148 
0.595479 -0.406665 0.488659 1.571565 0.000038 -3.141148 
0.595479 -0.406665 0.488659 1.571565 0.000038 -3.141148 
0.595479 -0.406665 0.488659 1.571565 0.000039 -3.141147 
0.595479 -0.406665 0.488659 1.571565 0.000038 -3.141147 
0.595479 -0.406665 0.488659 1.571565 0.000038 -3.141147 
0.595479 -0.406665 0.488659 1.571565 0.000038 -3.141148 
0.595479 -0.406665 0.488659 1.571566 0.000038 -3.141148 
0.595479 -0.406665 0.488659 1.571565 0.000038 -3.141148 
0.595479 -0.406665 0.488659 1.571565 0.000038 -3.141148 
0.595479 -0.406665 0.488659 1.571565 0.000038 -3.141148 
0.595479 -0.406665 0.488659 1.571565 0.000038 -3.141148 
0.595479 -0.406665 0.488659 1.571565 0.000038 -3.141148 
0.595479 -0.406665 0.488659 1.571565 0.000038 -3.141148 
0.595479 -0.406665 0.488659 1.571566 0.000038 -3.141148 
0.595479 -0.406665 0.488659 1.571565 0.000038 -3.141148 
0.595479 -0.406665 0.488659 1.571565 0.000038 -3.141147 
0.595479 -0.406665 0.488659 1.571565 0.000039 -3.141148 
0.595479 -0.406665 0.488659 1.571565 0.000038 -3.141148 
0.595479 -0.406665 0.488659 1.571565 0.000038 -3.141148 
0.595479 -0.406665 0.488659 1.571565 0.000038 -3.141148 
0.595479 -0.406665 0.488659 1.571565 0.000038 -3.141148 
0.595479 -0.406665 0.488659 1.571565 0.000038 -3.141148 
0.595479 -0.406665 0.488659 1.571566 0.000038 -3.141148 
0.595479 -0.406665 0.488659 1.571565 0.000038 -3.141148 
0.595479 -0.406665 0.488659 1.571565 0.000038 -3.141148 
0.595479 -0.406665 0.488659 1.571565 0.000038 -3.141148 
0.595479 -0.406665 0.488659 1.571565 0.000038 -3.141148 
0.595479 -0.406665 0.488659 1.571565 0.000038 -3.141148 
0.595479 -0.406665 0.488659 1.571565 0.000038 -3.141148 
0.595479 -0.406665 0.488659 1.571565 0.000038 -3.141148 
0.595479 -0.406665 0.488659 1.571565 0.000038 -3.141148 
0.595479 -0.406665 0.488659 1.571565 0.000038 -3.141148 
0.595479 -0.406665 0.488659 1.571565 0.000038 -3.141148 
0.595479 -0.406665 0.488659 1.571565 0.000038 -3.141148 
0.595479 -0.406665 0.488659 1.571566 0.000038 -3.141148 
0.595479 -0.406665 0.488659 1.571565 0.000038 -3.141148 
0.595479 -0.406665 0.488659 1.571565 0.000038 -3.141148 
0.595479 -0.406665 0.488659 1.571565 0.000038 -3.141148 
0.595479 -0.406665 0.488659 1.571565 0.000039 -3.141148 
0.595479 -0.406665 0.488659 1.571565 0.000039 -3.141148 
0.595479 -0.406665 0.488659 1.571566 0.000038 -3.141148 
0.595479 -0.406665 0.488659 1.571565 0.000039 -3.141148 
0.595479 -0.406665 0.488659 1.571565 0.000038 -3.141148 
0.595479 -0.406665 0.488659 1.571565 0.000038 -3.141148 
0.595479 -0.406665 0.488659 1.571565 0.000039 -3.141148 
0.595479 -0.406665 0.488659 1.571565 0.000038 -3.141148 
0.595479 -0.406665 0.488659 1.571566 0.000039 -3.141148 
0.595479 -0.406665 0.488659 1.571565 0.000038 -3.141148 
0.595479 -0.406665 0.488659 1.571565 0.000038 -3.141148 
0.595479 -0.406665 0.488659 1.571565 0.000039 -3.141148 
0.595479 -0.406665 0.488659 1.571565 0.000038 -3.141148 
0.595479 -0.406665 0.488659 1.571565 0.000038 -3.141148 
0.595479 -0.406665 0.488659 1.571565 0.000039 -3.141148 
0.595479 -0.406665 0.488659 1.571565 0.000039 -3.141148 
0.595479 -0.406665 0.488659 1.571565 0.000039 -3.141148 
0.595479 -0.406665 0.488659 1.571565 0.000038 -3.141148 
0.595479 -0.406665 0.488659 1.571565 0.000039 -3.141148 
0.595479 -0.406641 0.488623 1.571601 -0.000045 -3.141151 
0.595563 -0.406549 0.488345 1.571729 -0.000354 3.141434 
0.595681 -0.406482 0.487815 1.571843 -0.000512 3.140608 
0.595759 -0.406429 0.487264 1.571943 -0.000647 3.140028 
0.595788 -0.406373 0.486797 1.572032 -0.000722 3.139779 
0.595713 -0.406336 0.486519 1.572030 -0.000729 3.140311 
0.595599 -0.406315 0.486316 1.571950 -0.000646 3.141179 
0.595512 -0.406327 0.486179 1.571585 -0.000470 -3.141317 
0.595431 -0.406323 0.486243 1.571063 -0.000282 -3.140564 
0.595382 -0.406320 0.486406 1.570754 -0.000049 -3.140041 
0.595349 -0.406404 0.486619 1.570542 0.000271 -3.139849 
0.595337 -0.406460 0.486916 1.570559 0.000593 -3.139737 
0.595317 -0.406505 0.487311 1.570624 0.000833 -3.139626 
0.595333 -0.406563 0.487686 1.570566 0.000946 -3.139858 
0.595391 -0.406594 0.488009 1.570524 0.000992 -3.140278 
0.595469 -0.406621 0.488311 1.570500 0.000962 -3.140849 
0.595531 -0.406636 0.488584 1.570538 0.000851 -3.141323 
0.595574 -0.406617 0.488774 1.570683 0.000674 3.141582 
0.595579 -0.406587 0.488900 1.570844 0.000460 3.141540 
0.595547 -0.406557 0.488999 1.570879 0.000247 -3.141473 
0.595528 -0.406527 0.489064 1.570911 0.000125 -3.141350 
0.595511 -0.406517 0.489073 1.570900 0.000050 -3.141267 
0.595486 -0.406520 0.489058 1.570881 0.000009 -3.141143 
0.595474 -0.406514 0.489022 1.570865 -0.000009 -3.141054 
0.595476 -0.406506 0.488960 1.570879 -0.000019 -3.141045 
0.595484 -0.406509 0.488865 1.570855 -0.000036 -3.141103 
0.595499 -0.406506 0.488761 1.570843 -0.000103 -3.141207 
0.595502 -0.406497 0.488684 1.570834 -0.000174 -3.141250 
0.595499 -0.406497 0.488628 1.570820 -0.000221 -3.141254 
0.595489 -0.406506 0.488581 1.570802 -0.000242 -3.141235 
0.595476 -0.406510 0.488538 1.570788 -0.000242 -3.141177 
0.595471 -0.406515 0.488512 1.570785 -0.000221 -3.141150 
0.595472 -0.406519 0.488500 1.570784 -0.000193 -3.141151 
0.595471 -0.406522 0.488495 1.570788 -0.000159 -3.141134 
0.595472 -0.406525 0.488495 1.570789 -0.000132 -3.141133 
0.595470 -0.406526 0.488500 1.570790 -0.000121 -3.141119 
0.595467 -0.406525 0.488509 1.570799 -0.000113 -3.141095 
0.595461 -0.406528 0.488527 1.570798 -0.000089 -3.141055 
0.595453 -0.406533 0.488551 1.570796 -0.000059 -3.141004 
0.595443 -0.406538 0.488574 1.570800 -0.000026 -3.140939 
0.595436 -0.406542 0.488592 1.570798 0.000004 -3.140891 
0.595433 -0.406545 0.488602 1.570797 0.000022 -3.140867 
0.595434 -0.406543 0.488606 1.570802 0.000028 -3.140856 
0.595435 -0.406540 0.488609 1.570807 0.000032 -3.140851 
0.595437 -0.406539 0.488610 1.570811 0.000035 -3.140862 
0.595442 -0.406539 0.488611 1.570811 0.000039 -3.140891 
0.595446 -0.406538 0.488612 1.570814 0.000041 -3.140915 
0.595450 -0.406539 0.488613 1.570815 0.000045 -3.140944 
0.595458 -0.406541 0.488613 1.570813 0.000053 -3.140992 
0.595465 -0.406542 0.488612 1.570814 0.000060 -3.141041 
0.595472 -0.406543 0.488612 1.570813 0.000066 -3.141081 
0.595476 -0.406543 0.488612 1.570813 0.000070 -3.141108 
0.595477 -0.406544 0.488612 1.570813 0.000071 -3.141114 
0.595477 -0.406544 0.488612 1.570813 0.000071 -3.141114 
0.595476 -0.406544 0.488612 1.570813 0.000071 -3.141113 
0.595476 -0.406544 0.488613 1.570813 0.000070 -3.141109 
0.595475 -0.406543 0.488615 1.570815 0.000070 -3.141101 
0.595473 -0.406544 0.488618 1.570815 0.000072 -3.141094 
0.595472 -0.406545 0.488620 1.570812 0.000075 -3.141088 
0.595471 -0.406545 0.488622 1.570814 0.000078 -3.141082 
0.595471 -0.406544 0.488622 1.570815 0.000078 -3.141082 
0.595471 -0.406545 0.488622 1.570814 0.000078 -3.141082 
0.595471 -0.406545 0.488623 1.570813 0.000078 -3.141081 
0.595471 -0.406546 0.488623 1.570812 0.000079 -3.141081 
0.595471 -0.406545 0.488623 1.570812 0.000079 -3.141081 
0.595471 -0.406545 0.488623 1.570813 0.000078 -3.141080 
0.595471 -0.406543 0.488624 1.570816 0.000076 -3.141079 
0.595472 -0.406543 0.488624 1.570818 0.000076 -3.141079 
0.595471 -0.406543 0.488624 1.570818 0.000077 -3.141077 
0.595472 -0.406542 0.488625 1.570819 0.000077 -3.141076 
0.595471 -0.406542 0.488625 1.570818 0.000076 -3.141076 
0.595471 -0.406542 0.488625 1.570817 0.000075 -3.141076 
0.595471 -0.406543 0.488625 1.570817 0.000075 -3.141076 
0.595471 -0.406543 0.488625 1.570817 0.000075 -3.141076 
0.595471 -0.406543 0.488626 1.570816 0.000076 -3.141075 
0.595470 -0.406544 0.488626 1.570814 0.000076 -3.141074 
0.595470 -0.406544 0.488626 1.570814 0.000076 -3.141073 
0.595470 -0.406543 0.488626 1.570816 0.000076 -3.141073 
0.595471 -0.406543 0.488626 1.570817 0.000077 -3.141073 
0.595471 -0.406543 0.488626 1.570818 0.000077 -3.141073 
0.595471 -0.406543 0.488626 1.570817 0.000076 -3.141073 
0.595471 -0.406543 0.488626 1.570817 0.000076 -3.141073 
0.595471 -0.406543 0.488627 1.570817 0.000076 -3.141073 
0.595471 -0.406543 0.488627 1.570817 0.000075 -3.141073 
0.595470 -0.406543 0.488627 1.570816 0.000075 -3.141072 
0.595470 -0.406544 0.488628 1.570814 0.000074 -3.141072 
0.595470 -0.406544 0.488628 1.570814 0.000074 -3.141072 
0.595470 -0.406544 0.488628 1.570815 0.000074 -3.141072 
0.595470 -0.406543 0.488628 1.570815 0.000074 -3.141072 
0.595470 -0.406543 0.488628 1.570815 0.000074 -3.141072 
0.595470 -0.406543 0.488628 1.570815 0.000074 -3.141072 
0.595470 -0.406543 0.488628 1.570815 0.000073 -3.141072 
0.595470 -0.406543 0.488629 1.570816 0.000073 -3.141072 
0.595470 -0.406543 0.488629 1.570815 0.000072 -3.141071 
0.595470 -0.406543 0.488630 1.570814 0.000072 -3.141071 
0.595470 -0.406543 0.488630 1.570814 0.000071 -3.141070 
0.595470 -0.406543 0.488631 1.570814 0.000071 -3.141070 
0.595470 -0.406543 0.488631 1.570813 0.000071 -3.141070 
0.595470 -0.406543 0.488631 1.570813 0.000071 -3.141070 
0.595470 -0.406543 0.488631 1.570813 0.000071 -3.141070 
0.595470 -0.406542 0.488631 1.570814 0.000070 -3.141071 
0.595470 -0.406542 0.488631 1.570815 0.000070 -3.141071 
0.595471 -0.406542 0.488631 1.570816 0.000070 -3.141070 
0.595470 -0.406542 0.488632 1.570816 0.000069 -3.141070 
0.595470 -0.406541 0.488632 1.570816 0.000068 -3.141069 
0.595470 -0.406542 0.488634 1.570815 0.000067 -3.141068 
0.595470 -0.406542 0.488634 1.570814 0.000066 -3.141068 
0.595470 -0.406542 0.488634 1.570813 0.000066 -3.141068 
0.595470 -0.406542 0.488634 1.570813 0.000066 -3.141068 
0.595470 -0.406542 0.488634 1.570813 0.000066 -3.141068 
0.595470 -0.406542 0.488634 1.570813 0.000066 -3.141069 
0.595470 -0.406541 0.488634 1.570815 0.000066 -3.141069 
0.595470 -0.406541 0.488634 1.570815 0.000066 -3.141069 
0.595470 -0.406541 0.488634 1.570815 0.000066 -3.141069 
0.595470 -0.406541 0.488634 1.570815 0.000066 -3.141068 
0.595470 -0.406541 0.488635 1.570815 0.000065 -3.141068 
0.595470 -0.406541 0.488635 1.570815 0.000065 -3.141068 
0.595470 -0.406542 0.488635 1.570814 0.000065 -3.141068 
0.595470 -0.406542 0.488635 1.570813 0.000065 -3.141068 
0.595470 -0.406542 0.488635 1.570813 0.000065 -3.141069 
0.595470 -0.406542 0.488635 1.570812 0.000065 -3.141069 
0.595470 -0.406542 0.488634 1.570813 0.000065 -3.141069 
0.595470 -0.406542 0.488634 1.570814 0.000065 -3.141069 
0.595470 -0.406541 0.488634 1.570814 0.000065 -3.141069 
0.595470 -0.406541 0.488635 1.570816 0.000064 -3.141069 
0.595470 -0.406541 0.488635 1.570815 0.000064 -3.141069 
0.595470 -0.406541 0.488635 1.570815 0.000064 -3.141069 
0.595470 -0.406541 0.488635 1.570815 0.000064 -3.141068 
0.595470 -0.406542 0.488635 1.570814 0.000064 -3.141069 
0.595470 -0.406542 0.488635 1.570813 0.000064 -3.141069 
0.595470 -0.406542 0.488635 1.570813 0.000064 -3.141069 
0.595470 -0.406542 0.488635 1.570813 0.000064 -3.141069 
0.595470 -0.406542 0.488635 1.570813 0.000064 -3.141070 
0.595470 -0.406541 0.488635 1.570815 0.000064 -3.141070 
0.595470 -0.406541 0.488635 1.570815 0.000063 -3.141069 
0.595470 -0.406541 0.488635 1.570815 0.000064 -3.141069 
0.595470 -0.406541 0.488635 1.570816 0.000063 -3.141069 
0.595470 -0.406541 0.488636 1.570815 0.000063 -3.141069 
0.595470 -0.406541 0.488636 1.570815 0.000063 -3.141068 
0.595470 -0.406541 0.488636 1.570814 0.000063 -3.141068 
0.595470 -0.406542 0.488636 1.570813 0.000063 -3.141069 
0.595470 -0.406542 0.488636 1.570813 0.000063 -3.141069 
0.595470 -0.406542 0.488636 1.570813 0.000063 -3.141069 
0.595470 -0.406541 0.488635 1.570814 0.000063 -3.141070 
0.595470 -0.406541 0.488635 1.570814 0.000062 -3.141070 
0.595470 -0.406541 0.488635 1.570815 0.000062 -3.141070 
0.595470 -0.406540 0.488636 1.570816 0.000062 -3.141069 
0.595470 -0.406541 0.488636 1.570815 0.000062 -3.141069 
0.595470 -0.406541 0.488636 1.570815 0.000062 -3.141069 
0.595470 -0.406541 0.488636 1.570814 0.000062 -3.141069 
0.595470 -0.406542 0.488636 1.570813 0.000062 -3.141069 
0.595470 -0.406542 0.488636 1.570813 0.000062 -3.141069 
0.595470 -0.406542 0.488636 1.570812 0.000062 -3.141070 
0.595470 -0.406542 0.488636 1.570813 0.000062 -3.141070 
0.595470 -0.406541 0.488636 1.570814 0.000062 -3.141071 
0.595470 -0.406541 0.488636 1.570814 0.000061 -3.141070 
0.595470 -0.406541 0.488636 1.570815 0.000061 -3.141070 
0.595470 -0.406541 0.488636 1.570815 0.000061 -3.141070 
0.595470 -0.406541 0.488636 1.570815 0.000061 -3.141070 
0.595470 -0.406541 0.488636 1.570814 0.000061 -3.141070 
0.595470 -0.406541 0.488636 1.570814 0.000061 -3.141070 
0.595470 -0.406541 0.488636 1.570814 0.000061 -3.141070 
0.595470 -0.406542 0.488636 1.570813 0.000061 -3.141070 
0.595470 -0.406542 0.488636 1.570813 0.000061 -3.141070 
0.595470 -0.406541 0.488636 1.570813 0.000061 -3.141070 
0.595470 -0.406541 0.488636 1.570813 0.000061 -3.141071 
0.595470 -0.406541 0.488636 1.570814 0.000061 -3.141070 
0.595470 -0.406541 0.488636 1.570815 0.000061 -3.141070 
0.595470 -0.406540 0.488636 1.570815 0.000061 -3.141070 
0.595470 -0.406540 0.488636 1.570815 0.000061 -3.141070 
0.595470 -0.406540 0.488636 1.570815 0.000061 -3.141070 
0.595470 -0.406541 0.488637 1.570815 0.000061 -3.141069 
0.595470 -0.406541 0.488637 1.570813 0.000061 -3.141070 
0.595470 -0.406541 0.488636 1.570813 0.000060 -3.141070 
0.595470 -0.406542 0.488636 1.570813 0.000061 -3.141070 
0.595470 -0.406541 0.488636 1.570813 0.000060 -3.141071 
0.595470 -0.406541 0.488636 1.570814 0.000060 -3.141071 
0.595470 -0.406541 0.488636 1.570814 0.000060 -3.141071 
0.595470 -0.406540 0.488636 1.570815 0.000061 -3.141070 
0.595470 -0.406540 0.488636 1.570816 0.000060 -3.141070 
0.595470 -0.406540 0.488637 1.570816 0.000060 -3.141070 
0.595470 -0.406540 0.488637 1.570816 0.000060 -3.141070 
0.595470 -0.406541 0.488637 1.570814 0.000060 -3.141070 
0.595470 -0.406541 0.488637 1.570814 0.000060 -3.141070 
0.595470 -0.406541 0.488636 1.570813 0.000060 -3.141071 
0.595470 -0.406541 0.488636 1.570813 0.000060 -3.141071 
0.595470 -0.406541 0.488636 1.570813 0.000060 -3.141071 
0.595470 -0.406541 0.488636 1.570814 0.000060 -3.141071 
0.595470 -0.406541 0.488636 1.570815 0.000060 -3.141071 
0.595470 -0.406540 0.488636 1.570815 0.000060 -3.141071 
0.595470 -0.406540 0.488636 1.570816 0.000060 -3.141070 
0.595470 -0.406540 0.488636 1.570816 0.000060 -3.141070 
0.595470 -0.406540 0.488636 1.570815 0.000060 -3.141070 
0.595470 -0.406541 0.488636 1.570815 0.000060 -3.141070 
0.595470 -0.406541 0.488636 1.570814 0.000060 -3.141070 
0.595470 -0.406541 0.488636 1.570813 0.000060 -3.141071 
0.595470 -0.406541 0.488636 1.570813 0.000060 -3.141071 
0.595470 -0.406541 0.488636 1.570814 0.000060 -3.141071 
0.595470 -0.406541 0.488636 1.570815 0.000060 -3.141071 
0.595470 -0.406540 0.488636 1.570815 0.000060 -3.141071 
0.595470 -0.406540 0.488636 1.570815 0.000060 -3.141071 
0.595470 -0.406540 0.488636 1.570815 0.000060 -3.141070 
0.595470 -0.406540 0.488636 1.570815 0.000060 -3.141070 
0.595470 -0.406540 0.488636 1.570815 0.000060 -3.141070 
0.595470 -0.406541 0.488636 1.570814 0.000060 -3.141070 
0.595470 -0.406541 0.488636 1.570814 0.000060 -3.141071 
0.595470 -0.406541 0.488636 1.570814 0.000060 -3.141071 
0.595470 -0.406541 0.488636 1.570813 0.000060 -3.141071 
0.595470 -0.406541 0.488636 1.570814 0.000060 -3.141071 
0.595476 -0.406527 0.488606 1.570847 0.000060 -3.141082 
0.595484 -0.406507 0.488587 1.570887 0.000048 -3.141105 
0.595493 -0.406489 0.488573 1.570928 0.000044 -3.141125 
0.595514 -0.406463 0.488530 1.570982 0.000056 -3.141187 
0.595564 -0.406417 0.488414 1.571072 0.000125 -3.141334 
0.595631 -0.406330 0.488307 1.571158 0.000207 -3.141454 
0.595724 -0.406182 0.488208 1.571125 0.000300 -3.141555 
0.595860 -0.405933 0.488110 1.571038 0.000400 3.141532 
0.596053 -0.405504 0.488006 1.570977 0.000504 3.141426 
0.596305 -0.404881 0.487903 1.570955 0.000620 3.141329 
0.596602 -0.404106 0.487813 1.570753 0.000739 3.141257 
0.596959 -0.403137 0.487749 1.570479 0.000837 3.141213 
0.597396 -0.401939 0.487712 1.570207 0.000919 3.141200 
0.597917 -0.400489 0.487704 1.570000 0.000984 3.141224 
0.598511 -0.398812 0.487730 1.569817 0.001027 3.141286 
0.599193 -0.396879 0.487780 1.569668 0.001049 3.141384 
0.599955 -0.394697 0.487873 1.569555 0.001051 3.141529 
0.600793 -0.392261 0.488005 1.569488 0.001001 -3.141487 
0.601729 -0.389547 0.488138 1.569546 0.000952 -3.141332 
0.602755 -0.386548 0.488271 1.569725 0.000892 -3.141189 
0.603869 -0.383270 0.488408 1.569996 0.000823 -3.141053 
0.605046 -0.379771 0.488547 1.570243 0.000750 -3.140943 
0.606257 -0.376138 0.488679 1.570291 0.000693 -3.140908 
0.607496 -0.372345 0.488798 1.570250 0.000680 -3.140935 
0.608753 -0.368352 0.488924 1.570234 0.000654 -3.140947 
0.610038 -0.364170 0.489061 1.570316 0.000632 -3.140942 
0.611342 -0.359790 0.489187 1.570406 0.000588 -3.140960 
0.612647 -0.355299 0.489296 1.570511 0.000572 -3.140978 
0.613934 -0.350778 0.489401 1.570588 0.000563 -3.141004 
0.615173 -0.346267 0.489510 1.570615 0.000538 -3.141002 
0.616362 -0.341731 0.489591 1.570721 0.000533 -3.140931 
0.617536 -0.337134 0.489664 1.570921 0.000530 -3.140857 
0.618693 -0.332490 0.489751 1.571184 0.000519 -3.140781 
0.619814 -0.327775 0.489830 1.571607 0.000506 -3.140716 
0.620869 -0.323101 0.489895 1.571981 0.000512 -3.140653 
0.621852 -0.318559 0.489969 1.572065 0.000517 -3.140583 
0.622787 -0.314050 0.490035 1.572091 0.000533 -3.140534 
0.623689 -0.309495 0.490089 1.572212 0.000539 -3.140493 
0.624562 -0.304948 0.490155 1.572291 0.000538 -3.140451 
0.625387 -0.300427 0.490225 1.572321 0.000531 -3.140401 
0.626160 -0.295955 0.490288 1.572274 0.000567 -3.140363 
0.626897 -0.291579 0.490356 1.572013 0.000613 -3.140408 
0.627596 -0.287210 0.490431 1.571734 0.000631 -3.140470 
0.628262 -0.282774 0.490488 1.571624 0.000662 -3.140515 
0.628906 -0.278294 0.490546 1.571571 0.000692 -3.140542 
0.629519 -0.273796 0.490609 1.571553 0.000695 -3.140597 
0.630083 -0.269319 0.490658 1.571515 0.000718 -3.140647 
0.630601 -0.264909 0.490704 1.571348 0.000743 -3.140699 
0.631084 -0.260525 0.490759 1.571105 0.000757 -3.140759 
0.631531 -0.256082 0.490809 1.571015 0.000774 -3.140819 
0.631948 -0.251571 0.490863 1.571057 0.000778 -3.140849 
0.632331 -0.247058 0.490934 1.571091 0.000767 -3.140819 
0.632668 -0.242570 0.490999 1.571081 0.000768 -3.140788 
0.632955 -0.238130 0.491049 1.571006 0.000792 -3.140757 
0.633216 -0.233724 0.491107 1.570841 0.000802 -3.140742 
0.633447 -0.229285 0.491165 1.570760 0.000804 -3.140742 
0.633646 -0.224786 0.491216 1.570803 0.000810 -3.140725 
0.633821 -0.220281 0.491280 1.570844 0.000804 -3.140712 
0.633950 -0.215817 0.491344 1.570807 0.000783 -3.140713 
0.634019 -0.211413 0.491393 1.570723 0.000808 -3.140695 
0.634053 -0.207014 0.491444 1.570629 0.000828 -3.140681 
0.634053 -0.202586 0.491509 1.570593 0.000816 -3.140673 
0.634009 -0.198099 0.491565 1.570706 0.000817 -3.140665 
0.633931 -0.193610 0.491616 1.570847 0.000827 -3.140651 
0.633825 -0.189147 0.491674 1.570926 0.000814 -3.140664 
0.633677 -0.184757 0.491723 1.570877 0.000823 -3.140667 
0.633492 -0.180378 0.491772 1.570822 0.000844 -3.140641 
0.633287 -0.176004 0.491836 1.570738 0.000831 -3.140629 
0.633045 -0.171585 0.491901 1.570774 0.000813 -3.140619 
0.632767 -0.167158 0.491958 1.570839 0.000824 -3.140591 
0.632460 -0.162776 0.492017 1.570821 0.000831 -3.140572 
0.632114 -0.158457 0.492071 1.570702 0.000820 -3.140609 
0.631723 -0.154139 0.492112 1.570637 0.000829 -3.140647 
0.631306 -0.149809 0.492156 1.570584 0.000828 -3.140686 
0.630848 -0.145432 0.492210 1.570653 0.000798 -3.140738 
0.630349 -0.141051 0.492256 1.570763 0.000786 -3.140784 
0.629820 -0.136712 0.492299 1.570821 0.000780 -3.140834 
0.629256 -0.132439 0.492350 1.570739 0.000756 -3.140897 
0.628648 -0.128173 0.492399 1.570695 0.000736 -3.140950 
0.628011 -0.123883 0.492447 1.570711 0.000701 -3.141009 
0.627346 -0.119571 0.492506 1.570774 0.000637 -3.141077 
0.626647 -0.115252 0.492562 1.570877 0.000571 -3.141155 
0.625900 -0.110979 0.492608 1.570929 0.000556 -3.141156 
0.625126 -0.106802 0.492652 1.570807 0.000572 -3.141127 
0.624313 -0.102634 0.492698 1.570710 0.000588 -3.141101 
0.623459 -0.098432 0.492742 1.570714 0.000597 -3.141068 
0.622580 -0.094210 0.492797 1.570757 0.000596 -3.141027 
0.621670 -0.090000 0.492853 1.570795 0.000593 -3.141006 
0.620720 -0.085837 0.492898 1.570803 0.000615 -3.140989 
0.619747 -0.081749 0.492938 1.570689 0.000642 -3.140989 
0.618740 -0.077672 0.492988 1.570567 0.000636 -3.141008 
0.617679 -0.073556 0.493032 1.570591 0.000641 -3.141013 
0.616583 -0.069411 0.493081 1.570698 0.000638 -3.141006 
0.615467 -0.065271 0.493135 1.570806 0.000584 -3.141062 
0.614320 -0.061186 0.493178 1.570837 0.000548 -3.141132 
0.613143 -0.057166 0.493218 1.570783 0.000535 -3.141175 
0.611938 -0.053171 0.493266 1.570698 0.000512 -3.141212 
0.610695 -0.049195 0.493313 1.570676 0.000492 -3.141242 
0.609432 -0.045260 0.493356 1.570686 0.000478 -3.141247 
0.608193 -0.041449 0.493403 1.570709 0.000454 -3.141252 
0.606980 -0.037802 0.493445 1.570740 0.000431 -3.141263 
0.605789 -0.034354 0.493480 1.570818 0.000412 -3.141246 
0.604646 -0.031095 0.493518 1.570909 0.000381 -3.141224 
0.603545 -0.028007 0.493562 1.571098 0.000331 -3.141198 
0.602490 -0.025083 0.493604 1.571388 0.000274 -3.141183 
0.601499 -0.022362 0.493641 1.571712 0.000209 -3.141188 
0.600581 -0.019874 0.493672 1.571940 0.000153 -3.141202 
0.599750 -0.017662 0.493698 1.572008 0.000120 -3.141213 
0.598993 -0.015708 0.493716 1.571982 0.000084 -3.141239 
0.598315 -0.013997 0.493728 1.571822 0.000059 -3.141276 
0.597701 -0.012478 0.493742 1.571695 0.000045 -3.141292 
0.597159 -0.011157 0.493752 1.571574 0.000026 -3.141322 
0.596689 -0.010016 0.493759 1.571488 0.000013 -3.141351 
0.596294 -0.009076 0.493763 1.571378 0.000001 -3.141382 
0.595980 -0.008329 0.493765 1.571266 -0.000009 -3.141424 
0.595746 -0.007774 0.493765 1.571122 -0.000020 -3.141467 
0.595582 -0.007383 0.493765 1.571059 -0.000028 -3.141500 
0.595476 -0.007109 0.493762 1.571055 -0.000042 -3.141542 
0.595422 -0.006947 0.493757 1.571121 -0.000055 -3.141591 
0.595407 -0.006882 0.493752 1.571118 -0.000067 3.141543 
0.595409 -0.006881 0.493740 1.571043 -0.000067 3.141482 
0.595414 -0.006930 0.493727 1.570914 -0.000030 3.141458 
0.595417 -0.007006 0.493714 1.570761 0.000013 3.141442 
0.595419 -0.007091 0.493702 1.570604 0.000040 3.141419 
0.595422 -0.007180 0.493691 1.570435 0.000057 3.141404 
0.595424 -0.007253 0.493679 1.570298 0.000075 3.141388 
0.595425 -0.007309 0.493670 1.570190 0.000087 3.141374 
0.595425 -0.007346 0.493666 1.570142 0.000093 3.141368 
0.595425 -0.007360 0.493665 1.570122 0.000095 3.141367 
0.595425 -0.007354 0.493664 1.570134 0.000095 3.141366 
0.595425 -0.007337 0.493664 1.570164 0.000094 3.141366 
0.595425 -0.007312 0.493665 1.570205 0.000094 3.141366 
0.595425 -0.007285 0.493665 1.570252 0.000092 3.141367 
0.595425 -0.007250 0.493666 1.570309 0.000091 3.141369 
0.595425 -0.007219 0.493667 1.570361 0.000089 3.141372 
0.595424 -0.007193 0.493668 1.570407 0.000089 3.141374 
0.595423 -0.007171 0.493676 1.570440 0.000077 3.141387 
0.595419 -0.007152 0.493690 1.570468 0.000055 3.141410 
0.595416 -0.007132 0.493703 1.570496 0.000035 3.141431 
0.595413 -0.007115 0.493714 1.570520 0.000019 3.141450 
0.595411 -0.007101 0.493723 1.570539 0.000006 3.141465 
0.595410 -0.007089 0.493729 1.570557 -0.000004 3.141475 
0.595409 -0.007079 0.493734 1.570572 -0.000011 3.141483 
0.595408 -0.007070 0.493737 1.570585 -0.000017 3.141489 
0.595407 -0.007061 0.493739 1.570600 -0.000020 3.141492 
0.595407 -0.007052 0.493741 1.570616 -0.000022 3.141494 
0.595407 -0.007043 0.493742 1.570630 -0.000025 3.141497 
0.595407 -0.007037 0.493743 1.570640 -0.000026 3.141499 
0.595406 -0.007032 0.493744 1.570648 -0.000027 3.141500 
0.595407 -0.007029 0.493745 1.570653 -0.000028 3.141501 
0.595407 -0.007024 0.493745 1.570661 -0.000028 3.141501 
0.595407 -0.007020 0.493744 1.570668 -0.000027 3.141500 
0.595407 -0.007016 0.493743 1.570675 -0.000026 3.141499 
0.595407 -0.007012 0.493742 1.570683 -0.000024 3.141497 
0.595408 -0.007006 0.493740 1.570692 -0.000020 3.141493 
0.595409 -0.007001 0.493738 1.570702 -0.000017 3.141490 
0.595409 -0.006996 0.493737 1.570710 -0.000016 3.141488 
0.595409 -0.006992 0.493737 1.570718 -0.000016 3.141487 
0.595409 -0.006988 0.493736 1.570724 -0.000016 3.141487 
0.595409 -0.006984 0.493736 1.570731 -0.000015 3.141487 
0.595409 -0.006981 0.493736 1.570736 -0.000015 3.141487 
0.595409 -0.006981 0.493736 1.570737 -0.000015 3.141487 
0.595409 -0.006981 0.493737 1.570736 -0.000015 3.141487 
0.595409 -0.006982 0.493736 1.570734 -0.000015 3.141487 
0.595409 -0.006985 0.493736 1.570730 -0.000015 3.141487 
0.595409 -0.006989 0.493736 1.570724 -0.000015 3.141487 
0.595409 -0.006992 0.493736 1.570718 -0.000015 3.141487 
0.595409 -0.006996 0.493736 1.570712 -0.000015 3.141487 
0.595409 -0.006998 0.493736 1.570708 -0.000015 3.141487 
0.595409 -0.007000 0.493736 1.570705 -0.000015 3.141487 
0.595409 -0.007001 0.493736 1.570702 -0.000015 3.141487 
0.595409 -0.007003 0.493736 1.570700 -0.000015 3.141487 
0.595409 -0.007003 0.493736 1.570700 -0.000015 3.141487 
0.595409 -0.007003 0.493736 1.570700 -0.000015 3.141487 
0.595409 -0.007003 0.493736 1.570699 -0.000015 3.141487 
0.595409 -0.007004 0.493736 1.570698 -0.000015 3.141487 
0.595409 -0.007005 0.493736 1.570697 -0.000015 3.141487 
0.595409 -0.007005 0.493736 1.570696 -0.000015 3.141487 
0.595409 -0.007005 0.493736 1.570695 -0.000015 3.141487 
0.595409 -0.007005 0.493736 1.570695 -0.000015 3.141487 
0.595409 -0.007005 0.493736 1.570696 -0.000015 3.141487 
0.595409 -0.007005 0.493736 1.570696 -0.000015 3.141487 
0.595409 -0.007005 0.493736 1.570696 -0.000015 3.141487 
0.595409 -0.007005 0.493736 1.570696 -0.000015 3.141487 
0.595409 -0.007006 0.493736 1.570695 -0.000015 3.141487 
0.595409 -0.007006 0.493736 1.570695 -0.000015 3.141487 
0.595409 -0.007006 0.493736 1.570695 -0.000015 3.141487 
0.595409 -0.007006 0.493736 1.570695 -0.000015 3.141487 
0.595409 -0.007006 0.493736 1.570694 -0.000015 3.141487 
0.595409 -0.007006 0.493736 1.570694 -0.000015 3.141487 
0.595409 -0.007006 0.493736 1.570694 -0.000015 3.141487 
0.595409 -0.007006 0.493736 1.570694 -0.000015 3.141487 
0.595409 -0.007006 0.493736 1.570695 -0.000015 3.141487 
0.595409 -0.007006 0.493736 1.570695 -0.000015 3.141487 
0.595409 -0.007006 0.493736 1.570695 -0.000015 3.141487 
0.595409 -0.007006 0.493736 1.570695 -0.000015 3.141487 
0.595409 -0.007006 0.493736 1.570694 -0.000015 3.141487 
0.595409 -0.007008 0.493736 1.570691 -0.000015 3.141487 
0.595409 -0.007010 0.493736 1.570688 -0.000015 3.141487 
0.595409 -0.007011 0.493736 1.570687 -0.000015 3.141487 
0.595409 -0.007011 0.493736 1.570687 -0.000015 3.141487 
0.595409 -0.007011 0.493736 1.570687 -0.000015 3.141487 
0.595409 -0.007010 0.493736 1.570688 -0.000015 3.141487 
0.595409 -0.007009 0.493736 1.570689 -0.000015 3.141487 
0.595409 -0.007008 0.493736 1.570691 -0.000015 3.141487 
0.595409 -0.007007 0.493736 1.570693 -0.000015 3.141487 
0.595409 -0.007006 0.493736 1.570694 -0.000015 3.141487 
0.595409 -0.007006 0.493736 1.570695 -0.000015 3.141487 
0.595409 -0.007006 0.493736 1.570695 -0.000015 3.141487 
0.595409 -0.007006 0.493736 1.570695 -0.000015 3.141487 
0.595409 -0.007005 0.493736 1.570696 -0.000015 3.141487 
0.595409 -0.007005 0.493736 1.570696 -0.000015 3.141487 
0.595409 -0.007005 0.493736 1.570697 -0.000015 3.141487 
0.595409 -0.007004 0.493736 1.570697 -0.000015 3.141487 
0.595409 -0.007004 0.493736 1.570698 -0.000015 3.141487 
0.595409 -0.007004 0.493736 1.570698 -0.000015 3.141487 
0.595409 -0.007004 0.493736 1.570698 -0.000015 3.141487 
0.595409 -0.007004 0.493736 1.570698 -0.000015 3.141487 
0.595409 -0.007004 0.493736 1.570698 -0.000015 3.141487 
0.595409 -0.007004 0.493736 1.570698 -0.000015 3.141487 
0.595409 -0.007004 0.493736 1.570698 -0.000015 3.141487 
0.595409 -0.007004 0.493736 1.570698 -0.000015 3.141487 
0.595409 -0.007004 0.493736 1.570698 -0.000015 3.141487 
0.595409 -0.007004 0.493736 1.570698 -0.000015 3.141487 
0.595409 -0.007004 0.493736 1.570698 -0.000015 3.141487 
0.595409 -0.007004 0.493736 1.570698 -0.000015 3.141487 
0.595409 -0.007004 0.493736 1.570698 -0.000015 3.141487 
0.595409 -0.007004 0.493736 1.570698 -0.000015 3.141487 
0.595409 -0.007004 0.493736 1.570698 -0.000015 3.141487 
0.595409 -0.007004 0.493736 1.570698 -0.000015 3.141487 
0.595409 -0.007004 0.493736 1.570698 -0.000015 3.141486 
0.595409 -0.007004 0.493736 1.570698 -0.000015 3.141487 
0.595409 -0.007004 0.493736 1.570698 -0.000015 3.141487 
0.595409 -0.007004 0.493736 1.570698 -0.000015 3.141487 
0.595409 -0.007004 0.493736 1.570698 -0.000015 3.141487 
0.595409 -0.007004 0.493736 1.570698 -0.000015 3.141487 
0.595409 -0.007004 0.493736 1.570698 -0.000015 3.141487 
0.595409 -0.007004 0.493736 1.570698 -0.000015 3.141487 
0.595409 -0.007004 0.493736 1.570698 -0.000015 3.141487 
0.595409 -0.007004 0.493736 1.570699 -0.000015 3.141487 
0.595409 -0.007004 0.493736 1.570698 -0.000015 3.141487 
0.595409 -0.007004 0.493736 1.570698 -0.000015 3.141487 
0.595409 -0.007004 0.493736 1.570698 -0.000015 3.141487 
0.595409 -0.007004 0.493736 1.570698 -0.000015 3.141487 
0.595409 -0.007004 0.493736 1.570698 -0.000015 3.141487 
0.595409 -0.007004 0.493736 1.570699 -0.000015 3.141487 
0.595409 -0.007004 0.493736 1.570698 -0.000015 3.141487 
0.595409 -0.007004 0.493736 1.570699 -0.000015 3.141487 
0.595409 -0.007003 0.493736 1.570699 -0.000015 3.141487 
0.595409 -0.007003 0.493736 1.570699 -0.000015 3.141487 
0.595409 -0.007004 0.493736 1.570699 -0.000015 3.141487 
0.595409 -0.007004 0.493736 1.570699 -0.000015 3.141487 
0.595409 -0.007004 0.493736 1.570699 -0.000015 3.141487 
0.595409 -0.007004 0.493736 1.570699 -0.000015 3.141486 
0.595409 -0.007004 0.493736 1.570699 -0.000015 3.141486 
0.595409 -0.007004 0.493736 1.570698 -0.000015 3.141487 
0.595409 -0.007004 0.493736 1.570699 -0.000015 3.141486 
0.595409 -0.007004 0.493736 1.570699 -0.000015 3.141487 
0.595409 -0.007004 0.493736 1.570699 -0.000015 3.141487 
0.595409 -0.007004 0.493736 1.570699 -0.000015 3.141487 
0.595409 -0.007003 0.493736 1.570699 -0.000015 3.141487 
0.595409 -0.007004 0.493736 1.570699 -0.000015 3.141487 
0.595409 -0.007004 0.493736 1.570699 -0.000015 3.141487 
0.595409 -0.007004 0.493736 1.570699 -0.000015 3.141486 
0.595409 -0.007004 0.493736 1.570699 -0.000015 3.141487 
0.595409 -0.007004 0.493736 1.570699 -0.000015 3.141487 
0.595409 -0.007004 0.493736 1.570699 -0.000015 3.141487 
0.595409 -0.007004 0.493736 1.570699 -0.000015 3.141486 
0.595409 -0.007003 0.493736 1.570699 -0.000015 3.141487 
0.595409 -0.007003 0.493736 1.570699 -0.000015 3.141487 
0.595409 -0.007003 0.493736 1.570699 -0.000015 3.141487 
0.595409 -0.007003 0.493736 1.570699 -0.000015 3.141487 
0.595409 -0.007003 0.493736 1.570699 -0.000015 3.141487 
0.595409 -0.007004 0.493736 1.570699 -0.000015 3.141487 
0.595409 -0.007004 0.493736 1.570699 -0.000015 3.141486 
