-0.000003 -0.000009 0.000002 -0.000008 0.000002 -0.000024 
0.000003 0.000007 0.000000 -0.000019 0.000003 0.000018 
-0.000001 0.000000 0.000000 0.000020 0.000003 -0.000000 
0.000004 0.000001 -0.000008 -0.000001 0.000013 -0.000018 
-0.000007 -0.000010 0.000011 -0.000005 -0.000022 -0.000006 
0.000006 0.000007 -0.000011 -0.000007 0.000024 0.000012 
0.000003 -0.000004 -0.000004 0.000006 0.000009 -0.000012 
0.000003 0.000011 0.000008 0.000019 -0.000022 0.000030 
0.000004 0.000004 -0.000011 -0.000026 0.000027 0.000000 
-0.000012 -0.000014 0.000011 0.000018 -0.000031 -0.000006 
0.000003 0.000009 0.000000 -0.000010 0.000013 -0.000012 
-0.000002 -0.000001 0.000006 0.000009 -0.000016 0.000018 
-0.000001 -0.000003 0.000004 0.000007 -0.000004 -0.000006 
0.000003 -0.000002 -0.000005 -0.000020 0.000023 -0.000012 
-0.000001 0.000004 -0.000004 0.000003 -0.000009 0.000012 
0.000001 -0.000004 -0.000006 -0.000007 0.000010 -0.000012 
0.000002 0.000003 -0.000009 0.000007 0.000023 0.000012 
0.000003 -0.000003 0.000004 -0.000004 0.000009 -0.000012 
-0.000002 0.000008 0.000000 -0.000003 -0.000018 -0.000000 
-0.000006 -0.000003 0.000013 0.000021 -0.000036 0.000018 
-0.000002 -0.000002 0.000008 -0.000009 -0.000000 -0.000006 
-0.000002 0.000008 0.000012 -0.000005 -0.000022 0.000018 
0.000003 -0.000008 -0.000012 0.000006 0.000028 -0.000018 
0.000005 0.000013 -0.000013 -0.000000 0.000010 0.000030 
-0.000003 -0.000020 -0.000002 -0.000002 0.000011 -0.000048 
0.000003 0.000002 -0.000002 -0.000003 0.000005 -0.000018 
-0.000002 -0.000001 -0.000002 -0.000004 -0.000001 0.000018 
0.000002 0.000000 -0.000002 -0.000002 0.000011 0.000000 
0.000000 0.000010 0.000000 -0.000001 -0.000006 0.000024 
0.000003 0.000002 0.000004 -0.000003 0.000009 0.000000 
-0.000001 0.000006 0.000004 0.000005 -0.000016 0.000018 
-0.000005 -0.000007 0.000021 0.000001 -0.000023 -0.000006 
-0.000003 -0.000008 -0.000008 0.000008 -0.000012 -0.000018 
0.000002 -0.000004 -0.000013 0.000002 0.000027 -0.000018 
0.000003 0.000005 0.000000 -0.000012 0.000001 0.000006 
0.000002 0.000000 -0.000008 -0.000001 0.000013 0.000000 
0.000003 0.000008 -0.000004 -0.000006 0.000010 0.000018 
-0.000000 0.000001 0.000004 -0.000005 -0.000003 0.000000 
-0.000000 -0.000002 -0.000000 0.000012 -0.000001 -0.000000 
-0.000001 0.000007 0.000008 0.000001 -0.000013 0.000018 
-0.000001 -0.000004 -0.000000 -0.000019 0.000003 -0.000018 
-0.000004 -0.000008 -0.000002 0.000026 -0.000011 -0.000024 
0.000003 0.000003 0.000002 -0.000006 0.000014 0.000024 
0.000001 0.000005 -0.000008 -0.000003 0.000001 0.000012 
-0.000001 -0.000007 -0.000000 -0.000000 0.000000 -0.000018 
-0.000000 -0.000007 -0.000000 0.000001 0.000006 -0.000006 
-0.000002 -0.000001 0.000004 0.000006 -0.000010 -0.000012 
0.000002 -0.000000 -0.000004 -0.000007 0.000005 -0.000024 
0.000003 0.000012 0.000000 0.000001 0.000006 0.000048 
0.000001 0.000010 0.000000 -0.000020 -0.000003 0.000000 
-0.000001 -0.000010 -0.000004 0.000014 0.000013 -0.000018 
0.000001 0.000007 0.000004 0.000005 -0.000016 0.000048 
-0.000001 -0.000010 -0.000004 -0.000005 0.000016 -0.000036 
-0.000005 -0.000009 0.000007 0.000011 -0.000027 -0.000036 
0.000004 0.000011 0.000000 0.000000 -0.000000 0.000024 
-0.000002 -0.000007 -0.000008 0.000010 0.000006 -0.000012 
0.000002 0.000003 0.000002 0.000003 -0.000005 0.000024 
0.000006 0.000012 -0.000009 -0.000014 0.000032 0.000036 
-0.000005 -0.000010 0.000004 0.000016 -0.000024 -0.000030 
-0.000001 -0.000002 0.000000 -0.000011 0.000007 0.000006 
0.000009 0.000010 0.000000 0.000002 0.000012 -0.000012 
-0.000005 -0.000008 -0.000004 0.000004 -0.000003 0.000006 
-0.000001 0.000001 0.000002 -0.000009 -0.000004 0.000000 
0.000002 0.000007 -0.000006 0.000014 0.000001 0.000024 
-0.000004 -0.000009 0.000008 -0.000011 -0.000006 -0.000024 
0.000001 -0.000003 -0.000000 0.000001 0.000006 -0.000006 
-0.000001 0.000005 0.000010 0.000003 -0.000025 -0.000006 
0.000008 0.000005 -0.000010 -0.000003 0.000025 0.000024 
-0.000008 -0.000013 -0.000000 -0.000000 0.000000 -0.000024 
0.000002 0.000005 -0.000004 0.000004 -0.000003 0.000012 
0.000004 0.000001 -0.000008 -0.000001 0.000013 0.000012 
-0.000006 -0.000008 0.000004 0.000006 -0.000010 -0.000024 
-0.000001 -0.000003 0.000004 -0.000024 0.000000 -0.000018 
0.000003 -0.000000 -0.000004 0.000025 0.000006 0.000006 
-0.000014 0.002443 -0.003574 -0.008405 0.000247 0.003585 
0.008408 0.009137 -0.027784 -0.030939 0.060022 0.012774 
0.011786 0.006744 -0.052990 -0.015809 0.082608 0.011412 
0.007759 0.005296 -0.055152 -0.013550 0.057996 0.009946 
0.002856 0.005625 -0.046709 -0.007564 0.024867 0.008903 
-0.007506 0.003648 -0.027759 -0.000638 -0.053206 -0.000103 
-0.011315 0.002131 -0.020340 0.008457 -0.086732 -0.007938 
-0.008706 -0.001200 -0.013699 0.017627 -0.068988 -0.036526 
-0.008190 0.000423 0.006425 0.018880 -0.075239 -0.052115 
-0.004851 0.000323 0.016277 0.023316 -0.052323 -0.030933 
-0.003263 -0.008451 0.021273 0.032042 -0.019172 -0.021232 
-0.001240 -0.005554 0.029678 0.032139 -0.011230 0.001734 
-0.002045 -0.004526 0.039545 0.024019 -0.011105 0.006526 
0.001625 -0.005838 0.037495 0.011373 0.023215 -0.005827 
0.005745 -0.003064 0.032286 0.004559 0.042051 -0.004111 
0.007815 -0.002660 0.030183 -0.002949 0.057046 -0.002364 
0.006175 -0.001515 0.027275 -0.011077 0.047412 0.003852 
0.004275 0.001921 0.019059 -0.017694 0.028041 0.014459 
0.000508 0.002976 0.012544 -0.021462 0.004157 0.016146 
-0.003128 0.002961 0.009919 -0.021273 -0.017239 0.003452 
-0.001928 0.003024 0.006473 -0.012175 -0.012305 0.003241 
-0.001715 0.000965 0.000916 -0.007505 -0.008290 -0.001092 
-0.002480 -0.000270 -0.001498 -0.004076 -0.012394 -0.001945 
-0.001196 0.000571 -0.003567 -0.001875 -0.008854 -0.001563 
0.000231 0.000828 -0.006163 -0.000951 -0.000908 0.001401 
0.000797 -0.000322 -0.009522 -0.001732 0.005810 -0.002449 
0.001417 0.000370 -0.010390 -0.006683 0.010403 -0.001193 
0.000376 0.000818 -0.007775 -0.007057 0.004312 -0.000877 
-0.000384 0.000060 -0.005525 -0.004745 0.000371 -0.001420 
-0.000979 -0.000873 -0.004700 -0.002062 -0.001929 -0.001766 
-0.001279 -0.000466 -0.004368 -0.000038 -0.005793 -0.001360 
-0.000467 -0.000510 -0.002575 0.002111 -0.002647 -0.000322 
0.000109 -0.000407 -0.001222 0.002754 0.000053 -0.000108 
-0.000094 -0.000284 -0.000469 0.003475 -0.001732 0.000383 
0.000048 -0.000300 0.000033 0.002638 -0.000085 0.000160 
-0.000145 -0.000071 0.000505 0.001116 -0.001350 0.000028 
-0.000324 0.000126 0.000861 0.000852 -0.002436 0.000917 
-0.000664 -0.000335 0.001832 0.002379 -0.003977 -0.000102 
-0.000778 -0.000511 0.002334 0.002990 -0.005147 -0.000165 
-0.000959 -0.000474 0.002295 0.003341 -0.006435 0.000387 
-0.000694 -0.000403 0.001824 0.002950 -0.004852 -0.000253 
-0.000310 -0.000284 0.001061 0.001766 -0.002420 -0.000066 
0.000074 0.000205 0.000396 0.000623 -0.001091 0.000460 
0.000127 0.000262 0.000240 0.000417 -0.000500 0.000567 
0.000217 0.000111 0.000086 0.000272 0.001166 0.000358 
0.000454 -0.000048 0.000141 0.000389 0.002840 -0.000019 
0.000410 0.000092 0.000133 0.000233 0.002411 0.000360 
0.000448 -0.000028 0.000020 0.000430 0.002969 0.000078 
0.000737 -0.000188 -0.000008 0.000735 0.004794 -0.000155 
0.000761 -0.000127 -0.000011 0.000748 0.004904 0.000013 
0.000618 -0.000073 -0.000047 0.000567 0.003937 -0.000016 
0.000417 -0.000079 -0.000038 0.000390 0.002717 -0.000041 
0.000093 -0.000043 0.000009 0.000141 0.000616 -0.000012 
-0.000014 0.000000 0.000008 0.000007 -0.000057 -0.000018 
-0.000013 0.000026 0.000031 -0.000001 -0.000084 0.000077 
-0.000071 0.000002 0.000065 -0.000076 -0.000426 -0.000019 
-0.000116 0.000054 0.000190 -0.000064 -0.000713 0.000159 
-0.000149 -0.000053 0.000349 0.000187 -0.000767 -0.000026 
-0.000105 -0.000132 0.000230 0.000332 -0.000608 -0.000235 
-0.000058 0.000013 0.000180 0.000297 -0.000524 0.000144 
-0.000009 0.000037 0.000023 0.000012 -0.000084 0.000095 
-0.000012 -0.000040 -0.000006 -0.000001 0.000009 -0.000084 
-0.000012 -0.000051 0.000026 0.000000 -0.000018 -0.000126 
-0.000010 -0.000026 0.000007 0.000053 -0.000038 -0.000061 
0.000002 0.000017 0.000034 -0.000005 -0.000032 0.000053 
0.000015 0.000068 0.000032 -0.000077 -0.000070 0.000102 
0.000024 0.000137 0.000029 -0.000174 -0.000089 0.000258 
0.000008 0.000077 0.000021 -0.000007 -0.000045 0.000167 
-0.000017 -0.000018 0.000045 0.000071 -0.000130 -0.000008 
0.000022 0.000063 0.000057 0.000020 -0.000122 0.000113 
-0.000020 -0.000005 0.000013 -0.000074 -0.000040 -0.000036 
-0.000013 -0.000029 -0.000000 -0.000106 0.000011 -0.000101 
-0.000010 -0.000013 0.000005 0.000014 -0.000016 -0.000000 
-0.000012 -0.000020 0.000017 0.000013 -0.000021 -0.000066 
-0.000039 -0.000048 0.000036 0.000025 -0.000100 -0.000073 
-0.000042 -0.000110 0.000024 0.000058 -0.000063 -0.000229 
0.000004 0.000030 0.000021 -0.000024 -0.000049 0.000054 
0.000021 0.000068 0.000032 0.000036 -0.000062 0.000173 
0.000034 0.000053 0.000010 0.000025 -0.000010 0.000084 
0.000006 0.000030 -0.000006 0.000001 -0.000004 0.000072 
-0.000003 0.000001 0.000000 -0.000049 0.000013 -0.000012 
0.000001 -0.000000 0.000010 -0.000014 0.000008 -0.000006 
-0.000007 -0.000011 0.000010 -0.000007 -0.000011 -0.000018 
-0.000009 -0.000003 0.000033 -0.000038 -0.000011 -0.000018 
-0.000031 -0.000050 0.000040 -0.000017 -0.000051 -0.000090 
-0.000046 -0.000086 0.000050 -0.000089 -0.000029 -0.000210 
0.000009 0.000011 0.000014 -0.000031 0.000013 -0.000036 
0.000018 0.000033 0.000002 0.000003 0.000012 0.000090 
0.000008 0.000016 0.000004 -0.000007 0.000003 0.000006 
0.000014 0.000034 0.000004 0.000005 -0.000005 0.000060 
0.000005 0.000009 0.000004 -0.000034 0.000013 -0.000012 
0.000003 0.000019 0.000025 -0.000027 -0.000035 -0.000006 
0.000000 0.000029 0.000035 -0.000036 -0.000023 0.000054 
-0.000011 -0.000004 0.000060 -0.000072 -0.000032 -0.000042 
-0.000025 -0.000019 0.000050 -0.000057 -0.000052 -0.000084 
-0.000018 -0.000008 0.000055 -0.000084 -0.000035 -0.000012 
-0.000009 -0.000007 0.000037 -0.000036 -0.000045 -0.000054 
0.000001 -0.000022 0.000015 0.000000 0.000003 -0.000078 
0.000000 -0.000014 0.000008 -0.000000 0.000017 -0.000018 
0.000016 0.000031 -0.000008 -0.000010 0.000015 0.000060 
0.000025 0.000049 -0.000007 -0.000043 0.000025 0.000096 
0.000021 0.000064 0.000014 -0.000017 -0.000002 0.000108 
0.000006 0.000017 0.000012 0.000013 -0.000031 0.000036 
-0.000019 0.000007 0.000058 -0.000086 -0.000056 0.000000 
-0.000012 0.000012 0.000083 -0.000095 -0.000075 -0.000006 
-0.000023 -0.000003 0.000111 -0.000151 -0.000064 -0.000060 
-0.000021 -0.000017 0.000060 -0.000077 -0.000062 -0.000090 
-0.000013 -0.000057 0.000010 0.000020 0.000003 -0.000108 
-0.000000 -0.000026 -0.000008 -0.000010 0.000039 -0.000054 
0.000006 0.000004 -0.000010 0.000007 0.000011 0.000006 
0.000027 0.000044 -0.000017 -0.000024 0.000064 0.000084 
0.000015 0.000053 0.000000 0.000001 -0.000019 0.000120 
0.000005 0.000025 0.000014 -0.000001 -0.000004 0.000048 
0.000002 0.000007 0.000008 -0.000020 -0.000005 0.000006 
-0.000003 0.000008 0.000019 0.000006 -0.000031 0.000024 
-0.000004 0.000003 0.000024 -0.000069 0.000006 -0.000012 
-0.000015 -0.000014 0.000027 -0.000008 -0.000043 -0.000030 
-0.000021 -0.000053 0.000006 -0.000001 0.000004 -0.000102 
-0.000010 -0.000045 -0.000008 -0.000010 0.000039 -0.000102 
0.000003 -0.000011 -0.000019 0.000013 0.000028 -0.000036 
0.000002 -0.000008 -0.000013 -0.000031 0.000038 -0.000029 
0.000012 0.000027 -0.000011 0.000005 0.000016 0.000060 
0.000025 0.000039 -0.000006 -0.000007 0.000027 0.000072 
0.000012 0.000038 0.000002 -0.000008 0.000002 0.000084 
0.000009 0.000049 0.000025 -0.000015 -0.000037 0.000132 
-0.000009 -0.000007 0.000004 -0.000015 -0.000002 -0.000054 
-0.000005 0.000005 0.000029 -0.000032 -0.000032 0.000018 
-0.000019 -0.000037 0.000014 0.000003 -0.000023 -0.000078 
-0.000017 -0.000044 0.000010 0.000004 0.000006 -0.000090 
-0.000001 -0.000016 -0.000011 -0.000021 0.000014 -0.000048 
-0.000008 -0.000039 -0.000013 -0.000001 0.000046 -0.000072 
0.000016 0.000027 -0.000013 0.000001 0.000015 0.000066 
0.000014 0.000011 -0.000009 -0.000010 0.000056 -0.000006 
0.000026 0.000058 0.000000 0.000000 -0.000001 0.000144 
0.000008 0.000047 0.000012 -0.000026 -0.000038 0.000084 
-0.000002 0.000003 0.000006 0.000009 -0.000016 -0.000000 
-0.000011 0.000013 0.000037 -0.000041 -0.000033 0.000030 
-0.000009 -0.000009 0.000035 -0.000026 -0.000036 -0.000030 
-0.000007 -0.000006 0.000023 -0.000032 -0.000024 -0.000036 
-0.000015 -0.000036 0.000004 -0.000007 0.000003 -0.000096 
-0.000006 -0.000054 -0.000023 0.000010 0.000063 -0.000078 
-0.000005 -0.000014 -0.000008 -0.000002 0.000008 -0.000042 
0.000013 0.000013 0.000000 -0.000009 0.000025 0.000018 
0.000023 0.000040 -0.000021 0.000001 0.000035 0.000084 
0.000006 0.000026 0.000008 -0.000009 -0.000001 0.000048 
0.000006 0.000016 0.000004 -0.000024 -0.000000 0.000036 
0.000004 0.000040 0.000021 0.000000 -0.000036 0.000078 
-0.000007 -0.000013 0.000008 -0.000011 -0.000006 -0.000012 
-0.000017 -0.000017 0.000033 0.000003 -0.000047 -0.000030 
-0.000012 -0.000030 -0.000002 -0.000014 0.000013 -0.000066 
-0.000018 -0.000055 0.000000 -0.000021 0.000027 -0.000126 
-0.000006 -0.000023 -0.000008 0.000029 0.000003 -0.000060 
0.000003 -0.000021 -0.000019 -0.000000 0.000042 -0.000024 
0.000012 0.000029 -0.000011 -0.000018 0.000031 0.000048 
0.000023 0.000034 -0.000007 -0.000025 0.000059 0.000096 
0.000002 0.000011 -0.000000 -0.000023 -0.000021 -0.000024 
0.000015 0.000051 0.000016 0.000006 -0.000004 0.000108 
-0.000000 0.000012 0.000006 -0.000024 -0.000023 0.000042 
-0.000012 -0.000006 0.000025 0.000013 -0.000041 -0.000024 
-0.000012 -0.000022 0.000021 -0.000028 -0.000007 -0.000054 
-0.000006 -0.000017 -0.000008 -0.000024 0.000005 -0.000024 
-0.000001 -0.000012 -0.000006 0.000030 -0.000002 -0.000030 
0.000000 -0.000031 -0.000008 -0.000009 0.000045 -0.000090 
0.000001 -0.000010 -0.000015 0.000026 -0.000001 -0.000018 
0.000012 0.000021 -0.000006 -0.000025 0.000036 0.000036 
0.000006 0.000008 -0.000004 -0.000006 0.000010 0.000012 
0.000012 0.000051 0.000004 0.000003 -0.000035 0.000108 
0.000006 0.000016 0.000012 -0.000015 -0.000003 0.000036 
0.000000 0.000026 0.000019 0.000008 -0.000038 0.000089 
-0.000006 0.000004 0.000019 -0.000003 -0.000030 -0.000030 
0.000001 0.000001 0.000010 -0.000027 0.000021 0.000024 
-0.000013 -0.000018 0.000011 -0.000008 -0.000040 -0.000060 
-0.000010 -0.000063 -0.000008 0.000010 0.000043 -0.000156 
-0.000001 -0.000014 -0.000006 -0.000017 0.000011 -0.000024 
-0.000001 -0.000016 -0.000027 0.000014 0.000036 -0.000018 
0.000006 0.000009 -0.000015 -0.000013 0.000034 0.000018 
0.000014 0.000036 0.000006 -0.000000 0.000003 0.000078 
0.000013 0.000031 0.000008 -0.000010 -0.000006 0.000042 
-0.000000 0.000036 0.000010 0.000014 -0.000039 0.000114 
-0.000003 0.000011 0.000021 -0.000012 -0.000028 0.000024 
0.000000 0.000004 0.000004 0.000007 -0.000005 0.000012 
-0.000008 -0.000002 0.000017 -0.000019 -0.000023 -0.000018 
-0.000018 -0.000048 -0.000008 0.000008 0.000012 -0.000114 
0.000001 -0.000013 -0.000010 0.000005 0.000017 -0.000012 
-0.000006 -0.000035 -0.000025 -0.000023 0.000060 -0.000089 
0.000008 -0.000004 -0.000017 -0.000005 0.000032 -0.000018 
0.000005 0.000003 -0.000006 0.000003 0.000014 -0.000006 
0.000013 0.000023 -0.000010 0.000008 0.000011 0.000036 
0.000012 0.000044 0.000018 -0.000018 -0.000024 0.000132 
0.000007 0.000032 0.000014 -0.000001 -0.000022 0.000060 
-0.000001 0.000015 0.000012 -0.000036 -0.000018 0.000036 
-0.000006 -0.000005 -0.000008 0.000041 -0.000005 -0.000006 
-0.000011 -0.000029 0.000008 0.000008 -0.000009 -0.000048 
-0.000007 -0.000024 -0.000006 0.000004 0.000003 -0.000066 
-0.000011 -0.000036 -0.000006 0.000000 0.000015 -0.000078 
0.000000 -0.000020 -0.000014 0.000003 0.000034 -0.000042 
0.000001 -0.000005 -0.000013 -0.000000 0.000010 -0.000012 
0.000012 0.000012 -0.000006 -0.000007 0.000027 0.000030 
0.000012 0.000050 0.000004 -0.000014 -0.000020 0.000150 
0.000011 0.000028 0.000008 -0.000010 -0.000006 -0.000000 
-0.000001 0.000010 0.000011 0.000018 -0.000031 -0.000000 
-0.000005 0.000000 0.000010 0.000004 -0.000019 0.000036 
-0.000003 0.000003 0.000017 -0.000018 -0.000017 -0.000006 
-0.000000 -0.000008 -0.000010 0.000037 0.000001 -0.000000 
-0.000016 -0.000037 -0.000002 -0.000022 0.000008 -0.000090 
-0.000003 -0.000020 -0.000011 -0.000007 0.000024 -0.000048 
-0.000001 -0.000016 -0.000015 0.000030 0.000028 -0.000048 
-0.000002 -0.000020 -0.000009 -0.000016 0.000020 -0.000012 
0.000010 0.000016 -0.000002 0.000010 0.000010 0.000024 
0.000610 0.001440 -0.003012 0.000016 0.001128 0.003317 
0.000816 0.001934 -0.001868 -0.001218 0.002248 0.004067 
0.000842 0.001839 -0.001455 -0.000415 0.002002 0.004023 
0.002128 0.002627 -0.004258 0.001159 0.006163 0.005445 
0.005013 0.004537 -0.011632 0.006934 0.014720 0.008975 
0.006693 0.008772 -0.010622 0.008151 0.012032 0.008652 
0.009297 0.014730 -0.009912 0.009291 0.010138 -0.003314 
0.013536 0.024947 -0.009866 0.010023 0.009846 -0.008714 
0.019276 0.042936 -0.010415 0.010451 0.010520 -0.006065 
0.025148 0.062289 -0.010275 0.011512 0.009727 -0.002218 
0.029699 0.077494 -0.008963 0.011890 0.007273 -0.020184 
0.035616 0.096961 -0.006423 0.009806 0.004375 -0.027419 
0.043495 0.119778 -0.003707 0.008248 0.001268 -0.027226 
0.051954 0.145042 -0.000717 0.006456 -0.002377 -0.020720 
0.059134 0.167746 0.002516 0.004339 -0.006217 -0.018294 
0.067797 0.193453 0.005009 0.002243 -0.009772 -0.014869 
0.075700 0.218289 0.009380 0.000194 -0.014457 -0.011314 
0.083295 0.243670 0.013148 -0.004987 -0.016931 -0.006769 
0.092817 0.271573 0.013275 -0.004940 -0.015497 0.005873 
0.101804 0.300062 0.013293 -0.005981 -0.014288 0.017818 
0.110335 0.327943 0.013730 -0.006816 -0.013605 0.027164 
0.116532 0.350113 0.013818 -0.007306 -0.010973 0.024635 
0.119881 0.363556 0.013238 -0.005745 -0.003522 0.004842 
0.122562 0.379556 0.011862 -0.001426 0.002809 -0.004159 
0.124206 0.399627 0.012591 -0.002631 0.001206 -0.001525 
0.126807 0.418476 0.013647 -0.002231 -0.000428 0.008167 
0.128575 0.438240 0.012579 -0.004514 0.001819 0.009003 
0.128600 0.449444 0.010828 -0.001658 0.001783 0.010514 
0.126842 0.452325 0.010479 -0.001047 0.002668 0.007704 
0.121973 0.451306 0.010924 -0.002565 -0.000182 0.002627 
0.116936 0.453863 0.008123 -0.000421 -0.007091 0.010615 
0.115462 0.459942 0.007258 -0.000247 -0.007302 0.020048 
0.113624 0.464567 0.008642 -0.001135 -0.007600 0.026269 
0.110022 0.471633 0.007934 -0.001278 -0.006492 0.042318 
0.103524 0.467561 0.006444 0.000594 -0.006214 0.037400 
0.096323 0.454316 0.007365 0.000609 -0.006971 0.008330 
0.091607 0.451078 0.006608 0.001542 -0.004867 0.002658 
0.088224 0.455583 0.005448 0.000675 -0.004104 0.012100 
0.085385 0.454705 0.006527 -0.000067 -0.004196 0.007918 
0.080660 0.452195 0.007021 -0.000712 -0.004989 0.002921 
0.075414 0.447193 0.006232 0.003566 -0.003711 -0.004665 
0.071901 0.437682 0.006858 0.004518 0.004545 -0.026103 
0.068140 0.436920 0.007442 0.001684 0.006322 -0.027871 
0.064761 0.443621 0.005684 0.003046 0.004526 -0.011015 
0.062520 0.447962 0.005777 0.002913 0.002735 -0.005274 
0.059433 0.449757 0.006281 0.000211 0.005575 -0.001812 
0.054535 0.447661 0.004926 0.002294 0.005017 -0.003792 
0.049963 0.440897 0.004602 0.002348 0.005208 -0.016684 
0.046545 0.438289 0.005478 0.001315 0.006032 -0.024350 
0.042832 0.444250 0.004992 0.001597 0.006047 -0.008955 
0.039854 0.451001 0.005422 0.000367 0.003009 0.004166 
0.036407 0.451147 0.007057 -0.001127 -0.002980 0.003427 
0.031796 0.448563 0.006455 0.000122 -0.003099 -0.001016 
0.026928 0.443817 0.005026 0.002353 -0.003008 -0.007517 
0.024283 0.440435 0.005784 0.001017 -0.001530 -0.016462 
0.021208 0.443669 0.005749 0.000158 0.000067 -0.008106 
0.018039 0.449733 0.005135 0.000638 -0.001734 0.004253 
0.015660 0.450245 0.006318 -0.000705 -0.001275 0.004155 
0.011050 0.446140 0.006450 -0.002065 0.000152 -0.003666 
0.005103 0.440150 0.004827 0.002462 -0.001805 -0.008444 
0.001586 0.439575 0.005154 0.001994 -0.001371 -0.009372 
-0.001840 0.442542 0.006490 -0.001201 -0.000736 -0.003639 
-0.006242 0.448309 0.005539 -0.000007 -0.000785 0.011336 
-0.009680 0.448505 0.005104 0.001044 -0.001403 0.014056 
-0.012500 0.446005 0.005829 -0.001381 0.001342 0.007911 
-0.016639 0.438647 0.004865 0.000891 0.000322 -0.004933 
-0.020233 0.437430 0.004898 0.002039 -0.002544 -0.005426 
-0.022305 0.437024 0.006366 -0.001329 -0.001222 -0.008455 
-0.025981 0.441453 0.006498 -0.001799 -0.000910 0.003662 
-0.029641 0.442276 0.005688 0.001062 -0.002780 0.006462 
-0.032507 0.437712 0.005881 0.000685 -0.001912 -0.001855 
-0.036370 0.431505 0.005299 -0.001104 0.003699 -0.011899 
-0.040876 0.431316 0.004118 0.000792 0.003827 -0.006416 
-0.043471 0.432457 0.004452 -0.000153 0.003908 -0.005360 
-0.047598 0.437268 0.005346 -0.003092 0.005177 0.006945 
-0.051723 0.437499 0.004554 -0.001251 0.004650 0.011024 
-0.054695 0.433381 0.004365 -0.000665 0.005015 0.005725 
-0.058117 0.426734 0.005010 -0.002497 0.006282 -0.008122 
-0.062500 0.426043 0.004929 -0.002118 0.005312 -0.004401 
-0.065473 0.428337 0.004799 -0.003565 0.005902 0.001601 
-0.068228 0.430610 0.005866 -0.006530 0.006756 0.006283 
-0.071702 0.431281 0.005534 -0.006668 0.007728 0.010267 
-0.076501 0.426621 0.004644 -0.001502 0.000111 0.005286 
-0.079008 0.417041 0.004387 0.001602 -0.002882 -0.012214 
-0.082970 0.416160 0.004599 0.001555 -0.002547 -0.009724 
-0.087119 0.419514 0.004333 0.000872 -0.003302 0.000403 
-0.089611 0.421451 0.005464 -0.000049 -0.003993 0.004331 
-0.092761 0.420273 0.005595 -0.000366 -0.002157 0.003748 
-0.096654 0.415566 0.004464 0.002185 -0.001644 0.000846 
-0.098904 0.408101 0.004020 0.002696 0.000074 -0.011492 
-0.102324 0.406936 0.004960 -0.000699 0.001946 -0.012150 
-0.107799 0.410817 0.004450 0.000538 0.000460 0.002425 
-0.111280 0.413714 0.004841 -0.000325 -0.000602 0.010695 
-0.113247 0.413130 0.005381 -0.005583 0.005484 0.010817 
-0.116305 0.407755 0.004299 -0.003645 0.007041 0.003026 
-0.119339 0.401130 0.003981 -0.001412 0.004266 -0.005369 
-0.122073 0.398685 0.004813 -0.002312 0.003734 -0.008433 
-0.125836 0.396746 0.004663 -0.002054 0.003051 -0.002290 
-0.127869 0.392603 0.004278 -0.001501 0.000448 0.001052 
-0.125337 0.380274 0.004675 -0.002444 0.000564 0.002334 
-0.122660 0.364018 0.004207 -0.002298 0.001044 0.003102 
-0.120263 0.344034 0.003478 -0.001955 -0.001703 0.007770 
-0.115423 0.325284 0.003816 -0.003112 -0.002182 0.009137 
-0.111034 0.308276 0.004324 -0.004966 -0.002662 0.018887 
-0.106341 0.291801 0.004176 -0.005708 -0.001502 0.028989 
-0.099823 0.271729 0.003697 -0.006547 0.000521 0.032388 
-0.092489 0.248367 0.003171 -0.005635 0.001315 0.022787 
-0.083568 0.220851 0.002497 -0.003277 0.001142 0.006818 
-0.076073 0.195213 0.001808 -0.003665 0.002573 -0.002636 
-0.068064 0.170850 0.001220 -0.002512 0.003640 -0.015970 
-0.061642 0.151728 0.001392 -0.001433 0.001621 -0.012739 
-0.054417 0.132040 0.001013 -0.001842 0.002988 -0.012050 
-0.047135 0.113974 0.000663 -0.001361 0.002934 -0.008585 
-0.039602 0.093942 0.000451 -0.001161 0.003080 -0.011048 
-0.031425 0.074654 0.000156 -0.001060 0.004137 -0.011144 
-0.023453 0.055521 0.000085 -0.001108 0.004292 -0.014494 
-0.016442 0.039039 -0.000044 -0.000825 0.003315 -0.006235 
-0.010642 0.027446 -0.000284 -0.001339 0.004211 -0.000386 
-0.005363 0.016173 -0.000485 -0.001312 0.004961 0.006559 
-0.001499 0.006505 -0.000513 -0.001178 0.005071 -0.000290 
0.000222 0.000065 -0.001191 -0.000031 0.006139 -0.007541 
0.000489 -0.004892 -0.001291 0.003721 0.002382 -0.012850 
0.000255 -0.007530 -0.001345 0.004245 0.001610 -0.015337 
0.000262 -0.008495 -0.001244 0.002761 0.002275 -0.015719 
0.000230 -0.008894 -0.001009 0.001705 0.001509 -0.016868 
0.000218 -0.007378 -0.001233 0.001726 0.001602 -0.013685 
0.000125 -0.005614 -0.000942 0.001222 0.001373 -0.010827 
0.000045 -0.003634 -0.000397 0.000619 0.000618 -0.004728 
-0.000044 -0.001443 -0.000078 0.000176 0.000102 -0.002061 
-0.000047 0.000572 -0.000055 0.000054 0.000119 0.001246 
0.000008 0.001745 -0.000015 -0.000102 -0.000033 0.002961 
0.000022 0.002460 0.000034 -0.000059 -0.000030 0.004123 
-0.000021 0.002784 0.000047 -0.000145 -0.000067 0.004734 
0.000030 0.003439 0.000085 -0.000185 -0.000238 0.005687 
-0.000016 0.003077 0.000147 -0.000137 -0.000250 0.005213 
-0.000052 0.002656 0.000108 -0.000043 -0.000180 0.004536 
-0.000161 0.002153 0.000773 -0.001205 -0.001275 0.003314 
-0.000349 0.001982 0.001400 -0.002160 -0.002347 0.002786 
-0.000312 0.001940 0.001318 -0.001978 -0.002106 0.002774 
-0.000282 0.001692 0.001081 -0.001655 -0.001920 0.002421 
-0.000202 0.001384 0.000885 -0.001298 -0.001507 0.001965 
-0.000143 0.001206 0.000613 -0.000938 -0.001002 0.001786 
-0.000061 0.001016 0.000476 -0.000752 -0.000766 0.001438 
-0.000094 0.000879 0.000359 -0.000600 -0.000581 0.001348 
-0.000091 0.000901 0.000198 -0.000321 -0.000357 0.001516 
-0.000008 0.000963 0.000119 -0.000176 -0.000177 0.001558 
-0.000030 0.000867 0.000168 -0.000281 -0.000279 0.001378 
-0.000035 0.000640 0.000115 -0.000111 -0.000201 0.001078 
-0.000012 0.000470 0.000087 -0.000100 -0.000144 0.000743 
0.000018 0.000331 0.000048 -0.000088 -0.000077 0.000485 
-0.000010 0.000445 -0.000017 0.000010 0.000027 0.000785 
0.000013 0.000406 -0.000048 0.000051 0.000076 0.000713 
0.000032 0.000397 -0.000084 0.000123 0.000124 0.000683 
0.000033 0.000460 -0.000131 0.000221 0.000231 0.000833 
0.000072 0.000510 -0.000226 0.000361 0.000376 0.000947 
0.000061 0.000550 -0.000202 0.000301 0.000329 0.000983 
0.000021 0.000470 -0.000066 0.000099 0.000122 0.000821 
0.000015 0.000461 -0.000055 0.000051 0.000091 0.000797 
0.000011 0.000349 -0.000021 0.000015 0.000035 0.000587 
-0.000002 0.000374 0.000000 0.000015 0.000013 0.000659 
-0.000004 0.000321 0.000014 0.000012 -0.000037 0.000539 
0.000009 0.000065 -0.000000 0.000006 0.000022 0.000096 
-0.000008 -0.000047 0.000005 0.000002 -0.000030 -0.000072 
0.000001 -0.000139 -0.000010 -0.000001 0.000017 -0.000234 
0.000001 -0.000234 -0.000015 -0.000010 0.000025 -0.000395 
0.000002 -0.000375 -0.000000 -0.000000 0.000000 -0.000641 
-0.000003 -0.000366 -0.000000 -0.000008 0.000009 -0.000617 
-0.000005 -0.000344 -0.000003 0.000012 -0.000005 -0.000563 
-0.000007 -0.000245 0.000002 0.000013 -0.000004 -0.000402 
0.000003 -0.000187 -0.000000 -0.000000 0.000000 -0.000324 
-0.000005 -0.000147 0.000000 -0.000008 0.000009 -0.000252 
-0.000001 -0.000113 0.000005 0.000017 -0.000017 -0.000192 
0.000001 -0.000017 -0.000000 -0.000008 0.000009 -0.000030 
-0.000005 -0.000003 -0.000005 0.000006 0.000021 0.000012 
-0.000000 -0.000045 0.000005 0.000002 -0.000030 -0.000084 
-0.000001 -0.000064 -0.000001 0.000001 0.000019 -0.000102 
0.000013 -0.000095 -0.000005 -0.000001 -0.000001 -0.000174 
-0.000002 -0.000038 -0.000007 -0.000005 0.000013 -0.000054 
0.000000 -0.000018 -0.000003 0.000004 0.000004 -0.000048 
-0.000000 -0.000004 -0.000005 -0.000009 0.000008 -0.000006 
-0.000004 0.000009 0.000005 0.000009 -0.000008 0.000024 
-0.000001 -0.000001 0.000005 0.000009 -0.000008 -0.000000 
0.000001 0.000000 -0.000000 0.000022 0.000004 0.000006 
-0.000008 -0.000001 0.000005 -0.000013 -0.000012 0.000006 
0.000007 -0.000030 -0.000002 -0.000013 0.000004 -0.000066 
0.000001 -0.000011 -0.000003 0.000004 0.000004 -0.000018 
-0.000000 -0.000007 0.000000 0.000000 0.000000 -0.000012 
0.000005 -0.000013 -0.000000 -0.000000 0.000000 -0.000030 
-0.000004 -0.000021 -0.000005 -0.000001 -0.000001 -0.000030 
0.000001 -0.000009 -0.000005 -0.000009 0.000008 -0.000018 
-0.000000 0.000000 -0.000001 0.000009 0.000010 0.000006 
-0.000003 0.000007 0.000000 0.000000 -0.000000 0.000006 
-0.000003 0.000018 0.000000 0.000000 -0.000000 0.000036 
-0.000001 -0.000005 0.000015 0.000010 -0.000025 -0.000000 
-0.000003 -0.000011 -0.000005 -0.000001 -0.000001 0.000000 
0.000003 -0.000001 -0.000005 -0.000017 0.000017 0.000000 
0.000010 -0.000029 -0.000001 0.000023 0.000022 -0.000060 
-0.000005 -0.000146 0.000003 -0.000003 -0.000020 -0.000246 
-0.000002 -0.000205 -0.000005 0.000000 -0.000007 -0.000359 
-0.000002 -0.000081 0.000003 -0.000020 0.000004 -0.000120 
-0.000002 -0.000005 -0.000005 0.000008 0.000009 -0.000006 
-0.000003 0.000026 0.000005 -0.000007 -0.000024 0.000030 
0.000005 0.000053 -0.000001 0.000004 0.000030 0.000090 
-0.000007 0.000069 0.000010 0.000013 -0.000030 0.000126 
0.000001 0.000108 -0.000010 0.000015 -0.000001 0.000198 
0.000003 0.000105 -0.000000 -0.000008 0.000009 0.000168 
0.000007 0.000097 0.000005 -0.000006 0.000017 0.000150 
0.000001 0.000038 -0.000005 -0.000014 0.000005 0.000072 
-0.000001 0.000014 -0.000005 0.000003 -0.000005 0.000024 
-0.000003 0.000008 0.000005 0.000017 -0.000017 0.000006 
0.000001 0.000034 -0.000000 -0.000015 0.000003 0.000066 
0.000001 0.000027 -0.000000 0.000007 0.000006 0.000024 
-0.000002 0.000030 -0.000005 -0.000009 0.000008 0.000066 
-0.000000 0.000031 0.000005 0.000005 -0.000004 0.000054 
-0.000001 0.000025 -0.000003 0.000022 0.000013 0.000054 
-0.000003 0.000010 -0.000002 -0.000019 -0.000018 0.000012 
0.000003 -0.000001 0.000005 0.000005 -0.000004 0.000006 
0.000001 -0.000002 -0.000005 0.000012 0.000004 -0.000012 
-0.000001 -0.000009 0.000005 -0.000008 -0.000009 -0.000018 
0.000009 -0.000002 -0.000002 0.000010 0.000017 -0.000024 
-0.000007 -0.000001 0.000002 0.000005 -0.000004 0.000036 
0.000007 0.000005 -0.000005 -0.000031 0.000005 -0.000036 
-0.000006 0.000005 -0.000001 0.000017 0.000001 0.000036 
0.000002 0.000008 0.000005 -0.000008 -0.000009 0.000006 
-0.000003 0.000014 -0.000005 -0.000009 0.000008 0.000030 
-0.000001 0.000004 0.000005 -0.000002 -0.000010 0.000006 
-0.000001 -0.000004 0.000000 0.000011 0.000002 -0.000000 
0.000004 0.000001 -0.000000 -0.000004 0.000005 -0.000006 
-0.000002 -0.000002 0.000000 0.000012 -0.000014 -0.000000 
0.000001 -0.000002 -0.000005 0.000000 0.000018 0.000000 
0.000001 -0.000004 0.000001 -0.000006 0.000016 -0.000006 
0.000005 -0.000007 -0.000005 -0.000002 -0.000008 -0.000024 
-0.000005 0.000005 0.000005 -0.000008 -0.000009 0.000012 
-0.000002 0.000008 -0.000001 0.000018 -0.000015 0.000018 
0.000001 0.000013 0.000001 -0.000036 0.000006 0.000012 
0.000000 -0.000004 0.000005 0.000027 0.000000 -0.000012 
0.000000 -0.000000 -0.000000 0.000000 0.000000 0.000024 
0.000003 0.000004 -0.000005 0.000023 0.000021 -0.000000 
-0.000001 0.000001 0.000005 -0.000008 -0.000009 -0.000012 
-0.000004 0.000002 -0.000005 0.000002 -0.000013 0.000030 
0.000000 -0.000008 0.000005 -0.000008 -0.000009 -0.000030 
0.000005 -0.000009 -0.000005 0.000015 0.000030 -0.000012 
0.000000 0.000000 0.000000 0.000000 0.000000 0.000000 
-0.000001 0.000003 0.000000 -0.000018 -0.000008 0.000000 
0.000004 -0.000002 -0.000005 -0.000009 0.000008 -0.000012 
-0.000007 0.000011 0.000003 0.000008 -0.000018 0.000042 
0.000003 -0.000004 -0.000000 0.000016 0.000007 -0.000006 
0.000000 0.000020 0.000002 -0.000011 -0.000001 0.000030 
-0.000004 0.000013 0.000010 0.000009 -0.000026 0.000030 
0.000003 0.000002 -0.000015 -0.000002 0.000031 -0.000012 
0.000001 -0.000014 0.000007 0.000000 0.000007 -0.000024 
-0.000001 -0.000006 0.000002 0.000017 -0.000008 -0.000006 
0.000003 -0.000000 -0.000005 -0.000009 0.000008 0.000006 
-0.000001 0.000005 0.000001 -0.000021 0.000004 0.000006 
0.000002 -0.000013 -0.000003 0.000025 0.000001 -0.000018 
-0.000003 0.000003 -0.000002 -0.000019 -0.000018 -0.000012 
0.000004 0.000010 -0.000000 0.000007 0.000022 0.000006 
-0.000006 0.000009 0.000005 0.000002 -0.000030 0.000030 
-0.000003 -0.000004 0.000000 0.000000 -0.000000 0.000012 
0.000006 0.000002 -0.000000 0.000010 0.000017 -0.000012 
-0.000002 0.000011 0.000005 -0.000012 -0.000004 0.000018 
0.000003 -0.000011 -0.000000 -0.000000 0.000000 -0.000024 
-0.000001 -0.000008 -0.000008 0.000020 0.000004 0.000006 
0.000000 0.000001 -0.000002 -0.000021 0.000013 0.000000 
-0.000002 -0.000001 0.000005 -0.000006 -0.000021 -0.000006 
0.000003 -0.000008 -0.000005 -0.000009 0.000008 -0.000018 
-0.000001 0.000008 0.000005 0.000006 0.000004 0.000006 
-0.000000 0.000004 -0.000005 0.000008 0.000009 0.000012 
-0.000004 0.000018 0.000005 -0.000010 -0.000016 0.000030 
-0.000000 0.000000 -0.000002 -0.000000 -0.000000 0.000000 
0.000001 -0.000003 0.000002 0.000019 0.000009 0.000012 
0.000004 -0.000004 -0.000000 -0.000011 -0.000002 -0.000030 
-0.000002 0.000002 -0.000003 0.000009 -0.000015 0.000018 
0.000001 -0.000016 0.000003 0.000002 0.000017 -0.000036 
0.000001 0.000005 -0.000005 -0.000035 0.000009 0.000000 
