0.595390 -0.406588 0.488921 1.571553 -0.000186 -3.139998 
0.595390 -0.406588 0.488921 1.571553 -0.000185 -3.139997 
0.595390 -0.406588 0.488921 1.571553 -0.000185 -3.139998 
0.595390 -0.406588 0.488921 1.571553 -0.000185 -3.139998 
0.595390 -0.406588 0.488921 1.571553 -0.000186 -3.139998 
0.595390 -0.406588 0.488921 1.571553 -0.000186 -3.139998 
0.595390 -0.406588 0.488921 1.571553 -0.000185 -3.139998 
0.595390 -0.406588 0.488921 1.571553 -0.000186 -3.139997 
0.595390 -0.406588 0.488921 1.571553 -0.000186 -3.139998 
0.595390 -0.406588 0.488921 1.571553 -0.000186 -3.139998 
0.595390 -0.406588 0.488921 1.571553 -0.000186 -3.139998 
0.595390 -0.406588 0.488921 1.571553 -0.000185 -3.139998 
0.595390 -0.406588 0.488921 1.571553 -0.000185 -3.139998 
0.595390 -0.406588 0.488921 1.571553 -0.000186 -3.139998 
0.595390 -0.406588 0.488921 1.571553 -0.000186 -3.139998 
0.595390 -0.406588 0.488921 1.571553 -0.000186 -3.139998 
0.595390 -0.406588 0.488921 1.571553 -0.000186 -3.139998 
0.595390 -0.406588 0.488921 1.571553 -0.000186 -3.139998 
0.595390 -0.406588 0.488921 1.571553 -0.000186 -3.139998 
0.595390 -0.406588 0.488921 1.571553 -0.000186 -3.139998 
0.595390 -0.406588 0.488921 1.571553 -0.000186 -3.139998 
0.595390 -0.406588 0.488921 1.571553 -0.000186 -3.139998 
0.595390 -0.406588 0.488921 1.571553 -0.000186 -3.139998 
0.595390 -0.406588 0.488921 1.571553 -0.000186 -3.139998 
0.595390 -0.406588 0.488921 1.571553 -0.000186 -3.139998 
0.595390 -0.406588 0.488921 1.571553 -0.000186 -3.139998 
0.595390 -0.406588 0.488921 1.571553 -0.000186 -3.139998 
0.595390 -0.406588 0.488921 1.571553 -0.000186 -3.139998 
0.595390 -0.406588 0.488921 1.571553 -0.000186 -3.139998 
0.595390 -0.406588 0.488921 1.571553 -0.000186 -3.139998 
0.595390 -0.406588 0.488921 1.571553 -0.000186 -3.139998 
0.595390 -0.406588 0.488921 1.571553 -0.000186 -3.139998 
0.595390 -0.406588 0.488921 1.571553 -0.000186 -3.139998 
0.595390 -0.406588 0.488921 1.571553 -0.000186 -3.139998 
0.595390 -0.406588 0.488921 1.571553 -0.000186 -3.139998 
0.595390 -0.406588 0.488921 1.571553 -0.000186 -3.139998 
0.595390 -0.406588 0.488921 1.571553 -0.000186 -3.139998 
0.595390 -0.406588 0.488921 1.571553 -0.000186 -3.139998 
0.595390 -0.406588 0.488921 1.571553 -0.000186 -3.139998 
0.595390 -0.406588 0.488921 1.571553 -0.000186 -3.139998 
0.595390 -0.406588 0.488921 1.571553 -0.000186 -3.139998 
0.595390 -0.406588 0.488921 1.571553 -0.000186 -3.139998 
0.595390 -0.406588 0.488921 1.571553 -0.000186 -3.139998 
0.595390 -0.406588 0.488921 1.571553 -0.000186 -3.139998 
0.595390 -0.406588 0.488921 1.571553 -0.000186 -3.139998 
0.595390 -0.406588 0.488921 1.571553 -0.000186 -3.139998 
0.595390 -0.406588 0.488921 1.571553 -0.000186 -3.139998 
0.595390 -0.406588 0.488921 1.571553 -0.000186 -3.139998 
0.595390 -0.406588 0.488921 1.571553 -0.000186 -3.139998 
0.595390 -0.406588 0.488921 1.571553 -0.000186 -3.139998 
0.595390 -0.406588 0.488921 1.571553 -0.000186 -3.139998 
0.595390 -0.406588 0.488921 1.571553 -0.000186 -3.139998 
0.595390 -0.406588 0.488921 1.571553 -0.000186 -3.139998 
0.595390 -0.406588 0.488921 1.571553 -0.000186 -3.139998 
0.595390 -0.406588 0.488921 1.571553 -0.000186 -3.139998 
0.595390 -0.406588 0.488921 1.571553 -0.000186 -3.139998 
0.595390 -0.406588 0.488921 1.571553 -0.000186 -3.139998 
0.595390 -0.406588 0.488921 1.571553 -0.000186 -3.139998 
0.595390 -0.406588 0.488921 1.571553 -0.000186 -3.139998 
0.595390 -0.406588 0.488921 1.571553 -0.000186 -3.139998 
0.595390 -0.406588 0.488921 1.571553 -0.000186 -3.139998 
0.595390 -0.406588 0.488921 1.571553 -0.000185 -3.139998 
0.595390 -0.406588 0.488921 1.571553 -0.000186 -3.139998 
0.595390 -0.406588 0.488921 1.571553 -0.000185 -3.139998 
0.595390 -0.406588 0.488921 1.571553 -0.000185 -3.139998 
0.595390 -0.406588 0.488921 1.571553 -0.000186 -3.139998 
0.595390 -0.406588 0.488921 1.571553 -0.000186 -3.139998 
0.595390 -0.406588 0.488921 1.571553 -0.000185 -3.139998 
0.595390 -0.406588 0.488921 1.571553 -0.000185 -3.139998 
0.595390 -0.406588 0.488921 1.571553 -0.000186 -3.139998 
0.595390 -0.406588 0.488921 1.571553 -0.000185 -3.139998 
0.595390 -0.406588 0.488921 1.571553 -0.000186 -3.139998 
0.595390 -0.406588 0.488921 1.571553 -0.000185 -3.139998 
0.595390 -0.406588 0.488921 1.571553 -0.000185 -3.139998 
0.595390 -0.406588 0.488921 1.571553 -0.000185 -3.139998 
0.595390 -0.406588 0.488921 1.571553 -0.000185 -3.139998 
0.595390 -0.406588 0.488921 1.571553 -0.000185 -3.139998 
0.595390 -0.406588 0.488921 1.571553 -0.000185 -3.139998 
0.595390 -0.406588 0.488921 1.571553 -0.000185 -3.139998 
0.595380 -0.406579 0.488908 1.571563 -0.000225 -3.139937 
0.595429 -0.406484 0.488687 1.571637 -0.000731 -3.140324 
0.595554 -0.406315 0.488152 1.571776 -0.001443 -3.141071 
0.595665 -0.406139 0.487442 1.571911 -0.002186 3.141475 
0.595699 -0.405991 0.486770 1.572091 -0.002599 3.141336 
0.595676 -0.405943 0.486199 1.572126 -0.002637 3.141526 
0.595594 -0.405963 0.485816 1.572055 -0.002296 -3.140978 
0.595514 -0.406004 0.485579 1.571866 -0.001742 -3.140208 
0.595446 -0.406089 0.485527 1.571411 -0.001088 -3.139529 
0.595413 -0.406157 0.485648 1.570956 -0.000551 -3.139035 
0.595368 -0.406244 0.485917 1.570633 -0.000121 -3.138575 
0.595329 -0.406355 0.486246 1.570549 0.000322 -3.138303 
0.595293 -0.406451 0.486709 1.570539 0.000751 -3.138087 
0.595275 -0.406528 0.487249 1.570496 0.000943 -3.138134 
0.595297 -0.406601 0.487742 1.570424 0.001014 -3.138505 
0.595371 -0.406616 0.488189 1.570482 0.000931 -3.139084 
0.595452 -0.406618 0.488578 1.570654 0.000702 -3.139727 
0.595509 -0.406589 0.488938 1.570761 0.000362 -3.140182 
0.595535 -0.406544 0.489210 1.570865 0.000069 -3.140373 
0.595527 -0.406499 0.489358 1.570907 -0.000162 -3.140349 
0.595487 -0.406456 0.489468 1.570926 -0.000359 -3.140129 
0.595458 -0.406424 0.489539 1.570989 -0.000454 -3.140002 
0.595420 -0.406426 0.489548 1.570986 -0.000461 -3.139884 
0.595406 -0.406411 0.489507 1.571021 -0.000489 -3.139860 
0.595416 -0.406386 0.489416 1.571075 -0.000536 -3.139944 
0.595433 -0.406376 0.489275 1.571100 -0.000543 -3.140076 
0.595444 -0.406375 0.489141 1.571104 -0.000542 -3.140167 
0.595444 -0.406375 0.489015 1.571088 -0.000554 -3.140193 
0.595424 -0.406388 0.488905 1.571067 -0.000545 -3.140119 
0.595399 -0.406411 0.488806 1.571026 -0.000489 -3.140030 
0.595376 -0.406440 0.488721 1.570977 -0.000409 -3.139960 
0.595366 -0.406457 0.488669 1.570941 -0.000351 -3.139933 
0.595366 -0.406468 0.488634 1.570920 -0.000306 -3.139950 
0.595368 -0.406476 0.488607 1.570912 -0.000260 -3.139968 
0.595372 -0.406474 0.488599 1.570923 -0.000232 -3.139975 
0.595373 -0.406471 0.488605 1.570929 -0.000231 -3.139971 
0.595367 -0.406472 0.488625 1.570930 -0.000223 -3.139930 
0.595355 -0.406475 0.488658 1.570927 -0.000208 -3.139858 
0.595342 -0.406481 0.488697 1.570918 -0.000188 -3.139781 
0.595334 -0.406487 0.488731 1.570915 -0.000148 -3.139723 
0.595325 -0.406487 0.488770 1.570924 -0.000116 -3.139643 
0.595320 -0.406485 0.488798 1.570933 -0.000089 -3.139580 
0.595320 -0.406478 0.488818 1.570943 -0.000081 -3.139539 
0.595322 -0.406474 0.488835 1.570949 -0.000086 -3.139536 
0.595332 -0.406467 0.488846 1.570957 -0.000094 -3.139586 
0.595346 -0.406465 0.488857 1.570956 -0.000097 -3.139665 
0.595360 -0.406466 0.488869 1.570947 -0.000102 -3.139760 
0.595369 -0.406469 0.488876 1.570938 -0.000106 -3.139834 
0.595374 -0.406469 0.488877 1.570934 -0.000111 -3.139869 
0.595378 -0.406469 0.488880 1.570929 -0.000114 -3.139888 
0.595380 -0.406467 0.488883 1.570931 -0.000117 -3.139896 
0.595381 -0.406465 0.488883 1.570934 -0.000118 -3.139894 
0.595380 -0.406465 0.488883 1.570934 -0.000118 -3.139889 
0.595380 -0.406467 0.488883 1.570925 -0.000119 -3.139890 
0.595379 -0.406467 0.488883 1.570923 -0.000121 -3.139891 
0.595379 -0.406467 0.488884 1.570922 -0.000122 -3.139888 
0.595379 -0.406467 0.488886 1.570921 -0.000126 -3.139886 
0.595378 -0.406466 0.488887 1.570921 -0.000132 -3.139886 
0.595379 -0.406465 0.488887 1.570919 -0.000137 -3.139886 
0.595380 -0.406463 0.488885 1.570921 -0.000142 -3.139892 
0.595381 -0.406463 0.488884 1.570920 -0.000145 -3.139896 
0.595381 -0.406463 0.488884 1.570918 -0.000152 -3.139900 
0.595380 -0.406462 0.488885 1.570916 -0.000157 -3.139898 
0.595379 -0.406463 0.488886 1.570914 -0.000162 -3.139894 
0.595380 -0.406462 0.488888 1.570913 -0.000168 -3.139896 
0.595381 -0.406460 0.488888 1.570913 -0.000175 -3.139899 
0.595382 -0.406459 0.488888 1.570916 -0.000178 -3.139903 
0.595382 -0.406458 0.488888 1.570915 -0.000182 -3.139904 
0.595382 -0.406457 0.488888 1.570915 -0.000188 -3.139907 
0.595383 -0.406456 0.488887 1.570916 -0.000192 -3.139907 
0.595383 -0.406456 0.488888 1.570916 -0.000194 -3.139907 
0.595382 -0.406456 0.488890 1.570915 -0.000198 -3.139907 
0.595382 -0.406456 0.488892 1.570914 -0.000202 -3.139904 
0.595381 -0.406455 0.488893 1.570913 -0.000204 -3.139901 
0.595380 -0.406456 0.488894 1.570912 -0.000207 -3.139898 
0.595380 -0.406456 0.488895 1.570910 -0.000209 -3.139898 
0.595380 -0.406457 0.488895 1.570908 -0.000211 -3.139900 
0.595381 -0.406456 0.488895 1.570908 -0.000211 -3.139900 
0.595381 -0.406456 0.488894 1.570909 -0.000213 -3.139903 
0.595382 -0.406455 0.488893 1.570910 -0.000215 -3.139906 
0.595382 -0.406454 0.488893 1.570910 -0.000216 -3.139906 
0.595382 -0.406454 0.488893 1.570910 -0.000217 -3.139906 
0.595382 -0.406454 0.488894 1.570910 -0.000218 -3.139905 
0.595382 -0.406454 0.488895 1.570909 -0.000220 -3.139904 
0.595381 -0.406454 0.488895 1.570909 -0.000221 -3.139902 
0.595380 -0.406456 0.488895 1.570906 -0.000221 -3.139902 
0.595380 -0.406457 0.488895 1.570904 -0.000222 -3.139903 
0.595381 -0.406456 0.488895 1.570905 -0.000222 -3.139904 
0.595381 -0.406455 0.488895 1.570906 -0.000222 -3.139905 
0.595381 -0.406455 0.488894 1.570906 -0.000223 -3.139906 
0.595381 -0.406455 0.488894 1.570906 -0.000224 -3.139907 
0.595382 -0.406455 0.488894 1.570907 -0.000224 -3.139907 
0.595382 -0.406454 0.488894 1.570908 -0.000225 -3.139907 
0.595382 -0.406454 0.488894 1.570907 -0.000225 -3.139907 
0.595382 -0.406455 0.488894 1.570907 -0.000225 -3.139907 
0.595381 -0.406455 0.488894 1.570906 -0.000225 -3.139906 
0.595381 -0.406456 0.488894 1.570905 -0.000226 -3.139906 
0.595381 -0.406456 0.488894 1.570905 -0.000226 -3.139906 
0.595381 -0.406456 0.488894 1.570904 -0.000226 -3.139906 
0.595381 -0.406456 0.488894 1.570904 -0.000226 -3.139907 
0.595381 -0.406456 0.488893 1.570904 -0.000226 -3.139907 
0.595382 -0.406455 0.488893 1.570907 -0.000226 -3.139908 
0.595382 -0.406454 0.488893 1.570908 -0.000225 -3.139908 
0.595382 -0.406454 0.488893 1.570908 -0.000225 -3.139909 
0.595382 -0.406454 0.488893 1.570907 -0.000225 -3.139908 
0.595382 -0.406454 0.488893 1.570907 -0.000225 -3.139907 
0.595382 -0.406455 0.488894 1.570907 -0.000225 -3.139907 
0.595381 -0.406456 0.488894 1.570905 -0.000225 -3.139906 
0.595381 -0.406456 0.488894 1.570904 -0.000224 -3.139906 
0.595381 -0.406456 0.488894 1.570904 -0.000224 -3.139906 
0.595381 -0.406456 0.488893 1.570904 -0.000224 -3.139907 
0.595382 -0.406455 0.488893 1.570905 -0.000224 -3.139907 
0.595382 -0.406455 0.488893 1.570906 -0.000224 -3.139907 
0.595382 -0.406455 0.488893 1.570906 -0.000224 -3.139908 
0.595382 -0.406455 0.488893 1.570907 -0.000224 -3.139907 
0.595382 -0.406455 0.488893 1.570907 -0.000225 -3.139907 
0.595382 -0.406455 0.488894 1.570906 -0.000225 -3.139906 
0.595381 -0.406455 0.488894 1.570905 -0.000225 -3.139906 
0.595381 -0.406456 0.488894 1.570904 -0.000225 -3.139906 
0.595381 -0.406456 0.488894 1.570904 -0.000225 -3.139906 
0.595381 -0.406456 0.488894 1.570904 -0.000225 -3.139907 
0.595382 -0.406456 0.488893 1.570904 -0.000225 -3.139908 
0.595382 -0.406455 0.488893 1.570905 -0.000226 -3.139908 
0.595382 -0.406455 0.488893 1.570906 -0.000226 -3.139909 
0.595382 -0.406454 0.488893 1.570907 -0.000226 -3.139909 
0.595382 -0.406454 0.488893 1.570907 -0.000226 -3.139908 
0.595382 -0.406454 0.488893 1.570907 -0.000226 -3.139908 
0.595382 -0.406455 0.488894 1.570905 -0.000227 -3.139907 
0.595382 -0.406455 0.488894 1.570905 -0.000227 -3.139907 
0.595381 -0.406456 0.488894 1.570904 -0.000227 -3.139907 
0.595381 -0.406456 0.488894 1.570903 -0.000227 -3.139907 
0.595381 -0.406456 0.488893 1.570903 -0.000227 -3.139908 
0.595382 -0.406456 0.488893 1.570903 -0.000227 -3.139909 
0.595382 -0.406455 0.488893 1.570904 -0.000228 -3.139910 
0.595382 -0.406455 0.488893 1.570905 -0.000228 -3.139910 
0.595383 -0.406455 0.488893 1.570905 -0.000228 -3.139910 
0.595382 -0.406455 0.488893 1.570905 -0.000229 -3.139910 
0.595382 -0.406455 0.488893 1.570905 -0.000229 -3.139910 
0.595382 -0.406455 0.488893 1.570904 -0.000229 -3.139909 
0.595382 -0.406455 0.488894 1.570904 -0.000229 -3.139909 
0.595382 -0.406456 0.488894 1.570903 -0.000229 -3.139909 
0.595382 -0.406456 0.488893 1.570903 -0.000229 -3.139910 
0.595382 -0.406456 0.488893 1.570903 -0.000229 -3.139910 
0.595382 -0.406456 0.488893 1.570903 -0.000229 -3.139910 
0.595382 -0.406456 0.488893 1.570903 -0.000229 -3.139910 
0.595382 -0.406455 0.488892 1.570904 -0.000229 -3.139911 
0.595383 -0.406455 0.488893 1.570905 -0.000230 -3.139911 
0.595383 -0.406454 0.488893 1.570905 -0.000230 -3.139910 
0.595382 -0.406454 0.488893 1.570905 -0.000230 -3.139910 
0.595382 -0.406455 0.488894 1.570905 -0.000230 -3.139909 
0.595382 -0.406455 0.488894 1.570903 -0.000231 -3.139909 
0.595382 -0.406455 0.488894 1.570903 -0.000231 -3.139909 
0.595382 -0.406456 0.488894 1.570902 -0.000230 -3.139909 
0.595382 -0.406456 0.488893 1.570902 -0.000230 -3.139910 
0.595382 -0.406456 0.488893 1.570903 -0.000230 -3.139910 
0.595382 -0.406455 0.488893 1.570903 -0.000230 -3.139910 
0.595382 -0.406455 0.488893 1.570905 -0.000231 -3.139910 
0.595383 -0.406454 0.488893 1.570905 -0.000231 -3.139910 
0.595383 -0.406454 0.488894 1.570905 -0.000231 -3.139909 
0.595382 -0.406454 0.488894 1.570905 -0.000231 -3.139909 
0.595382 -0.406455 0.488894 1.570904 -0.000231 -3.139909 
0.595382 -0.406455 0.488894 1.570903 -0.000231 -3.139909 
0.595382 -0.406456 0.488894 1.570902 -0.000231 -3.139909 
0.595382 -0.406456 0.488894 1.570902 -0.000231 -3.139910 
0.595382 -0.406456 0.488893 1.570902 -0.000231 -3.139910 
0.595382 -0.406456 0.488893 1.570902 -0.000231 -3.139910 
0.595382 -0.406455 0.488893 1.570904 -0.000231 -3.139910 
0.595382 -0.406455 0.488893 1.570904 -0.000231 -3.139910 
0.595383 -0.406454 0.488894 1.570905 -0.000231 -3.139910 
0.595383 -0.406454 0.488894 1.570905 -0.000231 -3.139909 
0.595382 -0.406454 0.488894 1.570904 -0.000232 -3.139909 
0.595382 -0.406455 0.488894 1.570904 -0.000232 -3.139909 
0.595382 -0.406455 0.488894 1.570903 -0.000232 -3.139909 
0.595382 -0.406456 0.488894 1.570902 -0.000232 -3.139909 
0.595382 -0.406456 0.488894 1.570902 -0.000231 -3.139909 
0.595382 -0.406456 0.488894 1.570902 -0.000231 -3.139910 
0.595382 -0.406456 0.488893 1.570902 -0.000231 -3.139910 
0.595382 -0.406455 0.488893 1.570903 -0.000231 -3.139910 
0.595382 -0.406455 0.488893 1.570904 -0.000231 -3.139910 
0.595382 -0.406454 0.488894 1.570905 -0.000231 -3.139910 
0.595382 -0.406454 0.488894 1.570904 -0.000231 -3.139909 
0.595382 -0.406454 0.488894 1.570904 -0.000232 -3.139909 
0.595382 -0.406455 0.488894 1.570903 -0.000232 -3.139909 
0.595382 -0.406455 0.488894 1.570903 -0.000232 -3.139909 
0.595382 -0.406455 0.488894 1.570903 -0.000232 -3.139909 
0.595382 -0.406456 0.488894 1.570902 -0.000231 -3.139910 
0.595382 -0.406456 0.488893 1.570902 -0.000231 -3.139910 
0.595382 -0.406456 0.488893 1.570903 -0.000231 -3.139910 
0.595382 -0.406455 0.488893 1.570903 -0.000231 -3.139910 
0.595383 -0.406455 0.488893 1.570905 -0.000231 -3.139910 
0.595383 -0.406454 0.488894 1.570905 -0.000231 -3.139910 
0.595382 -0.406455 0.488894 1.570905 -0.000231 -3.139909 
0.595382 -0.406455 0.488894 1.570904 -0.000232 -3.139909 
0.595382 -0.406455 0.488894 1.570904 -0.000232 -3.139909 
0.595382 -0.406455 0.488894 1.570903 -0.000232 -3.139909 
0.595382 -0.406455 0.488894 1.570903 -0.000231 -3.139909 
0.595382 -0.406456 0.488894 1.570902 -0.000231 -3.139910 
0.595382 -0.406456 0.488893 1.570902 -0.000231 -3.139910 
0.595382 -0.406455 0.488893 1.570903 -0.000231 -3.139910 
0.595382 -0.406455 0.488893 1.570903 -0.000231 -3.139910 
0.595382 -0.406455 0.488893 1.570904 -0.000231 -3.139910 
0.595382 -0.406455 0.488893 1.570905 -0.000231 -3.139910 
0.595382 -0.406455 0.488894 1.570904 -0.000232 -3.139909 
0.595382 -0.406455 0.488894 1.570904 -0.000232 -3.139909 
0.595382 -0.406455 0.488894 1.570903 -0.000232 -3.139909 
0.595382 -0.406455 0.488894 1.570903 -0.000232 -3.139909 
0.595382 -0.406456 0.488894 1.570902 -0.000231 -3.139909 
0.595382 -0.406456 0.488893 1.570901 -0.000232 -3.139910 
0.595382 -0.406456 0.488893 1.570902 -0.000231 -3.139910 
0.595382 -0.406456 0.488893 1.570902 -0.000231 -3.139911 
0.595382 -0.406455 0.488893 1.570903 -0.000231 -3.139911 
0.595382 -0.406455 0.488893 1.570904 -0.000232 -3.139911 
0.595382 -0.406455 0.488893 1.570904 -0.000232 -3.139910 
0.595382 -0.406455 0.488893 1.570904 -0.000232 -3.139910 
0.595382 -0.406455 0.488894 1.570904 -0.000232 -3.139910 
0.595382 -0.406455 0.488894 1.570903 -0.000232 -3.139910 
0.595382 -0.406455 0.488893 1.570903 -0.000232 -3.139910 
0.595382 -0.406456 0.488893 1.570902 -0.000232 -3.139910 
0.595382 -0.406456 0.488893 1.570902 -0.000232 -3.139911 
0.595382 -0.406456 0.488893 1.570902 -0.000232 -3.139911 
0.595382 -0.406456 0.488893 1.570902 -0.000231 -3.139911 
0.595382 -0.406455 0.488893 1.570903 -0.000232 -3.139911 
0.595383 -0.406455 0.488893 1.570904 -0.000232 -3.139911 
0.595383 -0.406454 0.488893 1.570905 -0.000232 -3.139910 
0.595382 -0.406455 0.488893 1.570904 -0.000232 -3.139910 
0.595382 -0.406455 0.488893 1.570904 -0.000232 -3.139910 
0.595382 -0.406455 0.488893 1.570903 -0.000232 -3.139910 
0.595382 -0.406455 0.488893 1.570902 -0.000232 -3.139910 
0.595382 -0.406456 0.488893 1.570902 -0.000232 -3.139910 
0.595382 -0.406456 0.488893 1.570902 -0.000232 -3.139911 
0.595382 -0.406456 0.488893 1.570902 -0.000232 -3.139911 
0.595382 -0.406455 0.488893 1.570903 -0.000232 -3.139911 
0.595382 -0.406455 0.488893 1.570903 -0.000232 -3.139911 
0.595382 -0.406455 0.488893 1.570903 -0.000232 -3.139911 
0.595382 -0.406455 0.488893 1.570904 -0.000232 -3.139911 
0.595382 -0.406455 0.488893 1.570904 -0.000232 -3.139910 
0.595382 -0.406455 0.488893 1.570904 -0.000232 -3.139910 
0.595382 -0.406455 0.488893 1.570903 -0.000233 -3.139910 
0.595382 -0.406455 0.488893 1.570903 -0.000232 -3.139911 
0.595382 -0.406456 0.488893 1.570902 -0.000232 -3.139911 
0.595382 -0.406456 0.488893 1.570902 -0.000232 -3.139911 
0.595382 -0.406456 0.488893 1.570902 -0.000232 -3.139911 
0.595382 -0.406455 0.488892 1.570902 -0.000232 -3.139912 
0.595383 -0.406455 0.488892 1.570903 -0.000232 -3.139912 
0.595382 -0.406455 0.488893 1.570904 -0.000233 -3.139911 
0.595383 -0.406455 0.488893 1.570903 -0.000233 -3.139911 
0.595382 -0.406455 0.488893 1.570904 -0.000233 -3.139911 
0.595382 -0.406455 0.488893 1.570904 -0.000233 -3.139910 
0.595382 -0.406455 0.488893 1.570903 -0.000233 -3.139911 
0.595382 -0.406455 0.488893 1.570902 -0.000233 -3.139911 
0.595382 -0.406456 0.488893 1.570902 -0.000233 -3.139911 
0.595382 -0.406456 0.488893 1.570902 -0.000232 -3.139911 
0.595382 -0.406456 0.488892 1.570902 -0.000232 -3.139912 
0.595383 -0.406455 0.488892 1.570903 -0.000232 -3.139912 
0.595383 -0.406455 0.488892 1.570904 -0.000232 -3.139912 
0.595383 -0.406454 0.488893 1.570904 -0.000233 -3.139911 
0.595383 -0.406454 0.488893 1.570904 -0.000233 -3.139911 
0.595383 -0.406454 0.488893 1.570904 -0.000233 -3.139911 
0.595382 -0.406455 0.488893 1.570904 -0.000233 -3.139911 
0.595382 -0.406455 0.488893 1.570903 -0.000233 -3.139911 
0.595382 -0.406456 0.488893 1.570902 -0.000233 -3.139911 
0.595382 -0.406455 0.488893 1.570902 -0.000233 -3.139911 
0.595382 -0.406456 0.488893 1.570902 -0.000232 -3.139912 
0.595382 -0.406455 0.488893 1.570902 -0.000232 -3.139912 
0.595382 -0.406455 0.488893 1.570902 -0.000232 -3.139912 
0.595383 -0.406455 0.488893 1.570904 -0.000233 -3.139912 
0.595383 -0.406455 0.488893 1.570904 -0.000233 -3.139911 
0.595383 -0.406455 0.488893 1.570904 -0.000233 -3.139911 
0.595382 -0.406455 0.488893 1.570904 -0.000233 -3.139911 
0.595382 -0.406455 0.488893 1.570903 -0.000233 -3.139911 
0.595382 -0.406455 0.488893 1.570903 -0.000233 -3.139911 
0.595382 -0.406455 0.488893 1.570903 -0.000233 -3.139911 
0.595382 -0.406456 0.488893 1.570902 -0.000233 -3.139911 
0.595382 -0.406455 0.488893 1.570902 -0.000232 -3.139911 
0.595382 -0.406455 0.488893 1.570902 -0.000232 -3.139911 
0.595382 -0.406455 0.488893 1.570903 -0.000232 -3.139912 
0.595383 -0.406455 0.488893 1.570904 -0.000232 -3.139911 
0.595383 -0.406455 0.488893 1.570904 -0.000233 -3.139911 
0.595383 -0.406455 0.488893 1.570904 -0.000233 -3.139911 
0.595382 -0.406455 0.488893 1.570903 -0.000233 -3.139911 
0.595382 -0.406455 0.488893 1.570903 -0.000233 -3.139911 
0.595382 -0.406455 0.488893 1.570903 -0.000233 -3.139911 
0.595382 -0.406455 0.488893 1.570902 -0.000233 -3.139911 
0.595382 -0.406456 0.488893 1.570902 -0.000232 -3.139911 
0.595382 -0.406455 0.488893 1.570902 -0.000232 -3.139911 
0.595382 -0.406455 0.488893 1.570903 -0.000232 -3.139912 
0.595382 -0.406455 0.488893 1.570903 -0.000232 -3.139911 
0.595382 -0.406455 0.488893 1.570904 -0.000232 -3.139911 
0.595383 -0.406454 0.488893 1.570904 -0.000233 -3.139911 
0.595382 -0.406455 0.488893 1.570904 -0.000233 -3.139911 
0.595382 -0.406455 0.488893 1.570904 -0.000233 -3.139911 
0.595382 -0.406455 0.488893 1.570903 -0.000233 -3.139911 
0.595385 -0.406453 0.488873 1.570923 -0.000215 -3.139925 
0.595392 -0.406449 0.488819 1.570962 -0.000153 -3.139959 
0.595408 -0.406457 0.488697 1.571002 0.000009 -3.140051 
0.595434 -0.406452 0.488558 1.571073 0.000195 -3.140154 
0.595482 -0.406377 0.488425 1.571277 0.000372 -3.140256 
0.595555 -0.406230 0.488294 1.571467 0.000546 -3.140357 
0.595691 -0.405938 0.488149 1.571598 0.000736 -3.140472 
0.595926 -0.405418 0.488006 1.571660 0.000920 -3.140590 
0.596270 -0.404617 0.487882 1.571610 0.001087 -3.140691 
0.596685 -0.403607 0.487780 1.571150 0.001232 -3.140772 
0.597202 -0.402267 0.487711 1.570575 0.001338 -3.140825 
0.597840 -0.400535 0.487686 1.570016 0.001400 -3.140833 
0.598597 -0.398411 0.487696 1.569538 0.001428 -3.140812 
0.599489 -0.395874 0.487730 1.569118 0.001436 -3.140769 
0.600513 -0.392930 0.487809 1.568754 0.001402 -3.140701 
0.601676 -0.389543 0.487927 1.568524 0.001328 -3.140631 
0.602985 -0.385684 0.488067 1.568520 0.001236 -3.140572 
0.604436 -0.381361 0.488213 1.568700 0.001166 -3.140554 
0.605994 -0.376661 0.488379 1.568827 0.001109 -3.140541 
0.607624 -0.371590 0.488554 1.568963 0.001042 -3.140536 
0.609326 -0.366117 0.488713 1.569158 0.001005 -3.140514 
0.611107 -0.360230 0.488899 1.569378 0.000937 -3.140490 
0.612953 -0.353876 0.489085 1.569781 0.000856 -3.140487 
0.614806 -0.347233 0.489235 1.570040 0.000844 -3.140506 
0.616605 -0.340362 0.489393 1.570069 0.000822 -3.140476 
0.618382 -0.333199 0.489539 1.570095 0.000846 -3.140365 
0.620123 -0.325726 0.489705 1.570334 0.000785 -3.140269 
0.621785 -0.318215 0.489842 1.570489 0.000798 -3.140188 
0.623329 -0.310665 0.489991 1.570450 0.000802 -3.140073 
0.624835 -0.302976 0.490133 1.570648 0.000820 -3.140000 
0.626247 -0.295162 0.490263 1.571051 0.000742 -3.139950 
0.627526 -0.287429 0.490381 1.571379 0.000747 -3.139893 
0.628682 -0.279658 0.490501 1.571863 0.000750 -3.139859 
0.629761 -0.271886 0.490618 1.572367 0.000733 -3.139957 
0.630703 -0.264209 0.490717 1.572725 0.000680 -3.140113 
0.631531 -0.256660 0.490830 1.572798 0.000705 -3.140209 
0.632256 -0.249036 0.490937 1.573085 0.000690 -3.140323 
0.632869 -0.241513 0.491033 1.573159 0.000669 -3.140444 
0.633320 -0.234148 0.491134 1.572982 0.000711 -3.140423 
0.633664 -0.226839 0.491255 1.572712 0.000802 -3.140293 
0.633916 -0.219458 0.491358 1.572597 0.000823 -3.140240 
0.634059 -0.212171 0.491459 1.572327 0.000828 -3.140216 
0.634101 -0.204963 0.491557 1.571948 0.000898 -3.140187 
0.634051 -0.197677 0.491657 1.571736 0.000933 -3.140133 
0.633909 -0.190329 0.491742 1.571703 0.000943 -3.140126 
0.633653 -0.183080 0.491820 1.571493 0.000970 -3.140112 
0.633320 -0.175862 0.491901 1.571273 0.001018 -3.140151 
0.632890 -0.168548 0.491997 1.571264 0.000963 -3.140230 
0.632374 -0.161252 0.492081 1.571270 0.000894 -3.140383 
0.631742 -0.154064 0.492163 1.571120 0.000847 -3.140497 
0.631036 -0.146861 0.492244 1.571017 0.000818 -3.140627 
0.630215 -0.139567 0.492337 1.571170 0.000687 -3.140761 
0.629295 -0.132383 0.492422 1.571174 0.000623 -3.140840 
0.628249 -0.125280 0.492511 1.571093 0.000624 -3.140754 
0.627127 -0.118150 0.492596 1.571117 0.000630 -3.140694 
0.625886 -0.111003 0.492681 1.571246 0.000572 -3.140660 
0.624570 -0.104025 0.492755 1.571124 0.000599 -3.140642 
0.623150 -0.097054 0.492835 1.571067 0.000640 -3.140593 
0.621650 -0.090057 0.492917 1.571109 0.000637 -3.140585 
0.620045 -0.083125 0.492999 1.571134 0.000547 -3.140646 
0.618405 -0.076432 0.493068 1.570767 0.000548 -3.140740 
0.616669 -0.069805 0.493137 1.570648 0.000526 -3.140788 
0.614897 -0.063336 0.493212 1.570742 0.000436 -3.140860 
0.613102 -0.057185 0.493280 1.570887 0.000342 -3.140919 
0.611362 -0.051384 0.493341 1.571032 0.000311 -3.140978 
0.609641 -0.045820 0.493409 1.571440 0.000185 -3.141040 
0.607976 -0.040572 0.493484 1.571972 0.000001 -3.141132 
0.606388 -0.035771 0.493558 1.572335 -0.000137 -3.141188 
0.604885 -0.031401 0.493608 1.572569 -0.000160 -3.141177 
0.603469 -0.027402 0.493667 1.572713 -0.000189 -3.141122 
0.602143 -0.023741 0.493717 1.572915 -0.000222 -3.141095 
0.600922 -0.020455 0.493743 1.573045 -0.000210 -3.141095 
0.599835 -0.017604 0.493759 1.572947 -0.000191 -3.141109 
0.598866 -0.015162 0.493773 1.572706 -0.000171 -3.141132 
0.598020 -0.013090 0.493780 1.572394 -0.000129 -3.141177 
0.597281 -0.011336 0.493785 1.572091 -0.000094 -3.141206 
0.596665 -0.009884 0.493789 1.571839 -0.000068 -3.141232 
0.596161 -0.008725 0.493791 1.571682 -0.000050 -3.141265 
0.595793 -0.007874 0.493788 1.571509 -0.000015 -3.141295 
0.595554 -0.007326 0.493779 1.571331 0.000016 -3.141328 
0.595418 -0.007001 0.493766 1.571278 0.000036 -3.141367 
0.595363 -0.006859 0.493744 1.571303 0.000078 -3.141417 
0.595369 -0.006851 0.493722 1.571198 0.000127 -3.141466 
0.595389 -0.006901 0.493703 1.571036 0.000170 -3.141510 
0.595414 -0.006998 0.493686 1.570815 0.000204 -3.141550 
0.595459 -0.007157 0.493665 1.570461 0.000243 3.141592 
0.595516 -0.007347 0.493640 1.570037 0.000287 3.141544 
0.595571 -0.007540 0.493622 1.569610 0.000323 3.141506 
0.595614 -0.007702 0.493608 1.569257 0.000351 3.141477 
0.595640 -0.007826 0.493602 1.568991 0.000358 3.141470 
0.595650 -0.007907 0.493605 1.568820 0.000352 3.141476 
0.595648 -0.007943 0.493609 1.568752 0.000346 3.141482 
0.595641 -0.007935 0.493611 1.568773 0.000343 3.141485 
0.595626 -0.007893 0.493615 1.568866 0.000334 3.141492 
0.595600 -0.007814 0.493619 1.569041 0.000327 3.141498 
0.595568 -0.007726 0.493624 1.569243 0.000317 3.141506 
0.595537 -0.007635 0.493630 1.569449 0.000308 3.141516 
0.595508 -0.007555 0.493641 1.569629 0.000295 3.141534 
0.595482 -0.007489 0.493656 1.569776 0.000275 3.141559 
0.595460 -0.007434 0.493677 1.569897 0.000244 -3.141591 
0.595442 -0.007388 0.493702 1.569989 0.000206 -3.141550 
0.595427 -0.007348 0.493724 1.570066 0.000172 -3.141514 
0.595416 -0.007312 0.493739 1.570135 0.000150 -3.141489 
0.595410 -0.007282 0.493745 1.570190 0.000140 -3.141479 
0.595408 -0.007256 0.493749 1.570237 0.000133 -3.141472 
0.595405 -0.007232 0.493751 1.570281 0.000131 -3.141470 
0.595401 -0.007209 0.493750 1.570329 0.000132 -3.141471 
0.595395 -0.007188 0.493748 1.570376 0.000134 -3.141475 
0.595390 -0.007168 0.493746 1.570422 0.000137 -3.141479 
0.595386 -0.007148 0.493743 1.570468 0.000144 -3.141484 
0.595381 -0.007132 0.493739 1.570507 0.000149 -3.141490 
0.595378 -0.007122 0.493738 1.570530 0.000150 -3.141491 
0.595376 -0.007113 0.493735 1.570551 0.000155 -3.141496 
0.595375 -0.007102 0.493728 1.570579 0.000166 -3.141509 
0.595373 -0.007090 0.493722 1.570606 0.000174 -3.141518 
0.595371 -0.007081 0.493719 1.570629 0.000179 -3.141524 
0.595370 -0.007072 0.493717 1.570648 0.000183 -3.141528 
0.595368 -0.007062 0.493715 1.570671 0.000186 -3.141531 
0.595367 -0.007052 0.493713 1.570692 0.000189 -3.141534 
0.595366 -0.007045 0.493712 1.570706 0.000190 -3.141535 
0.595365 -0.007040 0.493711 1.570717 0.000191 -3.141536 
0.595364 -0.007035 0.493711 1.570728 0.000192 -3.141538 
0.595364 -0.007028 0.493710 1.570741 0.000194 -3.141540 
0.595363 -0.007022 0.493708 1.570753 0.000195 -3.141541 
0.595363 -0.007016 0.493708 1.570764 0.000197 -3.141543 
0.595362 -0.007012 0.493707 1.570774 0.000197 -3.141543 
0.595361 -0.007007 0.493707 1.570783 0.000197 -3.141543 
0.595361 -0.007003 0.493707 1.570791 0.000198 -3.141544 
0.595360 -0.006999 0.493707 1.570798 0.000198 -3.141544 
0.595360 -0.006997 0.493707 1.570802 0.000198 -3.141544 
0.595360 -0.006996 0.493706 1.570805 0.000199 -3.141545 
0.595359 -0.006995 0.493706 1.570808 0.000199 -3.141545 
0.595359 -0.006994 0.493706 1.570810 0.000200 -3.141546 
0.595359 -0.006995 0.493705 1.570810 0.000201 -3.141547 
0.595360 -0.006996 0.493705 1.570808 0.000201 -3.141548 
0.595359 -0.006996 0.493705 1.570808 0.000201 -3.141548 
0.595359 -0.006997 0.493705 1.570808 0.000201 -3.141548 
0.595358 -0.006997 0.493705 1.570808 0.000202 -3.141548 
0.595358 -0.006998 0.493705 1.570808 0.000202 -3.141548 
0.595358 -0.006998 0.493705 1.570808 0.000202 -3.141548 
0.595357 -0.006999 0.493704 1.570807 0.000202 -3.141548 
0.595357 -0.006999 0.493704 1.570807 0.000202 -3.141549 
0.595358 -0.006999 0.493704 1.570806 0.000202 -3.141549 
0.595358 -0.006999 0.493703 1.570807 0.000203 -3.141550 
0.595358 -0.006999 0.493703 1.570808 0.000203 -3.141551 
0.595357 -0.006999 0.493703 1.570808 0.000203 -3.141551 
0.595357 -0.006999 0.493703 1.570808 0.000203 -3.141551 
0.595358 -0.006999 0.493703 1.570808 0.000203 -3.141551 
0.595358 -0.006999 0.493703 1.570808 0.000204 -3.141551 
0.595358 -0.006999 0.493703 1.570807 0.000203 -3.141550 
0.595358 -0.006999 0.493703 1.570807 0.000203 -3.141550 
0.595358 -0.007000 0.493703 1.570805 0.000203 -3.141551 
0.595358 -0.007000 0.493703 1.570804 0.000204 -3.141551 
0.595358 -0.007000 0.493703 1.570804 0.000204 -3.141552 
0.595358 -0.007000 0.493702 1.570804 0.000204 -3.141552 
0.595358 -0.007000 0.493702 1.570805 0.000204 -3.141552 
0.595358 -0.007000 0.493702 1.570805 0.000204 -3.141552 
0.595358 -0.006999 0.493703 1.570807 0.000204 -3.141552 
0.595358 -0.006999 0.493703 1.570807 0.000204 -3.141552 
0.595358 -0.006999 0.493703 1.570808 0.000205 -3.141552 
0.595358 -0.006999 0.493703 1.570807 0.000204 -3.141552 
0.595358 -0.007000 0.493703 1.570806 0.000204 -3.141552 
0.595358 -0.007000 0.493702 1.570805 0.000205 -3.141552 
0.595358 -0.007001 0.493702 1.570804 0.000205 -3.141553 
0.595358 -0.007001 0.493702 1.570804 0.000205 -3.141553 
0.595358 -0.007001 0.493702 1.570804 0.000205 -3.141553 
0.595358 -0.007000 0.493702 1.570805 0.000205 -3.141553 
0.595358 -0.007000 0.493702 1.570806 0.000205 -3.141553 
0.595358 -0.006999 0.493702 1.570807 0.000205 -3.141553 
0.595358 -0.006999 0.493702 1.570808 0.000205 -3.141553 
0.595358 -0.006999 0.493702 1.570807 0.000205 -3.141553 
0.595358 -0.006999 0.493702 1.570807 0.000205 -3.141553 
0.595358 -0.007000 0.493702 1.570806 0.000205 -3.141553 
0.595358 -0.007000 0.493702 1.570805 0.000205 -3.141553 
0.595359 -0.007000 0.493702 1.570805 0.000205 -3.141553 
0.595359 -0.007001 0.493702 1.570804 0.000205 -3.141554 
0.595358 -0.007001 0.493702 1.570804 0.000205 -3.141554 
0.595358 -0.007000 0.493702 1.570805 0.000205 -3.141554 
0.595358 -0.007000 0.493702 1.570806 0.000205 -3.141554 
0.595358 -0.007000 0.493702 1.570806 0.000205 -3.141553 
0.595358 -0.006999 0.493702 1.570807 0.000205 -3.141553 
0.595358 -0.006999 0.493702 1.570807 0.000205 -3.141554 
0.595358 -0.006999 0.493702 1.570807 0.000205 -3.141554 
0.595358 -0.007000 0.493702 1.570806 0.000206 -3.141554 
0.595359 -0.007000 0.493702 1.570806 0.000205 -3.141554 
0.595359 -0.007000 0.493702 1.570805 0.000205 -3.141554 
0.595359 -0.007001 0.493702 1.570805 0.000206 -3.141554 
0.595358 -0.007000 0.493702 1.570805 0.000206 -3.141554 
0.595358 -0.007000 0.493702 1.570805 0.000206 -3.141554 
0.595358 -0.007000 0.493702 1.570806 0.000206 -3.141554 
0.595358 -0.007000 0.493702 1.570806 0.000206 -3.141554 
0.595358 -0.007000 0.493702 1.570806 0.000205 -3.141554 
0.595358 -0.007000 0.493702 1.570806 0.000206 -3.141554 
0.595358 -0.007000 0.493702 1.570806 0.000205 -3.141554 
0.595358 -0.007000 0.493702 1.570806 0.000206 -3.141554 
0.595358 -0.007000 0.493702 1.570806 0.000206 -3.141554 
0.595359 -0.007000 0.493701 1.570805 0.000205 -3.141554 
0.595359 -0.007000 0.493701 1.570805 0.000205 -3.141554 
0.595359 -0.007000 0.493701 1.570805 0.000206 -3.141554 
0.595359 -0.007000 0.493701 1.570806 0.000206 -3.141554 
0.595358 -0.007000 0.493701 1.570806 0.000206 -3.141554 
0.595358 -0.007000 0.493701 1.570806 0.000206 -3.141554 
0.595358 -0.007000 0.493701 1.570807 0.000206 -3.141554 
0.595358 -0.006999 0.493701 1.570807 0.000206 -3.141554 
0.595358 -0.007000 0.493701 1.570807 0.000206 -3.141554 
0.595359 -0.007000 0.493701 1.570806 0.000206 -3.141554 
0.595359 -0.007000 0.493701 1.570806 0.000206 -3.141555 
0.595359 -0.007000 0.493701 1.570806 0.000206 -3.141555 
0.595359 -0.007000 0.493701 1.570806 0.000206 -3.141555 
0.595359 -0.007000 0.493701 1.570806 0.000206 -3.141555 
0.595359 -0.007000 0.493701 1.570806 0.000206 -3.141555 
0.595359 -0.007000 0.493701 1.570806 0.000206 -3.141555 
0.595359 -0.007000 0.493701 1.570806 0.000206 -3.141555 
0.595359 -0.007000 0.493701 1.570806 0.000206 -3.141555 
0.595359 -0.007000 0.493701 1.570807 0.000206 -3.141555 
0.595359 -0.007000 0.493701 1.570806 0.000206 -3.141555 
0.595359 -0.007000 0.493701 1.570806 0.000206 -3.141555 
0.595359 -0.007000 0.493701 1.570806 0.000206 -3.141555 
0.595359 -0.007000 0.493701 1.570806 0.000206 -3.141555 
0.595359 -0.007000 0.493701 1.570805 0.000206 -3.141555 
0.595359 -0.007000 0.493701 1.570805 0.000206 -3.141555 
0.595359 -0.007000 0.493701 1.570806 0.000206 -3.141555 
0.595359 -0.007000 0.493701 1.570806 0.000206 -3.141555 
0.595359 -0.007000 0.493701 1.570806 0.000206 -3.141555 
0.595359 -0.006999 0.493701 1.570807 0.000206 -3.141555 
