0.000006 0.000005 0.000004 -0.000003 0.000009 0.000006 
-0.000001 0.000004 -0.000011 0.000020 -0.000010 0.000018 
0.000002 -0.000001 -0.000012 0.000004 0.000016 0.000012 
-0.000003 -0.000005 0.000006 -0.000012 0.000011 -0.000012 
0.000004 0.000007 0.000006 -0.000002 -0.000008 -0.000000 
-0.000011 -0.000021 0.000008 -0.000008 0.000012 -0.000042 
0.000001 0.000004 -0.000000 0.000029 -0.000016 0.000030 
0.000003 0.000011 0.000004 -0.000026 -0.000012 0.000012 
-0.000002 -0.000011 -0.000008 0.000002 0.000031 -0.000018 
0.000005 0.000010 -0.000004 0.000002 -0.000015 0.000006 
0.000005 0.000002 -0.000007 -0.000010 0.000033 0.000012 
0.000004 0.000005 0.000002 0.000015 -0.000007 -0.000000 
-0.000004 -0.000002 0.000004 0.000011 -0.000024 -0.000000 
0.000005 -0.000002 -0.000008 -0.000017 0.000034 -0.000012 
-0.000003 0.000005 0.000013 -0.000002 -0.000028 0.000024 
0.000006 0.000010 -0.000002 -0.000003 0.000005 0.000006 
-0.000007 -0.000017 -0.000008 0.000000 0.000019 -0.000030 
-0.000003 -0.000001 0.000004 0.000005 -0.000016 0.000012 
0.000002 0.000001 -0.000006 -0.000009 0.000016 -0.000012 
-0.000002 -0.000008 -0.000004 0.000003 -0.000009 -0.000006 
0.000007 0.000015 0.000008 -0.000008 0.000006 0.000018 
-0.000005 -0.000008 0.000002 0.000004 0.000001 -0.000012 
0.000004 0.000001 -0.000000 0.000009 -0.000001 0.000012 
0.000000 0.000006 -0.000004 -0.000005 -0.000002 0.000000 
0.000002 0.000006 -0.000004 -0.000006 0.000010 0.000024 
-0.000008 -0.000011 0.000004 -0.000007 -0.000015 -0.000054 
0.000005 0.000001 0.000004 0.000009 0.000007 0.000018 
-0.000004 -0.000001 0.000004 -0.000008 -0.000021 -0.000006 
0.000005 0.000006 -0.000011 0.000006 0.000028 0.000018 
-0.000012 -0.000018 0.000006 -0.000001 -0.000002 -0.000018 
0.000012 0.000018 -0.000012 0.000002 -0.000001 0.000000 
0.000002 0.000000 0.000004 -0.000002 0.000015 0.000018 
-0.000001 0.000004 0.000002 0.000000 -0.000023 0.000006 
-0.000005 -0.000005 0.000008 -0.000008 0.000012 0.000006 
-0.000004 -0.000006 -0.000002 0.000005 -0.000020 -0.000012 
0.000009 0.000016 0.000006 -0.000012 -0.000007 0.000012 
-0.000001 -0.000009 -0.000006 0.000014 0.000025 -0.000012 
-0.000001 0.000000 0.000006 -0.000002 -0.000008 -0.000000 
0.000008 0.000007 -0.000013 0.000001 0.000022 0.000024 
-0.000002 -0.000008 0.000002 0.000003 -0.000005 -0.000000 
-0.000004 -0.000004 -0.000002 -0.000003 0.000005 -0.000036 
0.000003 0.000012 0.000000 -0.000003 -0.000018 0.000024 
-0.000005 -0.000014 0.000010 -0.000005 0.000007 -0.000030 
-0.000004 0.000002 0.000006 -0.000013 -0.000001 0.000018 
0.000005 0.000005 -0.000012 0.000015 0.000003 -0.000018 
0.000002 0.000000 0.000004 -0.000003 0.000015 0.000018 
-0.000005 -0.000004 -0.000000 -0.000005 -0.000030 -0.000012 
-0.000001 -0.000003 0.000000 0.000003 0.000018 0.000000 
-0.000008 -0.000006 -0.000000 -0.000006 -0.000041 -0.000018 
0.000004 -0.000001 -0.000002 0.000025 0.000026 0.000006 
0.000006 0.000011 0.000004 -0.000018 -0.000007 0.000012 
0.000009 0.000011 -0.000008 0.000015 0.000035 0.000030 
-0.000002 -0.000006 -0.000002 -0.000005 -0.000007 -0.000018 
-0.000001 0.000017 0.000002 -0.000011 -0.000034 0.000018 
-0.000012 -0.000032 -0.000004 0.000016 0.000014 -0.000060 
0.000010 0.000014 0.000004 -0.000021 0.000018 0.000036 
0.000006 0.000012 0.000002 0.000021 -0.000014 0.000012 
-0.000015 -0.000022 0.000009 0.000002 -0.000030 -0.000024 
0.000004 0.000007 -0.000013 0.000001 0.000021 0.000018 
-0.000003 -0.000006 0.000004 -0.000007 -0.000015 -0.000018 
-0.000003 -0.000010 -0.000014 -0.000005 0.000029 -0.000006 
0.000002 -0.000002 0.000002 0.000025 0.000010 -0.000036 
0.000006 0.000016 -0.000002 -0.000006 -0.000013 0.000060 
-0.000000 -0.000006 0.000004 0.000008 0.000002 -0.000012 
0.000003 0.000003 0.000000 0.000001 0.000006 0.000006 
0.000003 0.000015 0.000012 -0.000015 -0.000009 0.000030 
-0.000002 -0.000002 -0.000006 -0.000001 -0.000010 -0.000006 
-0.000002 -0.000011 -0.000008 0.000013 0.000024 -0.000018 
-0.000001 -0.000000 0.000002 0.000003 -0.000005 -0.000000 
-0.000009 -0.000005 0.000008 -0.000013 -0.000024 -0.000030 
0.000010 -0.000001 -0.000004 0.000023 0.000037 0.000018 
-0.000004 0.000013 0.000004 -0.000023 -0.000037 0.000036 
0.000008 -0.000007 -0.000014 0.000015 0.000032 -0.000018 
-0.000006 -0.000004 0.000006 -0.000002 -0.000008 -0.000018 
0.000001 0.000004 -0.000010 0.000007 0.000005 0.000012 
-0.000002 0.000002 0.000010 0.000005 -0.000013 0.000006 
0.000003 0.000008 0.000012 -0.000014 0.000003 0.000012 
-0.000009 -0.000017 -0.000006 0.000009 -0.000029 -0.000024 
0.000001 0.000009 0.000000 0.000000 -0.000000 0.000012 
-0.000988 0.000902 -0.001254 -0.004008 -0.006090 0.000935 
0.004861 0.009533 -0.022122 -0.050610 0.038629 0.007399 
0.012438 0.016937 -0.053492 -0.071245 0.074695 0.013876 
0.011082 0.017529 -0.071071 -0.074311 0.063793 0.013548 
0.003426 0.014802 -0.067169 -0.041375 0.013869 0.018000 
-0.002329 0.004838 -0.057084 -0.003673 -0.019024 0.003593 
-0.008184 -0.002015 -0.038305 0.034146 -0.068040 -0.007040 
-0.008038 -0.004108 -0.023715 0.055492 -0.076977 -0.018738 
-0.006816 -0.008485 -0.005268 0.065520 -0.067795 -0.045381 
-0.003263 -0.006783 0.012156 0.053668 -0.049367 -0.045498 
-0.004540 -0.008699 0.026820 0.043051 -0.045992 -0.032235 
-0.003913 -0.011131 0.032979 0.044314 -0.027137 -0.008411 
-0.003660 -0.009563 0.046285 0.042914 -0.021670 -0.000994 
-0.001832 -0.007734 0.053944 0.019124 0.004734 -0.004304 
0.002252 -0.007282 0.049311 0.007145 0.037041 -0.007176 
0.007394 -0.001504 0.044745 -0.008218 0.057900 0.005815 
0.008036 -0.000203 0.038844 -0.022899 0.064344 0.017289 
0.005759 0.002964 0.036044 -0.034041 0.045459 0.010687 
0.002576 0.004466 0.027186 -0.029251 0.019136 0.010417 
-0.000806 0.004479 0.014798 -0.023159 -0.002400 0.004129 
-0.003976 0.004295 0.010951 -0.019669 -0.022039 0.001951 
-0.002966 0.003227 0.007121 -0.009508 -0.012610 0.006324 
-0.003804 -0.000215 0.000945 -0.000694 -0.011858 -0.000308 
-0.001376 0.001479 -0.004129 -0.002803 -0.002408 0.003532 
0.000993 0.002541 -0.009060 -0.004676 0.008440 0.005335 
0.001654 0.001003 -0.014109 -0.000734 0.013203 0.002519 
0.001120 0.000075 -0.013449 0.000147 0.009124 0.000388 
0.000008 0.000019 -0.012547 -0.001255 0.002513 -0.001550 
-0.001988 -0.001275 -0.011017 0.000945 -0.007322 -0.002181 
-0.002520 -0.002314 -0.009969 0.005553 -0.008958 -0.004062 
-0.002279 -0.002860 -0.008409 0.008016 -0.006973 -0.004866 
-0.001034 -0.001766 -0.005286 0.005839 -0.002688 -0.003641 
-0.000002 -0.001035 -0.003436 0.004526 0.001717 -0.002091 
0.000206 -0.000829 -0.002736 0.004570 0.001811 -0.000772 
0.000415 0.000165 -0.000774 0.002746 0.000643 0.001125 
0.000149 0.000311 0.000604 0.000165 -0.000396 0.000528 
-0.000641 -0.000068 0.001953 0.000743 -0.004104 0.000126 
-0.001173 -0.000355 0.003297 0.001576 -0.007157 -0.000273 
-0.001286 -0.000529 0.003924 0.001936 -0.007685 -0.000885 
-0.000823 -0.000626 0.003380 0.004003 -0.005846 -0.000354 
-0.000910 0.000010 0.003978 0.003239 -0.008038 0.000931 
-0.000474 0.000214 0.002713 0.002633 -0.006298 0.000909 
-0.000014 0.000618 0.002069 0.000899 -0.004038 0.000981 
0.000161 0.000468 0.001649 -0.000534 -0.000331 0.000559 
0.001004 0.000635 0.001101 -0.000809 0.004968 0.000801 
0.001400 0.000203 0.001108 -0.000270 0.007968 -0.000099 
0.001404 -0.000090 0.001237 -0.000494 0.009458 -0.000886 
0.000970 -0.000240 0.000718 -0.000447 0.007446 -0.000908 
0.000499 -0.000054 0.000073 -0.000536 0.003464 -0.000397 
0.000344 0.000050 0.000300 -0.000269 0.001883 -0.000429 
0.000214 0.000174 0.000291 -0.000308 0.000802 0.000115 
0.000066 0.000186 0.000031 -0.000059 -0.000222 0.000299 
-0.000036 0.000036 -0.000020 -0.000040 -0.000417 0.000036 
-0.000079 -0.000175 -0.000001 -0.000086 0.000029 -0.000868 
-0.000036 -0.000062 -0.000040 -0.000165 0.000126 -0.000249 
-0.000043 0.000005 0.000085 -0.000117 -0.000324 -0.000060 
-0.000020 0.000024 0.000221 -0.000385 -0.000160 -0.000089 
-0.000010 0.000095 0.000140 -0.000595 -0.000062 -0.000014 
0.000043 0.000121 -0.000045 -0.000503 0.000052 -0.000234 
0.000129 0.000151 -0.000188 -0.000502 0.000595 0.000236 
0.000067 0.000059 -0.000106 -0.000335 0.000392 -0.000150 
-0.000000 0.000006 -0.000014 -0.000684 0.000400 -0.000220 
-0.000068 0.000027 0.000133 -0.000555 -0.000180 -0.000110 
-0.000099 -0.000027 0.000138 -0.000456 -0.000445 -0.000261 
0.000034 0.000062 0.000111 -0.000599 0.000222 -0.000091 
0.000098 0.000154 0.000069 -0.000679 0.000348 0.000055 
0.000117 0.000167 -0.000052 -0.000372 0.000322 0.000215 
0.000017 0.000035 0.000029 -0.000325 0.000133 -0.000021 
0.000051 0.000106 -0.000020 -0.000643 0.000288 -0.000058 
0.000038 0.000141 -0.000031 -0.000418 0.000051 0.000167 
0.000000 0.000028 0.000064 -0.000219 -0.000032 -0.000040 
-0.000041 -0.000009 0.000146 -0.000363 -0.000036 -0.000148 
-0.000057 0.000021 0.000207 -0.000361 -0.000221 -0.000035 
-0.000069 0.000014 0.000127 -0.000274 -0.000359 -0.000089 
-0.000060 -0.000015 0.000134 -0.000223 -0.000330 -0.000120 
-0.000029 -0.000070 0.000076 -0.000271 0.000092 -0.000250 
0.000021 -0.000045 -0.000016 -0.000138 0.000152 -0.000178 
0.000032 0.000040 -0.000017 -0.000050 0.000044 0.000031 
0.000063 0.000071 -0.000091 -0.000173 0.000245 0.000081 
0.000062 0.000080 -0.000079 -0.000240 0.000296 0.000082 
0.000020 0.000036 -0.000010 -0.000078 0.000056 0.000049 
-0.000012 0.000022 0.000062 -0.000099 -0.000088 0.000018 
-0.000022 -0.000009 0.000084 -0.000130 -0.000065 -0.000078 
-0.000029 -0.000002 0.000092 -0.000144 -0.000095 -0.000054 
-0.000041 -0.000018 0.000016 -0.000058 -0.000176 -0.000024 
-0.000072 -0.000150 0.000000 -0.000051 -0.000004 -0.000323 
-0.000003 -0.000055 -0.000043 -0.000070 0.000120 -0.000166 
0.000030 0.000039 -0.000009 -0.000015 0.000026 0.000090 
0.000055 0.000067 -0.000035 -0.000059 0.000104 0.000115 
0.000020 0.000021 -0.000058 -0.000093 0.000160 -0.000034 
0.000002 -0.000005 -0.000038 -0.000063 0.000068 0.000013 
0.000028 0.000053 -0.000001 -0.000016 0.000018 0.000102 
0.000031 0.000058 0.000004 -0.000035 0.000025 0.000102 
-0.000011 -0.000027 0.000008 -0.000023 0.000008 -0.000066 
-0.000034 -0.000028 0.000016 -0.000040 -0.000076 -0.000042 
-0.000045 -0.000063 0.000015 -0.000029 -0.000065 -0.000132 
-0.000018 -0.000030 -0.000002 -0.000016 0.000001 -0.000090 
-0.000003 -0.000004 0.000004 0.000004 -0.000004 0.000024 
0.000004 -0.000029 -0.000023 -0.000003 0.000041 -0.000078 
0.000005 -0.000005 -0.000011 -0.000026 0.000045 -0.000024 
0.000031 0.000038 -0.000030 -0.000031 0.000068 0.000043 
0.000084 0.000118 -0.000033 0.000022 0.000081 0.000270 
0.000025 0.000033 -0.000006 0.000047 0.000001 0.000054 
-0.000000 -0.000004 -0.000003 0.000011 0.000025 0.000000 
-0.000013 -0.000011 0.000012 0.000002 -0.000036 -0.000048 
-0.000024 -0.000017 0.000019 0.000013 -0.000093 -0.000024 
-0.000013 -0.000012 0.000037 -0.000012 -0.000061 -0.000030 
-0.000053 -0.000091 0.000017 0.000047 -0.000039 -0.000168 
-0.000016 -0.000061 -0.000004 0.000067 -0.000018 -0.000120 
0.000007 0.000002 -0.000025 0.000037 0.000016 0.000054 
0.000008 0.000002 -0.000019 -0.000009 0.000025 -0.000030 
0.000044 0.000060 -0.000040 -0.000001 0.000082 0.000127 
0.000038 0.000061 -0.000006 -0.000009 0.000015 0.000078 
0.000007 0.000016 0.000004 -0.000027 0.000012 0.000024 
-0.000000 0.000018 0.000018 -0.000008 -0.000019 0.000084 
-0.000010 -0.000001 0.000019 -0.000019 -0.000052 -0.000036 
-0.000029 -0.000031 0.000035 -0.000024 -0.000042 -0.000060 
-0.000038 -0.000057 0.000050 -0.000059 -0.000046 -0.000126 
-0.000028 -0.000057 -0.000002 -0.000005 0.000012 -0.000120 
-0.000004 -0.000012 -0.000014 0.000022 -0.000005 -0.000000 
0.000025 0.000011 -0.000036 0.000011 0.000078 0.000012 
0.000019 0.000020 -0.000049 -0.000017 0.000084 0.000067 
0.000038 0.000060 -0.000022 -0.000025 0.000054 0.000097 
0.000029 0.000038 -0.000009 -0.000017 0.000032 0.000042 
0.000015 0.000042 0.000008 -0.000020 0.000024 0.000090 
-0.000005 0.000007 0.000023 -0.000036 -0.000048 0.000000 
-0.000018 -0.000007 0.000031 -0.000012 -0.000070 -0.000012 
-0.000048 -0.000064 0.000031 -0.000032 -0.000025 -0.000168 
-0.000011 -0.000013 0.000029 -0.000045 -0.000019 -0.000024 
-0.000024 -0.000057 0.000004 0.000013 -0.000005 -0.000072 
-0.000006 -0.000044 -0.000017 -0.000005 0.000033 -0.000120 
0.000005 -0.000013 -0.000039 0.000015 0.000035 -0.000018 
0.000037 0.000042 -0.000034 -0.000018 0.000089 0.000061 
0.000049 0.000059 -0.000047 -0.000054 0.000121 0.000103 
0.000024 0.000046 -0.000018 -0.000033 0.000046 0.000085 
0.000014 0.000031 0.000012 -0.000038 0.000006 0.000048 
-0.000014 -0.000005 0.000023 -0.000024 -0.000049 -0.000012 
-0.000008 -0.000005 0.000019 -0.000012 -0.000022 -0.000024 
-0.000027 -0.000029 0.000035 -0.000028 -0.000048 -0.000078 
-0.000029 -0.000043 0.000019 -0.000015 -0.000022 -0.000048 
-0.000012 -0.000045 -0.000008 -0.000013 0.000016 -0.000114 
0.000004 -0.000003 -0.000031 0.000029 0.000037 0.000006 
0.000004 -0.000015 -0.000015 -0.000002 0.000027 -0.000024 
0.000023 0.000021 -0.000034 0.000002 0.000056 0.000018 
0.000017 0.000029 -0.000009 -0.000018 0.000008 0.000048 
0.000030 0.000038 -0.000013 -0.000007 0.000047 0.000084 
0.000010 0.000057 0.000028 -0.000031 -0.000035 0.000090 
0.000006 0.000031 0.000027 -0.000023 -0.000052 0.000036 
-0.000017 -0.000006 0.000041 -0.000039 -0.000049 -0.000000 
-0.000021 -0.000028 0.000042 -0.000015 -0.000044 -0.000060 
-0.000032 -0.000059 0.000019 -0.000046 -0.000017 -0.000156 
-0.000011 -0.000029 -0.000009 0.000005 0.000029 -0.000006 
-0.000015 -0.000038 -0.000025 0.000025 0.000023 -0.000084 
0.000015 -0.000005 -0.000044 0.000011 0.000062 -0.000017 
0.000010 0.000019 -0.000012 0.000033 -0.000006 0.000066 
0.000032 0.000043 -0.000009 -0.000026 0.000033 0.000036 
0.000026 0.000070 0.000010 -0.000028 -0.000009 0.000150 
0.000011 0.000037 0.000031 -0.000025 -0.000063 0.000048 
-0.000004 0.000006 0.000031 -0.000016 -0.000021 0.000030 
-0.000025 -0.000027 0.000031 -0.000012 -0.000058 -0.000072 
-0.000019 -0.000040 0.000014 -0.000034 -0.000005 -0.000084 
-0.000015 -0.000026 -0.000000 -0.000000 0.000000 -0.000060 
-0.000015 -0.000045 -0.000017 0.000019 0.000041 -0.000102 
-0.000003 -0.000025 -0.000019 0.000022 0.000027 -0.000018 
0.000004 0.000000 -0.000035 0.000022 0.000012 0.000006 
0.000015 0.000022 -0.000004 0.000002 0.000015 0.000030 
0.000030 0.000057 -0.000008 -0.000021 0.000004 0.000132 
0.000016 0.000032 0.000004 -0.000005 -0.000003 0.000060 
0.000009 0.000028 0.000020 -0.000024 -0.000003 0.000036 
-0.000002 0.000022 0.000023 -0.000001 -0.000046 0.000042 
-0.000020 -0.000022 0.000023 -0.000032 -0.000041 -0.000072 
-0.000013 -0.000028 0.000008 0.000003 0.000005 -0.000024 
-0.000027 -0.000049 0.000004 -0.000005 -0.000003 -0.000108 
-0.000013 -0.000041 -0.000012 0.000014 0.000015 -0.000072 
-0.000009 -0.000033 -0.000029 0.000022 0.000034 -0.000060 
0.000004 -0.000009 -0.000025 0.000034 0.000016 -0.000012 
0.000019 0.000027 -0.000023 0.000018 0.000031 0.000060 
0.000030 0.000045 -0.000008 -0.000027 0.000029 0.000072 
0.000026 0.000056 -0.000003 0.000000 0.000002 0.000120 
0.000001 0.000029 0.000031 -0.000020 -0.000045 0.000072 
-0.000007 -0.000001 0.000042 -0.000024 -0.000043 -0.000042 
-0.000005 0.000001 0.000015 -0.000009 -0.000031 -0.000018 
-0.000038 -0.000064 0.000015 0.000001 -0.000015 -0.000090 
-0.000007 -0.000014 -0.000008 -0.000011 0.000009 -0.000030 
-0.000001 -0.000020 -0.000019 0.000015 0.000023 -0.000036 
-0.000007 -0.000031 -0.000031 0.000008 0.000046 -0.000066 
0.000010 0.000002 -0.000029 0.000034 0.000032 0.000030 
0.000005 0.000015 0.000000 -0.000003 -0.000006 0.000030 
0.000026 0.000034 -0.000023 0.000012 0.000039 0.000048 
0.000029 0.000064 0.000023 -0.000011 -0.000033 0.000138 
0.000002 0.000016 0.000023 -0.000029 -0.000024 0.000006 
-0.000016 -0.000011 0.000029 0.000008 -0.000044 0.000006 
-0.000007 -0.000011 0.000012 -0.000035 -0.000006 -0.000066 
-0.000014 -0.000008 0.000015 -0.000011 -0.000031 -0.000000 
-0.000019 -0.000044 -0.000016 0.000009 0.000020 -0.000084 
-0.000007 -0.000032 -0.000019 0.000033 0.000020 -0.000042 
-0.000009 -0.000027 -0.000027 0.000016 0.000030 -0.000048 
0.000006 -0.000007 -0.000021 0.000010 0.000034 -0.000030 
0.000015 0.000032 -0.000023 0.000009 0.000015 0.000066 
0.000021 0.000033 0.000004 -0.000005 -0.000003 0.000072 
0.000018 0.000033 0.000004 -0.000005 -0.000003 0.000048 
0.000003 0.000027 0.000016 -0.000007 -0.000008 0.000078 
-0.000011 0.000003 0.000037 -0.000047 -0.000056 -0.000036 
-0.000017 -0.000015 0.000017 0.000014 -0.000033 -0.000006 
-0.000026 -0.000047 0.000010 -0.000027 -0.000008 -0.000084 
-0.000008 -0.000030 -0.000012 0.000004 0.000017 -0.000066 
-0.000013 -0.000035 -0.000025 0.000028 0.000023 -0.000072 
0.000000 -0.000024 -0.000027 -0.000007 0.000063 -0.000053 
0.000016 0.000022 -0.000035 0.000021 0.000018 0.000042 
0.000015 0.000007 -0.000025 0.000008 0.000050 0.000018 
0.000024 0.000040 -0.000005 -0.000006 0.000033 0.000090 
0.000018 0.000049 0.000016 -0.000033 -0.000011 0.000072 
-0.000006 0.000007 0.000027 -0.000017 -0.000042 0.000012 
-0.000010 -0.000006 0.000023 -0.000009 -0.000033 -0.000012 
-0.000011 -0.000011 0.000031 -0.000006 -0.000034 -0.000006 
-0.000020 -0.000035 -0.000008 -0.000003 0.000002 -0.000066 
0.000000 -0.000004 -0.000019 0.000015 0.000005 -0.000006 
-0.000015 -0.000045 -0.000008 -0.000003 0.000020 -0.000096 
-0.000002 -0.000019 -0.000046 0.000030 0.000052 -0.000024 
0.000002 -0.000005 -0.000006 -0.000015 0.000023 0.000012 
0.000020 0.000033 -0.000015 0.000025 0.000010 0.000060 
0.000033 0.000064 0.000008 -0.000020 -0.000005 0.000078 
0.000014 0.000029 0.000012 -0.000006 -0.000011 0.000060 
0.000001 0.000035 0.000023 -0.000029 -0.000025 0.000078 
-0.000010 -0.000009 0.000025 -0.000017 -0.000030 -0.000012 
-0.000022 -0.000033 0.000012 -0.000008 -0.000022 -0.000084 
-0.000006 -0.000009 0.000004 0.000010 -0.000004 -0.000024 
-0.000020 -0.000052 -0.000008 -0.000003 0.000020 -0.000108 
-0.000004 -0.000017 -0.000029 0.000022 0.000016 -0.000012 
-0.000004 -0.000024 -0.000027 0.000016 0.000048 -0.000042 
0.000016 0.000019 -0.000008 -0.000001 0.000013 0.000060 
0.000014 0.000021 -0.000013 0.000002 0.000021 0.000024 
0.000014 0.000025 -0.000004 -0.000008 0.000016 0.000030 
0.000003 0.000026 0.000020 -0.000026 -0.000015 0.000042 
-0.000003 0.000016 0.000025 -0.000019 -0.000043 0.000060 
0.000003 0.000013 0.000019 -0.000016 -0.000028 -0.000012 
-0.000010 -0.000010 0.000008 0.000002 -0.000008 0.000018 
-0.000003 -0.000022 0.000004 -0.000014 0.000005 -0.000078 
-0.000010 -0.000024 -0.000019 0.000023 0.000015 -0.000018 
-0.000011 -0.000033 -0.000008 -0.000009 0.000027 -0.000090 
0.000004 -0.000013 -0.000031 0.000017 0.000027 -0.000012 
0.000001 -0.000002 -0.000019 0.000017 0.000034 -0.000012 
0.000013 0.000023 -0.000007 -0.000013 0.000015 0.000042 
0.000030 0.000057 -0.000007 -0.000004 0.000007 0.000114 
-0.000003 0.000005 0.000023 -0.000020 -0.000025 0.000018 
0.000010 0.000023 0.000023 -0.000027 -0.000006 -0.000012 
-0.000010 0.000003 0.000031 0.000008 -0.000067 0.000059 
-0.000011 -0.000013 0.000010 -0.000019 -0.000021 -0.000048 
-0.000011 -0.000023 -0.000008 0.000013 0.000024 -0.000018 
-0.000021 -0.000053 -0.000010 0.000004 0.000012 -0.000120 
0.000003 -0.000018 -0.000029 0.000002 0.000049 -0.000042 
0.000006 -0.000002 -0.000025 0.000038 0.000022 0.000018 
0.000009 0.000012 -0.000015 0.000017 0.000018 0.000000 
0.000031 0.000059 -0.000004 -0.000006 0.000010 0.000126 
0.000001 0.000008 0.000012 -0.000016 -0.000009 0.000030 
0.000010 0.000039 0.000019 -0.000016 -0.000035 0.000048 
0.000006 0.000017 0.000031 -0.000017 -0.000027 0.000006 
-0.000011 -0.000012 0.000012 -0.000016 -0.000009 -0.000006 
-0.000015 -0.000019 0.000019 -0.000004 -0.000030 -0.000024 
-0.000018 -0.000040 -0.000016 0.000008 0.000008 -0.000078 
-0.000020 -0.000050 -0.000012 0.000025 0.000026 -0.000090 
0.000008 0.000005 -0.000023 -0.000010 0.000036 0.000006 
0.000002 -0.000013 -0.000021 0.000023 0.000020 -0.000006 
0.000007 0.000017 -0.000002 -0.000003 0.000005 0.000036 
0.000011 0.000013 -0.000000 -0.000000 0.000000 -0.000000 
0.000019 0.000042 0.000010 -0.000018 -0.000004 0.000114 
0.000010 0.000031 0.000021 -0.000011 -0.000028 0.000012 
-0.000009 -0.000000 0.000017 -0.000000 -0.000032 0.000006 
-0.000009 -0.000007 0.000019 -0.000004 -0.000030 -0.000012 
0.000000 -0.000014 -0.000006 -0.000026 0.000031 -0.000030 
-0.000008 -0.000017 -0.000012 0.000016 0.000009 -0.000024 
-0.000010 -0.000024 -0.000008 0.000027 -0.000009 -0.000054 
-0.000016 -0.000032 -0.000014 -0.000021 0.000007 -0.000042 
0.000009 0.000002 -0.000021 0.000052 0.000022 -0.000000 
0.000004 0.000005 -0.000004 -0.000006 0.000010 0.000012 
0.000017 0.000026 0.000000 -0.000006 0.000025 0.000060 
0.000020 0.000053 0.000006 -0.000004 -0.000021 0.000096 
-0.000003 0.000004 0.000012 -0.000029 -0.000019 0.000012 
-0.000005 0.000009 0.000029 0.000001 -0.000043 0.000024 
-0.000008 -0.000023 0.000015 -0.000008 -0.000007 -0.000102 
-0.000010 -0.000008 0.000000 -0.000003 -0.000018 0.000006 
-0.000007 -0.000020 -0.000015 -0.000009 0.000022 -0.000042 
-0.000021 -0.000045 -0.000012 0.000023 0.000014 -0.000066 
0.000005 -0.000005 -0.000017 0.000030 0.000034 0.000006 
0.000011 0.000011 -0.000012 0.000002 -0.000001 0.000012 
0.000009 0.000010 -0.000013 0.000006 0.000033 0.000024 
0.000004 0.000015 0.000014 -0.000003 -0.000016 0.000042 
0.000014 0.000037 0.000002 -0.000011 -0.000016 0.000090 
0.000004 0.000031 0.000019 -0.000003 -0.000030 0.000054 
-0.000005 -0.000014 0.000011 -0.000005 -0.000016 -0.000036 
-0.000007 -0.000007 0.000012 -0.000004 -0.000016 -0.000042 
-0.000008 -0.000009 0.000008 -0.000010 -0.000006 -0.000018 
0.000252 0.000145 -0.001990 0.001785 0.001439 0.001996 
0.000684 0.000415 -0.005425 0.006231 0.003445 0.003872 
0.001660 -0.000821 -0.012228 0.016163 0.009187 0.003943 
0.002548 0.000560 -0.013873 0.018566 0.010291 0.007141 
0.004848 0.007449 -0.013289 0.017763 0.010188 0.020427 
0.007285 0.014707 -0.013098 0.017398 0.010143 0.018986 
0.013588 0.029257 -0.014470 0.018977 0.011458 0.013119 
0.023448 0.051988 -0.014308 0.018321 0.011807 0.006177 
0.034377 0.080131 -0.012420 0.016669 0.010220 -0.004986 
0.041366 0.101004 -0.010215 0.014489 0.008068 -0.045937 
0.051573 0.134030 -0.006889 0.010659 0.005340 -0.057517 
0.063443 0.173307 -0.002491 0.006164 0.000830 -0.055906 
0.075303 0.212462 0.000973 0.002856 -0.002108 -0.047798 
0.088560 0.253864 0.003397 0.000780 -0.004341 -0.042047 
0.101573 0.294517 0.007974 -0.003392 -0.006748 -0.036413 
0.115164 0.338995 0.011688 -0.007419 -0.007003 -0.022976 
0.129464 0.386154 0.014017 -0.009199 -0.005839 -0.000385 
0.143354 0.432687 0.014582 -0.007132 -0.001826 0.017989 
0.153652 0.470327 0.016556 -0.005708 -0.001165 0.012719 
0.160536 0.507545 0.017476 -0.006856 -0.000533 0.013611 
0.167359 0.547839 0.015835 -0.003750 -0.002096 0.019503 
0.174844 0.589172 0.018575 -0.006923 -0.002289 0.021961 
0.180821 0.636008 0.018486 -0.008168 -0.000262 0.040247 
0.181211 0.664777 0.014981 -0.001349 0.002014 0.025952 
0.175460 0.687591 0.015766 -0.002346 -0.002948 0.002902 
0.172861 0.716796 0.014553 0.002464 -0.010999 0.002622 
0.168923 0.747735 0.016529 -0.006082 -0.009503 0.023815 
0.160910 0.751442 0.013589 0.001257 -0.008000 0.015547 
0.149102 0.755265 0.014835 0.000453 -0.011353 -0.003948 
0.145049 0.769213 0.014214 0.001736 -0.007219 0.019802 
0.135602 0.781529 0.012931 -0.007843 -0.004962 0.040272 
0.122340 0.773342 0.011728 0.000533 -0.005551 0.032883 
0.110006 0.777029 0.011996 0.000216 -0.003401 0.048405 
0.102287 0.777160 0.011642 -0.001947 0.009879 0.050336 
0.088719 0.767507 0.009874 -0.005677 0.015639 0.035884 
0.077578 0.754615 0.011228 0.002233 0.009597 0.007265 
0.067097 0.762097 0.010684 -0.001813 0.011512 0.028690 
0.056075 0.751849 0.009552 -0.002448 0.012058 0.007455 
0.039994 0.736030 0.010061 0.004172 -0.001949 -0.017760 
0.029503 0.730335 0.012065 0.009138 -0.012824 -0.026998 
0.020073 0.737367 0.010287 0.002084 -0.005242 -0.011498 
0.009429 0.727941 0.010071 0.000390 -0.002284 -0.026950 
-0.000698 0.720027 0.009738 0.006962 -0.002866 -0.037969 
-0.009906 0.727723 0.009939 0.003467 -0.005301 -0.021223 
-0.019258 0.733798 0.008517 0.000919 -0.000603 -0.003228 
-0.030495 0.723866 0.007767 0.002692 -0.001351 -0.021024 
-0.038248 0.720752 0.008043 0.004654 0.004004 -0.021990 
-0.047941 0.730182 0.009558 -0.005689 0.007874 -0.000877 
-0.056685 0.728427 0.008404 -0.007297 0.015261 0.000555 
-0.067984 0.717506 0.008164 -0.004966 0.011274 -0.015000 
-0.075532 0.718874 0.008040 -0.003169 0.012990 -0.010288 
-0.087107 0.727936 0.009310 -0.013475 0.013244 0.015395 
-0.096971 0.716855 0.008450 -0.006555 0.007927 0.000344 
-0.109352 0.708658 0.008829 0.000093 -0.008641 -0.008084 
-0.117046 0.711262 0.008487 0.000599 -0.005899 0.002383 
-0.128965 0.712867 0.008407 -0.005807 -0.003354 0.012908 
-0.136286 0.695958 0.007444 0.002642 -0.001802 -0.012202 
-0.146708 0.695223 0.007942 0.004062 -0.004801 -0.005681 
-0.154641 0.697671 0.008105 -0.000366 -0.000759 0.004180 
-0.165167 0.691135 0.008132 -0.009196 0.006085 0.002555 
-0.168426 0.667352 0.006894 -0.000184 0.009358 -0.036765 
-0.177926 0.660547 0.006921 -0.002319 0.004855 -0.011869 
-0.181309 0.644885 0.007411 -0.009133 0.007048 0.009423 
-0.183233 0.613180 0.006770 -0.009578 0.005888 0.014502 
-0.177342 0.578349 0.006077 -0.003321 0.005838 0.014489 
-0.175183 0.554780 0.006756 -0.012729 0.006097 0.040835 
-0.169226 0.523260 0.007440 -0.018594 0.008982 0.053194 
-0.161084 0.478838 0.007425 -0.013911 0.005495 0.036270 
-0.152168 0.435862 0.004985 -0.002386 -0.001072 0.023370 
-0.143198 0.398960 0.005821 -0.002828 -0.005529 0.014377 
-0.133977 0.365256 0.004975 -0.003388 -0.002645 0.020225 
-0.123149 0.327899 0.002578 0.001229 -0.000006 0.013051 
-0.109548 0.284637 0.001633 0.001846 0.001427 -0.009787 
-0.097544 0.243805 0.001441 0.002022 0.002299 -0.024163 
-0.085051 0.206908 0.000664 0.004129 0.004473 -0.031146 
-0.074241 0.175108 0.000540 0.003450 0.003009 -0.030358 
-0.061796 0.145096 0.000374 0.002668 0.002521 -0.025221 
-0.050511 0.115784 0.000177 0.001753 0.003310 -0.015675 
-0.036883 0.085078 -0.000305 0.003457 0.003009 -0.017281 
-0.023987 0.054721 -0.000890 0.003090 0.003300 -0.017793 
-0.013612 0.032508 -0.001314 0.002006 0.003985 -0.005297 
-0.005474 0.014204 -0.002181 0.004198 0.004995 0.002527 
0.000633 0.000817 -0.002193 0.004888 0.004837 -0.010489 
0.001999 -0.004950 -0.001911 0.004284 0.004426 -0.016271 
0.002436 -0.009775 -0.001654 0.003468 0.004051 -0.022034 
0.004524 -0.015829 -0.002120 0.003882 0.004247 -0.035426 
0.005700 -0.019057 -0.002496 0.004432 0.004867 -0.042365 
0.005550 -0.019314 -0.001810 0.003523 0.003782 -0.042695 
0.004298 -0.016187 -0.001447 0.002869 0.002926 -0.035313 
0.002525 -0.012413 -0.000550 0.000700 0.000670 -0.026677 
0.001019 -0.008108 0.000243 -0.000653 -0.000579 -0.017089 
-0.000132 -0.003529 0.000413 -0.000602 -0.000663 -0.006753 
-0.000784 0.000758 0.000181 -0.000278 -0.000221 0.002115 
-0.001486 0.004245 0.000471 -0.000872 -0.000748 0.009276 
-0.002570 0.007867 0.000388 -0.000718 -0.000643 0.017539 
-0.003207 0.008767 0.000478 -0.000950 -0.000771 0.020128 
-0.003114 0.009128 0.000619 -0.000939 -0.000991 0.020667 
-0.002882 0.007978 0.001071 -0.001286 -0.001774 0.017927 
-0.002574 0.006607 0.001546 -0.001998 -0.002560 0.014679 
-0.002194 0.005504 0.002070 -0.003102 -0.003436 0.012176 
-0.001872 0.004598 0.002473 -0.003825 -0.004100 0.009174 
-0.001495 0.004004 0.002202 -0.003387 -0.003656 0.007718 
-0.001105 0.003572 0.001503 -0.002255 -0.002477 0.006849 
-0.000537 0.002998 0.000624 -0.000958 -0.001000 0.005579 
-0.000261 0.002670 0.000419 -0.000700 -0.000683 0.004650 
-0.000261 0.002391 0.000156 -0.000230 -0.000226 0.004446 
-0.000460 0.002245 -0.000076 0.000090 0.000107 0.004716 
-0.000520 0.002109 -0.000184 0.000194 0.000376 0.004710 
-0.000505 0.002015 -0.000222 0.000352 0.000384 0.004602 
-0.000474 0.002007 -0.000335 0.000648 0.000534 0.004613 
-0.000453 0.001606 -0.000362 0.000537 0.000599 0.003883 
-0.000340 0.000937 -0.000078 0.000110 0.000150 0.002295 
-0.000155 0.000952 -0.000293 0.000461 0.000494 0.002157 
-0.000102 0.001109 -0.000747 0.001129 0.001248 0.002738 
-0.000187 0.001147 -0.000563 0.000830 0.000917 0.002774 
-0.000193 0.000965 -0.000331 0.000464 0.000551 0.002277 
-0.000132 0.000849 -0.000223 0.000387 0.000402 0.001923 
-0.000164 0.001063 -0.000203 0.000332 0.000338 0.002277 
-0.000148 0.000980 -0.000158 0.000255 0.000272 0.002085 
-0.000066 0.000703 -0.000089 0.000131 0.000149 0.001396 
-0.000089 0.000511 -0.000065 0.000094 0.000109 0.001091 
-0.000093 0.000511 -0.000076 0.000119 0.000127 0.001097 
-0.000070 0.000620 -0.000116 0.000151 0.000206 0.001300 
-0.000021 0.000626 -0.000109 0.000176 0.000190 0.001204 
-0.000033 0.000563 -0.000074 0.000114 0.000123 0.001085 
-0.000084 0.000498 -0.000036 0.000041 0.000060 0.001031 
-0.000094 0.000427 0.000005 0.000027 -0.000008 0.000899 
-0.000036 0.000395 -0.000021 0.000042 0.000035 0.000761 
-0.000045 0.000391 -0.000021 0.000038 0.000049 0.000779 
-0.000012 0.000193 -0.000029 0.000032 0.000043 0.000354 
-0.000036 0.000107 -0.000030 0.000007 0.000051 0.000276 
-0.000057 0.000116 -0.000026 0.000016 0.000038 0.000318 
-0.000010 0.000075 -0.000042 0.000106 0.000082 0.000198 
0.000012 -0.000023 -0.000059 0.000094 0.000111 -0.000018 
0.000005 -0.000086 -0.000039 0.000028 0.000059 -0.000120 
-0.000044 -0.000070 -0.000011 0.000030 0.000022 -0.000036 
-0.000049 -0.000065 -0.000002 0.000009 -0.000001 -0.000006 
-0.000047 -0.000056 -0.000000 0.000021 0.000011 -0.000000 
-0.000043 -0.000050 0.000002 0.000014 0.000005 -0.000000 
-0.000012 -0.000032 -0.000003 0.000012 -0.000005 -0.000030 
-0.000010 -0.000060 -0.000010 -0.000016 0.000010 -0.000096 
-0.000004 -0.000033 -0.000018 0.000004 0.000039 -0.000024 
0.000009 -0.000014 -0.000040 0.000060 0.000072 -0.000018 
0.000010 0.000009 -0.000048 0.000080 0.000086 0.000054 
-0.000003 0.000031 -0.000021 0.000010 0.000022 0.000066 
-0.000020 0.000038 0.000000 0.000000 -0.000000 0.000090 
0.000012 -0.000010 0.000005 0.000008 0.000007 -0.000048 
0.000013 -0.000003 0.000005 0.000009 -0.000008 -0.000030 
0.000005 -0.000003 0.000007 0.000028 0.000001 0.000006 
-0.000000 -0.000021 -0.000005 -0.000014 -0.000010 -0.000042 
0.000003 -0.000039 -0.000002 -0.000004 0.000004 -0.000072 
0.000024 -0.000057 -0.000010 -0.000001 0.000017 -0.000138 
0.000018 -0.000035 -0.000023 0.000027 0.000045 -0.000072 
0.000015 -0.000020 -0.000035 0.000063 0.000075 -0.000012 
0.000002 -0.000002 -0.000013 0.000013 0.000016 0.000000 
-0.000003 0.000013 0.000000 -0.000015 0.000003 0.000024 
-0.000005 0.000042 0.000000 -0.000007 -0.000006 0.000066 
-0.000018 0.000062 0.000010 0.000025 -0.000010 0.000132 
-0.000007 0.000038 0.000003 -0.000005 0.000001 0.000090 
0.000003 0.000016 -0.000001 0.000010 -0.000006 0.000012 
0.000001 -0.000029 -0.000007 -0.000020 0.000006 -0.000054 
0.000014 -0.000062 -0.000000 -0.000005 0.000020 -0.000114 
0.000007 -0.000041 -0.000018 0.000023 0.000017 -0.000060 
0.000022 -0.000045 -0.000019 0.000024 0.000051 -0.000096 
0.000004 -0.000023 -0.000008 0.000013 0.000007 -0.000042 
0.000001 0.000001 -0.000008 -0.000004 0.000007 -0.000012 
-0.000012 0.000039 0.000005 -0.000008 -0.000009 0.000084 
-0.000014 0.000064 0.000005 0.000016 -0.000002 0.000150 
-0.000003 0.000054 0.000000 0.000000 -0.000000 0.000096 
-0.000002 0.000029 0.000002 -0.000003 0.000005 0.000042 
-0.000000 -0.000015 -0.000008 -0.000007 0.000011 -0.000036 
-0.000001 -0.000011 0.000005 0.000011 -0.000016 -0.000018 
0.000012 -0.000042 -0.000008 -0.000003 0.000016 -0.000090 
0.000017 -0.000044 -0.000016 0.000031 0.000033 -0.000090 
0.000008 -0.000036 -0.000005 0.000004 0.000013 -0.000060 
-0.000002 -0.000018 -0.000013 0.000000 0.000010 -0.000036 
-0.000002 0.000005 0.000000 -0.000008 0.000009 0.000024 
-0.000002 0.000015 0.000005 0.000031 -0.000004 0.000036 
-0.000002 0.000036 0.000000 -0.000004 0.000004 0.000066 
-0.000015 0.000046 0.000008 -0.000006 -0.000030 0.000096 
-0.000005 0.000022 -0.000005 -0.000000 0.000008 0.000060 
0.000003 0.000012 -0.000002 -0.000005 0.000019 0.000006 
0.000000 -0.000011 -0.000005 0.000001 0.000002 -0.000006 
0.000016 -0.000026 -0.000001 0.000020 0.000012 -0.000078 
0.000008 -0.000030 -0.000010 -0.000014 0.000012 -0.000066 
0.000001 -0.000039 -0.000003 0.000000 0.000009 -0.000054 
0.000000 -0.000021 0.000002 0.000020 0.000003 -0.000054 
-0.000007 0.000015 0.000000 -0.000007 -0.000006 0.000048 
0.000002 0.000006 0.000005 0.000009 -0.000008 0.000006 
-0.000002 0.000048 -0.000009 -0.000010 0.000022 0.000090 
-0.000010 0.000019 0.000005 0.000002 -0.000015 0.000048 
0.000004 -0.000004 0.000005 -0.000020 0.000005 -0.000018 
0.000000 0.000006 -0.000005 0.000027 0.000002 0.000006 
0.000003 0.000006 0.000002 -0.000013 -0.000003 0.000012 
0.000003 -0.000016 -0.000008 0.000011 0.000019 -0.000036 
0.000003 -0.000027 -0.000002 0.000003 0.000010 -0.000036 
0.000006 -0.000029 -0.000007 -0.000019 -0.000000 -0.000054 
-0.000003 -0.000008 -0.000003 0.000004 0.000004 -0.000018 
0.000002 0.000013 -0.000001 0.000031 0.000013 0.000018 
-0.000002 0.000013 0.000005 -0.000015 -0.000015 0.000030 
-0.000002 0.000017 -0.000005 0.000015 0.000015 0.000054 
-0.000002 0.000009 0.000000 -0.000014 -0.000013 -0.000012 
-0.000002 0.000021 0.000005 0.000015 0.000013 0.000060 
-0.000000 0.000019 -0.000010 0.000007 0.000008 0.000024 
0.000002 -0.000010 0.000005 -0.000016 0.000000 -0.000012 
0.000006 -0.000028 0.000005 0.000016 -0.000002 -0.000054 
0.000000 -0.000012 -0.000010 -0.000015 0.000004 -0.000024 
0.000002 -0.000010 -0.000005 0.000015 0.000015 -0.000012 
0.000002 -0.000004 -0.000000 0.000001 -0.000006 -0.000000 
0.000001 0.000001 -0.000002 -0.000004 0.000004 -0.000024 
-0.000003 0.000004 0.000000 0.000000 -0.000000 0.000024 
0.000006 0.000013 -0.000005 -0.000017 0.000017 0.000000 
-0.000004 0.000021 0.000005 0.000012 0.000003 0.000048 
-0.000002 0.000014 0.000005 0.000002 -0.000014 0.000024 
0.000003 -0.000009 -0.000013 0.000012 0.000022 0.000012 
-0.000002 -0.000007 0.000008 -0.000004 -0.000013 -0.000012 
0.000001 -0.000009 -0.000005 -0.000009 0.000008 -0.000042 
0.000002 -0.000010 -0.000005 0.000015 0.000015 -0.000012 
0.000002 -0.000011 0.000008 -0.000011 -0.000019 -0.000018 
0.000006 -0.000010 -0.000008 -0.000004 0.000022 -0.000036 
-0.000003 -0.000007 0.000000 0.000000 -0.000000 0.000006 
-0.000003 0.000005 -0.000005 0.000016 -0.000000 0.000030 
-0.000001 0.000029 0.000005 -0.000016 0.000000 0.000036 
0.000000 0.000021 0.000000 0.000000 0.000000 0.000036 
-0.000002 0.000018 0.000005 0.000023 0.000004 0.000030 
