0.595578 -0.406835 0.488736 1.571318 0.000496 3.141286 
0.595578 -0.406835 0.488736 1.571318 0.000496 3.141287 
0.595578 -0.406835 0.488736 1.571318 0.000496 3.141287 
0.595578 -0.406835 0.488736 1.571318 0.000496 3.141287 
0.595578 -0.406835 0.488736 1.571318 0.000496 3.141287 
0.595578 -0.406835 0.488736 1.571318 0.000496 3.141287 
0.595578 -0.406835 0.488736 1.571318 0.000496 3.141287 
0.595578 -0.406835 0.488736 1.571319 0.000496 3.141287 
0.595578 -0.406835 0.488736 1.571318 0.000496 3.141287 
0.595578 -0.406835 0.488736 1.571318 0.000496 3.141287 
0.595578 -0.406835 0.488736 1.571318 0.000496 3.141287 
0.595578 -0.406835 0.488736 1.571318 0.000496 3.141287 
0.595578 -0.406835 0.488736 1.571318 0.000496 3.141287 
0.595578 -0.406835 0.488736 1.571318 0.000496 3.141287 
0.595578 -0.406835 0.488736 1.571319 0.000496 3.141287 
0.595578 -0.406835 0.488736 1.571319 0.000496 3.141287 
0.595578 -0.406835 0.488736 1.571318 0.000496 3.141287 
0.595578 -0.406834 0.488736 1.571319 0.000496 3.141287 
0.595578 -0.406835 0.488736 1.571318 0.000496 3.141287 
0.595578 -0.406834 0.488736 1.571318 0.000496 3.141287 
0.595578 -0.406835 0.488736 1.571319 0.000496 3.141287 
0.595578 -0.406835 0.488736 1.571319 0.000496 3.141287 
0.595578 -0.406835 0.488736 1.571318 0.000496 3.141287 
0.595578 -0.406835 0.488736 1.571318 0.000496 3.141287 
0.595578 -0.406835 0.488736 1.571318 0.000496 3.141287 
0.595578 -0.406834 0.488736 1.571319 0.000496 3.141287 
0.595578 -0.406834 0.488736 1.571319 0.000496 3.141287 
0.595578 -0.406834 0.488736 1.571319 0.000496 3.141287 
0.595578 -0.406834 0.488736 1.571319 0.000496 3.141286 
0.595578 -0.406834 0.488736 1.571319 0.000496 3.141287 
0.595578 -0.406835 0.488736 1.571318 0.000495 3.141287 
0.595578 -0.406835 0.488736 1.571318 0.000496 3.141287 
0.595578 -0.406835 0.488736 1.571318 0.000496 3.141287 
0.595578 -0.406834 0.488736 1.571319 0.000496 3.141286 
0.595578 -0.406835 0.488736 1.571319 0.000496 3.141287 
0.595578 -0.406834 0.488736 1.571319 0.000495 3.141286 
0.595578 -0.406834 0.488736 1.571319 0.000496 3.141286 
0.595578 -0.406834 0.488736 1.571319 0.000496 3.141287 
0.595578 -0.406834 0.488736 1.571319 0.000495 3.141286 
0.595578 -0.406834 0.488736 1.571319 0.000496 3.141286 
0.595578 -0.406834 0.488736 1.571319 0.000495 3.141286 
0.595578 -0.406834 0.488736 1.571319 0.000495 3.141286 
0.595578 -0.406834 0.488736 1.571319 0.000495 3.141286 
0.595578 -0.406835 0.488736 1.571318 0.000495 3.141286 
0.595578 -0.406835 0.488736 1.571318 0.000495 3.141286 
0.595578 -0.406835 0.488736 1.571318 0.000495 3.141286 
0.595578 -0.406835 0.488736 1.571318 0.000495 3.141286 
0.595578 -0.406835 0.488736 1.571318 0.000495 3.141286 
0.595578 -0.406835 0.488736 1.571318 0.000495 3.141286 
0.595578 -0.406835 0.488736 1.571318 0.000495 3.141286 
0.595578 -0.406835 0.488736 1.571318 0.000495 3.141286 
0.595578 -0.406834 0.488736 1.571319 0.000495 3.141286 
0.595578 -0.406834 0.488736 1.571318 0.000495 3.141286 
0.595578 -0.406834 0.488736 1.571318 0.000495 3.141286 
0.595578 -0.406834 0.488736 1.571319 0.000495 3.141287 
0.595578 -0.406834 0.488736 1.571318 0.000495 3.141286 
0.595578 -0.406835 0.488736 1.571318 0.000495 3.141287 
0.595578 -0.406835 0.488736 1.571318 0.000495 3.141287 
0.595578 -0.406835 0.488736 1.571318 0.000495 3.141287 
0.595578 -0.406835 0.488736 1.571318 0.000495 3.141286 
0.595578 -0.406835 0.488736 1.571318 0.000495 3.141287 
0.595578 -0.406835 0.488736 1.571318 0.000495 3.141287 
0.595578 -0.406834 0.488736 1.571318 0.000495 3.141287 
0.595578 -0.406834 0.488736 1.571318 0.000495 3.141287 
0.595578 -0.406834 0.488736 1.571319 0.000495 3.141287 
0.595578 -0.406834 0.488736 1.571318 0.000495 3.141287 
0.595578 -0.406834 0.488736 1.571318 0.000495 3.141287 
0.595578 -0.406834 0.488736 1.571319 0.000495 3.141287 
0.595578 -0.406834 0.488736 1.571318 0.000495 3.141287 
0.595578 -0.406835 0.488736 1.571318 0.000495 3.141287 
0.595578 -0.406834 0.488736 1.571318 0.000495 3.141287 
0.595578 -0.406835 0.488736 1.571318 0.000495 3.141287 
0.595578 -0.406834 0.488736 1.571318 0.000495 3.141287 
0.595578 -0.406834 0.488736 1.571318 0.000495 3.141287 
0.595578 -0.406834 0.488736 1.571318 0.000495 3.141287 
0.595578 -0.406834 0.488736 1.571319 0.000495 3.141287 
0.595578 -0.406834 0.488736 1.571318 0.000495 3.141287 
0.595578 -0.406835 0.488736 1.571318 0.000495 3.141287 
0.595578 -0.406834 0.488736 1.571318 0.000494 3.141287 
0.595578 -0.406835 0.488736 1.571318 0.000494 3.141287 
0.595578 -0.406834 0.488736 1.571318 0.000494 3.141287 
0.595578 -0.406834 0.488736 1.571318 0.000494 3.141287 
0.595578 -0.406835 0.488736 1.571318 0.000494 3.141287 
0.595578 -0.406834 0.488736 1.571318 0.000495 3.141287 
0.595578 -0.406834 0.488736 1.571318 0.000494 3.141287 
0.595578 -0.406834 0.488736 1.571318 0.000495 3.141287 
0.595578 -0.406834 0.488736 1.571319 0.000495 3.141287 
0.595578 -0.406834 0.488736 1.571318 0.000494 3.141287 
0.595578 -0.406834 0.488736 1.571318 0.000495 3.141287 
0.595578 -0.406834 0.488736 1.571318 0.000495 3.141287 
0.595578 -0.406834 0.488736 1.571319 0.000494 3.141287 
0.595578 -0.406834 0.488736 1.571318 0.000495 3.141287 
0.595578 -0.406834 0.488736 1.571318 0.000495 3.141287 
0.595578 -0.406834 0.488736 1.571318 0.000494 3.141287 
0.595578 -0.406835 0.488736 1.571318 0.000495 3.141287 
0.595578 -0.406834 0.488736 1.571319 0.000494 3.141287 
0.595578 -0.406834 0.488736 1.571318 0.000495 3.141287 
0.595577 -0.406835 0.488736 1.571318 0.000494 3.141287 
0.595578 -0.406834 0.488736 1.571318 0.000494 3.141287 
0.595577 -0.406835 0.488736 1.571318 0.000495 3.141287 
0.595578 -0.406834 0.488736 1.571318 0.000494 3.141287 
0.595578 -0.406834 0.488736 1.571318 0.000494 3.141287 
0.595578 -0.406834 0.488736 1.571318 0.000494 3.141287 
0.595578 -0.406834 0.488736 1.571318 0.000495 3.141287 
0.595578 -0.406835 0.488736 1.571318 0.000495 3.141287 
0.595578 -0.406834 0.488736 1.571318 0.000495 3.141287 
0.595578 -0.406834 0.488736 1.571318 0.000495 3.141287 
0.595578 -0.406834 0.488736 1.571318 0.000494 3.141287 
0.595578 -0.406834 0.488736 1.571318 0.000495 3.141287 
0.595578 -0.406834 0.488736 1.571318 0.000494 3.141287 
0.595578 -0.406834 0.488736 1.571318 0.000495 3.141287 
0.595578 -0.406834 0.488736 1.571318 0.000495 3.141287 
0.595570 -0.406829 0.488728 1.571324 0.000473 3.141333 
0.595553 -0.406772 0.488476 1.571383 0.000214 3.141375 
0.595530 -0.406743 0.488014 1.571420 0.000130 3.141492 
0.595516 -0.406713 0.487493 1.571441 -0.000031 3.141516 
0.595526 -0.406715 0.486955 1.571437 -0.000082 3.141290 
0.595575 -0.406699 0.486497 1.571470 -0.000140 3.140891 
0.595658 -0.406690 0.486153 1.571512 -0.000043 3.140384 
0.595708 -0.406694 0.485941 1.571541 0.000128 3.140113 
0.595715 -0.406703 0.485874 1.571567 0.000310 3.140155 
0.595689 -0.406697 0.485950 1.571623 0.000486 3.140466 
0.595618 -0.406731 0.486132 1.571613 0.000716 3.140980 
0.595541 -0.406741 0.486420 1.571648 0.000908 3.141579 
0.595440 -0.406746 0.486809 1.571675 0.001043 -3.140868 
0.595350 -0.406737 0.487200 1.571671 0.000971 -3.140251 
0.595304 -0.406719 0.487590 1.571647 0.000776 -3.139940 
0.595336 -0.406687 0.487960 1.571634 0.000514 -3.140157 
0.595401 -0.406675 0.488317 1.571577 0.000228 -3.140645 
0.595486 -0.406670 0.488636 1.571504 -0.000050 -3.141287 
0.595585 -0.406683 0.488866 1.571429 -0.000232 3.141138 
0.595638 -0.406710 0.489035 1.571349 -0.000354 3.140643 
0.595646 -0.406723 0.489134 1.571315 -0.000414 3.140486 
0.595624 -0.406725 0.489175 1.571302 -0.000470 3.140571 
0.595604 -0.406730 0.489172 1.571297 -0.000468 3.140663 
0.595580 -0.406720 0.489151 1.571315 -0.000488 3.140824 
0.595545 -0.406712 0.489085 1.571321 -0.000526 3.141041 
0.595523 -0.406704 0.488969 1.571323 -0.000570 3.141182 
0.595497 -0.406696 0.488857 1.571327 -0.000609 3.141351 
0.595469 -0.406692 0.488767 1.571329 -0.000628 3.141523 
0.595469 -0.406696 0.488679 1.571323 -0.000623 3.141499 
0.595481 -0.406711 0.488591 1.571308 -0.000585 3.141377 
0.595492 -0.406724 0.488516 1.571298 -0.000537 3.141269 
0.595501 -0.406732 0.488470 1.571300 -0.000488 3.141202 
0.595505 -0.406737 0.488431 1.571306 -0.000432 3.141176 
0.595509 -0.406741 0.488401 1.571315 -0.000379 3.141161 
0.595508 -0.406739 0.488391 1.571330 -0.000356 3.141167 
0.595508 -0.406737 0.488389 1.571337 -0.000351 3.141166 
0.595503 -0.406742 0.488397 1.571333 -0.000341 3.141182 
0.595495 -0.406748 0.488414 1.571328 -0.000318 3.141230 
0.595483 -0.406753 0.488443 1.571330 -0.000282 3.141303 
0.595469 -0.406760 0.488479 1.571327 -0.000245 3.141387 
0.595457 -0.406765 0.488510 1.571326 -0.000218 3.141466 
0.595446 -0.406767 0.488540 1.571330 -0.000187 3.141545 
0.595438 -0.406769 0.488569 1.571336 -0.000150 -3.141570 
0.595434 -0.406772 0.488587 1.571337 -0.000122 -3.141532 
0.595439 -0.406770 0.488596 1.571344 -0.000113 -3.141553 
0.595449 -0.406767 0.488597 1.571346 -0.000126 3.141570 
0.595463 -0.406762 0.488599 1.571351 -0.000149 3.141477 
0.595478 -0.406757 0.488603 1.571355 -0.000173 3.141381 
0.595488 -0.406753 0.488605 1.571360 -0.000185 3.141324 
0.595494 -0.406751 0.488605 1.571362 -0.000191 3.141288 
0.595498 -0.406748 0.488602 1.571367 -0.000199 3.141266 
0.595499 -0.406745 0.488601 1.571371 -0.000209 3.141262 
0.595499 -0.406744 0.488600 1.571371 -0.000215 3.141261 
0.595498 -0.406745 0.488600 1.571369 -0.000215 3.141262 
0.595498 -0.406745 0.488600 1.571368 -0.000215 3.141265 
0.595497 -0.406746 0.488600 1.571367 -0.000216 3.141267 
0.595496 -0.406746 0.488601 1.571367 -0.000217 3.141271 
0.595495 -0.406745 0.488604 1.571367 -0.000221 3.141277 
0.595495 -0.406744 0.488608 1.571367 -0.000228 3.141281 
0.595494 -0.406744 0.488611 1.571367 -0.000231 3.141283 
0.595494 -0.406743 0.488612 1.571367 -0.000233 3.141284 
0.595494 -0.406743 0.488612 1.571367 -0.000233 3.141284 
0.595494 -0.406743 0.488611 1.571367 -0.000233 3.141283 
0.595495 -0.406742 0.488611 1.571368 -0.000234 3.141284 
0.595495 -0.406742 0.488611 1.571368 -0.000235 3.141283 
0.595495 -0.406742 0.488611 1.571369 -0.000235 3.141284 
0.595494 -0.406742 0.488613 1.571369 -0.000237 3.141286 
0.595494 -0.406741 0.488615 1.571368 -0.000241 3.141289 
0.595494 -0.406740 0.488617 1.571369 -0.000247 3.141288 
0.595494 -0.406740 0.488617 1.571368 -0.000250 3.141287 
0.595494 -0.406740 0.488617 1.571368 -0.000252 3.141286 
0.595494 -0.406740 0.488617 1.571367 -0.000253 3.141285 
0.595495 -0.406739 0.488617 1.571368 -0.000256 3.141283 
0.595495 -0.406739 0.488617 1.571368 -0.000259 3.141281 
0.595495 -0.406738 0.488617 1.571368 -0.000263 3.141280 
0.595495 -0.406738 0.488617 1.571368 -0.000266 3.141279 
0.595495 -0.406737 0.488619 1.571368 -0.000268 3.141281 
0.595495 -0.406737 0.488620 1.571368 -0.000271 3.141281 
0.595495 -0.406736 0.488620 1.571368 -0.000273 3.141279 
0.595496 -0.406736 0.488619 1.571368 -0.000277 3.141276 
0.595497 -0.406735 0.488618 1.571369 -0.000282 3.141271 
0.595497 -0.406735 0.488618 1.571369 -0.000284 3.141268 
0.595497 -0.406735 0.488618 1.571368 -0.000286 3.141268 
0.595497 -0.406734 0.488618 1.571368 -0.000287 3.141267 
0.595497 -0.406734 0.488617 1.571368 -0.000290 3.141266 
0.595497 -0.406734 0.488618 1.571368 -0.000293 3.141266 
0.595497 -0.406734 0.488619 1.571368 -0.000295 3.141268 
0.595497 -0.406734 0.488619 1.571367 -0.000296 3.141267 
0.595497 -0.406734 0.488619 1.571366 -0.000297 3.141268 
0.595497 -0.406734 0.488619 1.571366 -0.000298 3.141267 
0.595497 -0.406733 0.488618 1.571366 -0.000300 3.141264 
0.595498 -0.406733 0.488618 1.571367 -0.000302 3.141262 
0.595498 -0.406732 0.488618 1.571367 -0.000303 3.141262 
0.595498 -0.406732 0.488618 1.571367 -0.000304 3.141263 
0.595498 -0.406733 0.488618 1.571366 -0.000304 3.141263 
0.595498 -0.406732 0.488619 1.571367 -0.000305 3.141263 
0.595497 -0.406732 0.488619 1.571366 -0.000306 3.141263 
0.595497 -0.406733 0.488619 1.571365 -0.000306 3.141264 
0.595497 -0.406733 0.488619 1.571364 -0.000307 3.141265 
0.595497 -0.406734 0.488619 1.571363 -0.000307 3.141265 
0.595497 -0.406734 0.488619 1.571363 -0.000307 3.141266 
0.595497 -0.406733 0.488620 1.571363 -0.000308 3.141266 
0.595497 -0.406733 0.488620 1.571363 -0.000308 3.141266 
0.595497 -0.406733 0.488620 1.571364 -0.000309 3.141267 
0.595497 -0.406733 0.488620 1.571364 -0.000309 3.141267 
0.595497 -0.406733 0.488621 1.571364 -0.000309 3.141267 
0.595497 -0.406733 0.488621 1.571364 -0.000310 3.141267 
0.595497 -0.406733 0.488621 1.571364 -0.000311 3.141268 
0.595497 -0.406733 0.488621 1.571364 -0.000311 3.141268 
0.595497 -0.406733 0.488621 1.571363 -0.000311 3.141268 
0.595496 -0.406733 0.488622 1.571363 -0.000311 3.141268 
0.595496 -0.406733 0.488622 1.571363 -0.000312 3.141268 
0.595497 -0.406733 0.488622 1.571363 -0.000312 3.141268 
0.595497 -0.406733 0.488622 1.571363 -0.000313 3.141267 
0.595497 -0.406732 0.488621 1.571363 -0.000313 3.141267 
0.595497 -0.406732 0.488621 1.571363 -0.000313 3.141266 
0.595497 -0.406732 0.488621 1.571363 -0.000314 3.141266 
0.595497 -0.406732 0.488621 1.571364 -0.000314 3.141266 
0.595497 -0.406732 0.488621 1.571364 -0.000314 3.141266 
0.595497 -0.406732 0.488622 1.571364 -0.000315 3.141266 
0.595497 -0.406732 0.488621 1.571363 -0.000315 3.141266 
0.595497 -0.406732 0.488621 1.571363 -0.000315 3.141266 
0.595497 -0.406733 0.488621 1.571362 -0.000316 3.141265 
0.595497 -0.406732 0.488621 1.571363 -0.000316 3.141265 
0.595497 -0.406732 0.488621 1.571363 -0.000317 3.141264 
0.595497 -0.406732 0.488620 1.571363 -0.000317 3.141263 
0.595497 -0.406732 0.488621 1.571363 -0.000317 3.141263 
0.595497 -0.406732 0.488621 1.571363 -0.000317 3.141263 
0.595497 -0.406732 0.488621 1.571363 -0.000318 3.141263 
0.595497 -0.406732 0.488621 1.571363 -0.000318 3.141263 
0.595497 -0.406732 0.488621 1.571363 -0.000318 3.141263 
0.595497 -0.406732 0.488621 1.571363 -0.000318 3.141263 
0.595497 -0.406732 0.488621 1.571363 -0.000318 3.141263 
0.595497 -0.406732 0.488621 1.571363 -0.000318 3.141263 
0.595497 -0.406732 0.488621 1.571363 -0.000319 3.141262 
0.595497 -0.406732 0.488620 1.571363 -0.000319 3.141262 
0.595497 -0.406732 0.488621 1.571363 -0.000319 3.141262 
0.595497 -0.406732 0.488621 1.571364 -0.000319 3.141262 
0.595497 -0.406731 0.488621 1.571364 -0.000319 3.141262 
0.595497 -0.406732 0.488621 1.571363 -0.000319 3.141263 
0.595497 -0.406732 0.488621 1.571363 -0.000320 3.141263 
0.595497 -0.406732 0.488621 1.571363 -0.000320 3.141263 
0.595497 -0.406732 0.488621 1.571363 -0.000320 3.141262 
0.595497 -0.406732 0.488621 1.571363 -0.000320 3.141263 
0.595497 -0.406732 0.488621 1.571363 -0.000320 3.141263 
0.595497 -0.406732 0.488621 1.571363 -0.000320 3.141263 
0.595497 -0.406731 0.488621 1.571363 -0.000320 3.141262 
0.595497 -0.406731 0.488621 1.571364 -0.000320 3.141263 
0.595497 -0.406731 0.488621 1.571364 -0.000320 3.141263 
0.595497 -0.406731 0.488621 1.571364 -0.000320 3.141263 
0.595497 -0.406732 0.488621 1.571363 -0.000320 3.141263 
0.595497 -0.406732 0.488621 1.571363 -0.000320 3.141263 
0.595497 -0.406732 0.488621 1.571363 -0.000320 3.141263 
0.595497 -0.406732 0.488621 1.571363 -0.000320 3.141263 
0.595497 -0.406732 0.488621 1.571363 -0.000320 3.141263 
0.595498 -0.406732 0.488620 1.571365 -0.000316 3.141263 
0.595515 -0.406728 0.488561 1.571422 -0.000223 3.141217 
0.595546 -0.406729 0.488433 1.571465 -0.000045 3.141122 
0.595578 -0.406738 0.488273 1.571507 0.000178 3.141005 
0.595613 -0.406735 0.488123 1.571569 0.000379 3.140891 
0.595652 -0.406724 0.487971 1.571643 0.000578 3.140770 
0.595697 -0.406709 0.487804 1.571724 0.000793 3.140636 
0.595751 -0.406678 0.487633 1.571824 0.001002 3.140492 
0.595816 -0.406620 0.487466 1.571831 0.001205 3.140350 
0.595899 -0.406511 0.487327 1.571728 0.001374 3.140229 
0.596001 -0.406317 0.487226 1.571636 0.001497 3.140141 
0.596126 -0.406035 0.487157 1.571609 0.001580 3.140080 
0.596283 -0.405640 0.487118 1.571588 0.001612 3.140034 
0.596481 -0.405106 0.487112 1.571572 0.001603 3.140014 
0.596708 -0.404476 0.487133 1.571463 0.001582 3.140031 
0.596969 -0.403715 0.487196 1.571296 0.001535 3.140099 
0.597271 -0.402812 0.487310 1.571103 0.001430 3.140212 
0.597632 -0.401747 0.487434 1.570912 0.001302 3.140325 
0.598056 -0.400519 0.487563 1.570756 0.001154 3.140433 
0.598535 -0.399141 0.487691 1.570615 0.001007 3.140539 
0.599084 -0.397580 0.487808 1.570532 0.000877 3.140639 
0.599692 -0.395851 0.487919 1.570491 0.000763 3.140739 
0.600361 -0.393946 0.488037 1.570506 0.000642 3.140841 
0.601082 -0.391870 0.488153 1.570560 0.000521 3.140945 
0.601856 -0.389634 0.488263 1.570668 0.000417 3.141048 
0.602679 -0.387240 0.488377 1.570805 0.000313 3.141151 
0.603548 -0.384704 0.488486 1.571022 0.000281 3.141240 
0.604447 -0.382073 0.488589 1.571113 0.000246 3.141297 
0.605371 -0.379382 0.488681 1.571106 0.000218 3.141300 
0.606297 -0.376606 0.488769 1.571101 0.000185 3.141304 
0.607219 -0.373756 0.488845 1.571053 0.000172 3.141304 
0.608139 -0.370836 0.488911 1.571083 0.000163 3.141293 
0.609070 -0.367852 0.488976 1.571191 0.000154 3.141281 
0.610006 -0.364825 0.489047 1.571309 0.000129 3.141269 
0.610937 -0.361746 0.489119 1.571434 0.000086 3.141275 
0.611859 -0.358645 0.489180 1.571621 0.000061 3.141276 
0.612764 -0.355529 0.489251 1.571848 0.000018 3.141292 
0.613640 -0.352433 0.489319 1.572012 -0.000017 3.141346 
0.614481 -0.349390 0.489379 1.572075 -0.000036 3.141397 
0.615289 -0.346396 0.489430 1.572082 -0.000038 3.141437 
0.616071 -0.343406 0.489481 1.572101 -0.000039 3.141488 
0.616845 -0.340395 0.489533 1.572150 -0.000044 3.141528 
0.617608 -0.337382 0.489585 1.572192 -0.000051 3.141561 
0.618345 -0.334395 0.489639 1.572174 -0.000061 -3.141587 
0.619059 -0.331435 0.489681 1.572120 -0.000053 -3.141574 
0.619748 -0.328497 0.489723 1.572023 -0.000047 -3.141567 
0.620417 -0.325576 0.489763 1.571887 -0.000018 -3.141549 
0.621071 -0.322659 0.489796 1.571760 0.000036 -3.141551 
0.621698 -0.319761 0.489833 1.571581 0.000077 -3.141553 
0.622307 -0.316852 0.489874 1.571424 0.000118 -3.141537 
0.622910 -0.313896 0.489918 1.571357 0.000141 -3.141523 
0.623513 -0.310925 0.489962 1.571304 0.000170 -3.141530 
0.624106 -0.307942 0.490010 1.571263 0.000190 -3.141528 
0.624679 -0.304955 0.490050 1.571241 0.000215 -3.141524 
0.625232 -0.301974 0.490080 1.571217 0.000261 -3.141535 
0.625767 -0.298994 0.490113 1.571179 0.000292 -3.141544 
0.626286 -0.296018 0.490146 1.571137 0.000341 -3.141543 
0.626787 -0.293060 0.490184 1.571060 0.000424 -3.141554 
0.627257 -0.290103 0.490238 1.570994 0.000489 -3.141527 
0.627714 -0.287106 0.490292 1.571015 0.000541 -3.141481 
0.628164 -0.284084 0.490347 1.571072 0.000555 -3.141443 
0.628603 -0.281050 0.490407 1.571130 0.000543 -3.141391 
0.629027 -0.278017 0.490468 1.571163 0.000521 -3.141337 
0.629428 -0.274997 0.490514 1.571187 0.000503 -3.141303 
0.629805 -0.271992 0.490555 1.571205 0.000482 -3.141263 
0.630163 -0.268988 0.490604 1.571208 0.000445 -3.141214 
0.630507 -0.265996 0.490649 1.571197 0.000420 -3.141180 
0.630834 -0.263013 0.490703 1.571156 0.000376 -3.141153 
0.631144 -0.260007 0.490753 1.571156 0.000320 -3.141121 
0.631441 -0.256979 0.490792 1.571201 0.000269 -3.141089 
0.631734 -0.253949 0.490832 1.571252 0.000229 -3.141073 
0.632016 -0.250925 0.490869 1.571283 0.000199 -3.141055 
0.632273 -0.247924 0.490895 1.571281 0.000189 -3.141036 
0.632510 -0.244948 0.490914 1.571255 0.000198 -3.141031 
0.632721 -0.241980 0.490941 1.571205 0.000209 -3.141007 
0.632918 -0.239018 0.490972 1.571145 0.000224 -3.140984 
0.633104 -0.236062 0.491013 1.571077 0.000233 -3.140975 
0.633268 -0.233085 0.491061 1.571041 0.000218 -3.140934 
0.633414 -0.230101 0.491097 1.571053 0.000219 -3.140901 
0.633551 -0.227112 0.491133 1.571069 0.000220 -3.140891 
0.633679 -0.224130 0.491172 1.571060 0.000253 -3.140879 
0.633796 -0.221156 0.491208 1.571046 0.000307 -3.140904 
0.633892 -0.218202 0.491238 1.571011 0.000362 -3.140966 
0.633964 -0.215264 0.491268 1.570962 0.000419 -3.141005 
0.634016 -0.212320 0.491306 1.570923 0.000453 -3.141024 
0.634054 -0.209371 0.491347 1.570897 0.000478 -3.141033 
0.634084 -0.206406 0.491395 1.570884 0.000487 -3.141043 
0.634089 -0.203429 0.491437 1.570908 0.000506 -3.141026 
0.634081 -0.200459 0.491467 1.570930 0.000539 -3.141030 
0.634063 -0.197486 0.491501 1.570954 0.000546 -3.141044 
0.634030 -0.194511 0.491536 1.570970 0.000536 -3.141050 
0.633978 -0.191558 0.491570 1.570961 0.000528 -3.141072 
0.633903 -0.188627 0.491602 1.570928 0.000520 -3.141094 
0.633803 -0.185697 0.491637 1.570895 0.000511 -3.141094 
0.633689 -0.182753 0.491677 1.570898 0.000497 -3.141106 
0.633570 -0.179794 0.491718 1.570931 0.000470 -3.141130 
0.633430 -0.176835 0.491760 1.570968 0.000441 -3.141136 
0.633270 -0.173885 0.491793 1.571016 0.000429 -3.141146 
0.633099 -0.170939 0.491826 1.571058 0.000404 -3.141174 
0.632915 -0.168002 0.491866 1.571061 0.000379 -3.141189 
0.632716 -0.165076 0.491903 1.571055 0.000363 -3.141202 
0.632495 -0.162170 0.491940 1.571029 0.000339 -3.141225 
0.632256 -0.159278 0.491975 1.570992 0.000323 -3.141246 
0.631999 -0.156370 0.492011 1.571000 0.000298 -3.141270 
0.631735 -0.153449 0.492046 1.571035 0.000273 -3.141306 
0.631461 -0.150541 0.492083 1.571024 0.000260 -3.141312 
0.631159 -0.147636 0.492114 1.571036 0.000258 -3.141287 
0.630847 -0.144746 0.492135 1.571034 0.000279 -3.141283 
0.630520 -0.141871 0.492161 1.571001 0.000286 -3.141274 
0.630173 -0.138996 0.492195 1.570984 0.000296 -3.141251 
0.629815 -0.136146 0.492226 1.570935 0.000317 -3.141241 
0.629433 -0.133313 0.492260 1.570866 0.000329 -3.141225 
0.629030 -0.130473 0.492293 1.570823 0.000357 -3.141195 
0.628617 -0.127614 0.492324 1.570823 0.000372 -3.141183 
0.628193 -0.124749 0.492357 1.570839 0.000384 -3.141167 
0.627753 -0.121891 0.492395 1.570846 0.000394 -3.141140 
0.627295 -0.119040 0.492426 1.570865 0.000398 -3.141135 
0.626821 -0.116209 0.492464 1.570857 0.000396 -3.141117 
0.626335 -0.113387 0.492505 1.570821 0.000400 -3.141100 
0.625835 -0.110573 0.492541 1.570785 0.000417 -3.141103 
0.625321 -0.107773 0.492577 1.570744 0.000425 -3.141109 
0.624787 -0.104972 0.492612 1.570719 0.000439 -3.141109 
0.624226 -0.102147 0.492640 1.570778 0.000450 -3.141111 
0.623657 -0.099321 0.492671 1.570845 0.000461 -3.141117 
0.623078 -0.096499 0.492703 1.570885 0.000468 -3.141115 
0.622476 -0.093684 0.492739 1.570927 0.000465 -3.141103 
0.621863 -0.090894 0.492768 1.570957 0.000476 -3.141110 
0.621235 -0.088114 0.492804 1.570959 0.000466 -3.141112 
0.620601 -0.085346 0.492837 1.570948 0.000440 -3.141147 
0.619964 -0.082604 0.492869 1.570891 0.000412 -3.141204 
0.619303 -0.079856 0.492909 1.570843 0.000371 -3.141234 
0.618620 -0.077104 0.492937 1.570844 0.000351 -3.141260 
0.617923 -0.074347 0.492964 1.570870 0.000333 -3.141286 
0.617216 -0.071596 0.492995 1.570886 0.000318 -3.141301 
0.616494 -0.068856 0.493027 1.570884 0.000308 -3.141300 
0.615752 -0.066131 0.493056 1.570891 0.000296 -3.141307 
0.614998 -0.063431 0.493085 1.570860 0.000291 -3.141310 
0.614227 -0.060736 0.493117 1.570818 0.000273 -3.141307 
0.613445 -0.058053 0.493145 1.570776 0.000266 -3.141318 
0.612652 -0.055375 0.493177 1.570731 0.000265 -3.141315 
0.611834 -0.052689 0.493205 1.570736 0.000263 -3.141304 
0.610997 -0.050001 0.493229 1.570776 0.000272 -3.141302 
0.610154 -0.047317 0.493258 1.570806 0.000270 -3.141299 
0.609299 -0.044632 0.493293 1.570824 0.000259 -3.141284 
0.608427 -0.041969 0.493328 1.570816 0.000245 -3.141272 
0.607548 -0.039350 0.493354 1.570772 0.000249 -3.141278 
0.606657 -0.036758 0.493381 1.570723 0.000239 -3.141284 
0.605768 -0.034204 0.493407 1.570719 0.000197 -3.141339 
0.604895 -0.031704 0.493429 1.570757 0.000150 -3.141420 
0.604032 -0.029277 0.493454 1.570809 0.000096 -3.141466 
0.603185 -0.026924 0.493473 1.570958 0.000050 -3.141523 
0.602369 -0.024677 0.493499 1.571099 -0.000009 -3.141576 
0.601593 -0.022540 0.493532 1.571228 -0.000082 3.141575 
0.600849 -0.020526 0.493566 1.571374 -0.000149 3.141555 
0.600153 -0.018658 0.493599 1.571474 -0.000208 3.141539 
0.599498 -0.016942 0.493624 1.571563 -0.000234 3.141554 
0.598892 -0.015382 0.493643 1.571600 -0.000234 3.141574 
0.598342 -0.013984 0.493653 1.571572 -0.000220 3.141576 
0.597842 -0.012729 0.493656 1.571527 -0.000200 3.141565 
0.597387 -0.011628 0.493656 1.571451 -0.000179 3.141551 
0.596984 -0.010659 0.493658 1.571380 -0.000160 3.141538 
0.596631 -0.009815 0.493660 1.571306 -0.000147 3.141530 
0.596323 -0.009091 0.493664 1.571247 -0.000137 3.141524 
0.596072 -0.008491 0.493667 1.571190 -0.000124 3.141518 
0.595872 -0.008009 0.493666 1.571118 -0.000111 3.141506 
0.595717 -0.007633 0.493666 1.571101 -0.000101 3.141496 
0.595608 -0.007362 0.493664 1.571077 -0.000093 3.141486 
0.595535 -0.007177 0.493664 1.570982 -0.000086 3.141479 
0.595482 -0.007061 0.493665 1.570981 -0.000077 3.141473 
0.595438 -0.006997 0.493666 1.570993 -0.000065 3.141467 
0.595403 -0.006973 0.493667 1.570983 -0.000056 3.141462 
0.595399 -0.007001 0.493667 1.570859 -0.000049 3.141457 
0.595404 -0.007038 0.493667 1.570729 -0.000043 3.141451 
0.595410 -0.007075 0.493667 1.570609 -0.000035 3.141444 
0.595411 -0.007117 0.493666 1.570499 -0.000033 3.141441 
0.595411 -0.007155 0.493667 1.570430 -0.000035 3.141443 
0.595413 -0.007185 0.493667 1.570384 -0.000036 3.141445 
0.595415 -0.007203 0.493667 1.570353 -0.000036 3.141445 
0.595415 -0.007209 0.493667 1.570343 -0.000036 3.141445 
0.595415 -0.007203 0.493667 1.570354 -0.000037 3.141444 
0.595415 -0.007188 0.493667 1.570380 -0.000037 3.141444 
0.595415 -0.007176 0.493667 1.570401 -0.000037 3.141444 
0.595415 -0.007158 0.493667 1.570432 -0.000037 3.141444 
0.595415 -0.007141 0.493668 1.570460 -0.000035 3.141446 
0.595416 -0.007125 0.493668 1.570487 -0.000036 3.141446 
0.595416 -0.007110 0.493668 1.570512 -0.000036 3.141446 
0.595416 -0.007097 0.493668 1.570534 -0.000036 3.141445 
0.595416 -0.007086 0.493667 1.570553 -0.000036 3.141444 
0.595416 -0.007074 0.493667 1.570573 -0.000037 3.141444 
0.595416 -0.007062 0.493667 1.570594 -0.000036 3.141444 
0.595416 -0.007050 0.493668 1.570614 -0.000035 3.141446 
0.595416 -0.007041 0.493668 1.570628 -0.000036 3.141446 
0.595417 -0.007035 0.493668 1.570638 -0.000036 3.141446 
0.595417 -0.007030 0.493668 1.570648 -0.000036 3.141446 
0.595417 -0.007024 0.493667 1.570658 -0.000036 3.141445 
0.595417 -0.007018 0.493667 1.570667 -0.000036 3.141445 
0.595417 -0.007015 0.493667 1.570674 -0.000036 3.141445 
0.595417 -0.007013 0.493668 1.570677 -0.000036 3.141446 
0.595417 -0.007011 0.493668 1.570681 -0.000036 3.141446 
0.595417 -0.007009 0.493668 1.570683 -0.000035 3.141446 
0.595417 -0.007007 0.493668 1.570686 -0.000036 3.141446 
0.595417 -0.007006 0.493668 1.570688 -0.000036 3.141445 
0.595417 -0.007003 0.493668 1.570693 -0.000036 3.141445 
0.595417 -0.007000 0.493667 1.570699 -0.000036 3.141445 
0.595417 -0.006997 0.493668 1.570704 -0.000036 3.141446 
0.595417 -0.006995 0.493668 1.570707 -0.000036 3.141446 
0.595417 -0.006994 0.493668 1.570709 -0.000036 3.141446 
0.595417 -0.006993 0.493667 1.570711 -0.000036 3.141445 
0.595417 -0.006992 0.493667 1.570712 -0.000036 3.141445 
0.595417 -0.006991 0.493667 1.570714 -0.000036 3.141445 
0.595417 -0.006990 0.493668 1.570716 -0.000036 3.141446 
0.595417 -0.006990 0.493668 1.570716 -0.000035 3.141446 
0.595417 -0.006990 0.493668 1.570715 -0.000036 3.141446 
0.595417 -0.006991 0.493668 1.570713 -0.000036 3.141446 
0.595417 -0.006993 0.493668 1.570711 -0.000036 3.141446 
0.595417 -0.006994 0.493667 1.570709 -0.000036 3.141445 
0.595417 -0.006994 0.493667 1.570709 -0.000036 3.141445 
0.595417 -0.006994 0.493667 1.570708 -0.000036 3.141445 
0.595417 -0.006994 0.493668 1.570708 -0.000036 3.141445 
0.595417 -0.006994 0.493668 1.570708 -0.000036 3.141446 
0.595417 -0.006995 0.493668 1.570707 -0.000036 3.141446 
0.595417 -0.006995 0.493668 1.570707 -0.000036 3.141446 
0.595417 -0.006995 0.493668 1.570707 -0.000036 3.141446 
0.595417 -0.006995 0.493668 1.570707 -0.000036 3.141446 
0.595417 -0.006995 0.493668 1.570707 -0.000036 3.141446 
0.595417 -0.006995 0.493668 1.570706 -0.000036 3.141446 
0.595417 -0.006995 0.493668 1.570706 -0.000036 3.141446 
0.595417 -0.006995 0.493668 1.570706 -0.000036 3.141446 
0.595417 -0.006995 0.493668 1.570707 -0.000036 3.141445 
0.595417 -0.006995 0.493668 1.570707 -0.000036 3.141446 
0.595417 -0.006995 0.493668 1.570708 -0.000036 3.141446 
0.595417 -0.006995 0.493668 1.570707 -0.000036 3.141445 
0.595417 -0.006995 0.493668 1.570707 -0.000036 3.141446 
0.595417 -0.006995 0.493668 1.570707 -0.000036 3.141445 
0.595417 -0.006996 0.493668 1.570706 -0.000036 3.141445 
0.595417 -0.006996 0.493667 1.570706 -0.000036 3.141445 
0.595417 -0.006996 0.493668 1.570706 -0.000036 3.141445 
0.595417 -0.006996 0.493668 1.570706 -0.000036 3.141445 
0.595417 -0.006995 0.493668 1.570706 -0.000036 3.141445 
0.595417 -0.006995 0.493668 1.570706 -0.000036 3.141445 
0.595417 -0.006995 0.493668 1.570707 -0.000036 3.141446 
0.595417 -0.006995 0.493668 1.570707 -0.000035 3.141446 
0.595417 -0.006995 0.493668 1.570707 -0.000036 3.141445 
0.595417 -0.006995 0.493668 1.570707 -0.000036 3.141445 
0.595417 -0.006995 0.493668 1.570706 -0.000036 3.141445 
0.595417 -0.006995 0.493668 1.570706 -0.000036 3.141445 
0.595417 -0.006996 0.493668 1.570706 -0.000036 3.141445 
0.595417 -0.006996 0.493668 1.570706 -0.000036 3.141445 
0.595417 -0.006995 0.493668 1.570706 -0.000036 3.141445 
0.595417 -0.006995 0.493668 1.570706 -0.000036 3.141446 
0.595417 -0.006995 0.493668 1.570707 -0.000036 3.141445 
0.595417 -0.006995 0.493668 1.570707 -0.000036 3.141446 
0.595417 -0.006995 0.493668 1.570707 -0.000036 3.141445 
0.595417 -0.006995 0.493668 1.570707 -0.000036 3.141445 
0.595417 -0.006995 0.493668 1.570707 -0.000036 3.141445 
0.595417 -0.006995 0.493668 1.570707 -0.000036 3.141446 
0.595417 -0.006995 0.493668 1.570706 -0.000036 3.141445 
0.595417 -0.006995 0.493668 1.570706 -0.000036 3.141445 
0.595417 -0.006995 0.493668 1.570706 -0.000036 3.141445 
0.595417 -0.006995 0.493668 1.570706 -0.000036 3.141445 
0.595417 -0.006995 0.493668 1.570707 -0.000036 3.141446 
0.595417 -0.006995 0.493668 1.570707 -0.000036 3.141445 
0.595417 -0.006995 0.493668 1.570707 -0.000036 3.141446 
0.595417 -0.006995 0.493668 1.570707 -0.000036 3.141445 
0.595417 -0.006995 0.493668 1.570707 -0.000036 3.141446 
0.595417 -0.006995 0.493668 1.570707 -0.000036 3.141446 
0.595417 -0.006995 0.493668 1.570707 -0.000036 3.141445 
0.595417 -0.006995 0.493668 1.570706 -0.000036 3.141446 
0.595417 -0.006995 0.493668 1.570707 -0.000036 3.141445 
0.595417 -0.006995 0.493668 1.570707 -0.000036 3.141446 
0.595417 -0.006995 0.493668 1.570707 -0.000036 3.141446 
0.595417 -0.006995 0.493668 1.570707 -0.000036 3.141446 
0.595417 -0.006995 0.493668 1.570707 -0.000036 3.141445 
0.595417 -0.006995 0.493668 1.570707 -0.000036 3.141445 
0.595417 -0.006995 0.493668 1.570707 -0.000036 3.141445 
0.595417 -0.006995 0.493668 1.570707 -0.000036 3.141445 
0.595417 -0.006995 0.493668 1.570707 -0.000036 3.141446 
0.595417 -0.006995 0.493668 1.570706 -0.000036 3.141446 
0.595417 -0.006995 0.493668 1.570706 -0.000036 3.141445 
0.595417 -0.006995 0.493668 1.570707 -0.000036 3.141445 
0.595417 -0.006995 0.493668 1.570707 -0.000036 3.141446 
0.595417 -0.006995 0.493668 1.570706 -0.000036 3.141446 
0.595417 -0.006995 0.493668 1.570707 -0.000036 3.141445 
0.595417 -0.006995 0.493668 1.570707 -0.000036 3.141445 
0.595417 -0.006995 0.493668 1.570707 -0.000036 3.141445 
0.595417 -0.006995 0.493668 1.570707 -0.000036 3.141445 
0.595417 -0.006995 0.493668 1.570707 -0.000036 3.141445 
0.595417 -0.006995 0.493668 1.570707 -0.000036 3.141445 
0.595417 -0.006995 0.493668 1.570707 -0.000036 3.141446 
0.595417 -0.006995 0.493668 1.570707 -0.000036 3.141445 
0.595417 -0.006995 0.493668 1.570707 -0.000036 3.141445 
0.595417 -0.006995 0.493668 1.570707 -0.000036 3.141445 
0.595417 -0.006995 0.493668 1.570707 -0.000036 3.141445 
0.595417 -0.006995 0.493668 1.570707 -0.000036 3.141446 
0.595417 -0.006995 0.493668 1.570707 -0.000036 3.141446 
0.595417 -0.006995 0.493668 1.570707 -0.000036 3.141446 
0.595417 -0.006995 0.493668 1.570707 -0.000036 3.141446 
0.595417 -0.006995 0.493668 1.570707 -0.000036 3.141446 
0.595417 -0.006995 0.493668 1.570707 -0.000036 3.141445 
0.595417 -0.006995 0.493668 1.570707 -0.000036 3.141445 
0.595417 -0.006995 0.493668 1.570707 -0.000036 3.141445 
0.595417 -0.006995 0.493668 1.570707 -0.000036 3.141445 
0.595417 -0.006995 0.493668 1.570707 -0.000036 3.141446 
0.595417 -0.006995 0.493668 1.570707 -0.000036 3.141445 
0.595417 -0.006995 0.493668 1.570707 -0.000036 3.141445 
0.595417 -0.006995 0.493668 1.570707 -0.000036 3.141446 
0.595417 -0.006995 0.493668 1.570707 -0.000036 3.141446 
0.595417 -0.006995 0.493668 1.570707 -0.000036 3.141446 
0.595417 -0.006995 0.493668 1.570707 -0.000036 3.141445 
0.595417 -0.006995 0.493668 1.570707 -0.000036 3.141445 
0.595417 -0.006995 0.493668 1.570707 -0.000036 3.141446 
0.595417 -0.006995 0.493668 1.570707 -0.000036 3.141446 
0.595417 -0.006995 0.493668 1.570707 -0.000036 3.141445 
0.595417 -0.006995 0.493668 1.570707 -0.000036 3.141445 
0.595417 -0.006995 0.493668 1.570707 -0.000036 3.141446 
0.595417 -0.006995 0.493668 1.570707 -0.000036 3.141445 
0.595417 -0.006995 0.493668 1.570707 -0.000036 3.141446 
0.595417 -0.006995 0.493668 1.570707 -0.000036 3.141445 
0.595417 -0.006995 0.493668 1.570707 -0.000036 3.141446 
0.595417 -0.006995 0.493668 1.570707 -0.000036 3.141445 
0.595417 -0.006995 0.493668 1.570707 -0.000036 3.141445 
0.595417 -0.006995 0.493668 1.570707 -0.000036 3.141446 
0.595417 -0.006995 0.493668 1.570707 -0.000036 3.141445 
0.595417 -0.006995 0.493668 1.570707 -0.000036 3.141445 
0.595417 -0.006995 0.493668 1.570707 -0.000036 3.141446 
0.595417 -0.006995 0.493668 1.570707 -0.000036 3.141446 
0.595417 -0.006995 0.493668 1.570707 -0.000036 3.141446 
0.595417 -0.006995 0.493668 1.570707 -0.000036 3.141446 
0.595417 -0.006995 0.493668 1.570707 -0.000036 3.141445 
0.595417 -0.006995 0.493668 1.570707 -0.000036 3.141446 
0.595417 -0.006995 0.493668 1.570707 -0.000036 3.141445 
0.595417 -0.006995 0.493668 1.570707 -0.000036 3.141445 
0.595417 -0.006995 0.493668 1.570707 -0.000036 3.141446 
0.595417 -0.006995 0.493668 1.570707 -0.000036 3.141445 
0.595417 -0.006995 0.493668 1.570707 -0.000036 3.141446 
0.595417 -0.006995 0.493668 1.570707 -0.000036 3.141445 
0.595417 -0.006995 0.493668 1.570707 -0.000036 3.141445 
0.595417 -0.006995 0.493668 1.570707 -0.000036 3.141446 
0.595417 -0.006995 0.493668 1.570707 -0.000036 3.141445 
0.595417 -0.006995 0.493668 1.570707 -0.000036 3.141445 
0.595417 -0.006995 0.493668 1.570707 -0.000036 3.141446 
0.595417 -0.006995 0.493668 1.570707 -0.000036 3.141446 
0.595417 -0.006995 0.493668 1.570707 -0.000036 3.141445 
0.595417 -0.006995 0.493668 1.570707 -0.000036 3.141445 
0.595417 -0.006995 0.493668 1.570707 -0.000036 3.141445 
0.595417 -0.006995 0.493668 1.570707 -0.000036 3.141446 
0.595417 -0.006995 0.493668 1.570707 -0.000036 3.141446 
0.595417 -0.006995 0.493668 1.570707 -0.000036 3.141445 
0.595417 -0.006995 0.493668 1.570707 -0.000036 3.141446 
0.595417 -0.006995 0.493668 1.570707 -0.000036 3.141445 
0.595417 -0.006995 0.493668 1.570707 -0.000036 3.141446 
0.595417 -0.006995 0.493668 1.570707 -0.000036 3.141446 
0.595417 -0.006995 0.493668 1.570707 -0.000036 3.141445 
0.595417 -0.006995 0.493668 1.570707 -0.000036 3.141445 
0.595417 -0.006995 0.493668 1.570707 -0.000036 3.141445 
0.595417 -0.006995 0.493668 1.570707 -0.000036 3.141446 
0.595417 -0.006995 0.493668 1.570707 -0.000036 3.141445 
0.595417 -0.006995 0.493668 1.570707 -0.000036 3.141445 
0.595417 -0.006995 0.493668 1.570707 -0.000036 3.141446 
0.595417 -0.006995 0.493668 1.570707 -0.000036 3.141445 
0.595417 -0.006995 0.493668 1.570707 -0.000036 3.141445 
0.595417 -0.006995 0.493668 1.570707 -0.000036 3.141445 
0.595417 -0.006995 0.493668 1.570707 -0.000036 3.141445 
0.595417 -0.006995 0.493668 1.570707 -0.000036 3.141446 
0.595417 -0.006995 0.493668 1.570707 -0.000036 3.141446 
0.595417 -0.006995 0.493668 1.570707 -0.000036 3.141445 
0.595417 -0.006995 0.493668 1.570707 -0.000036 3.141446 
0.595417 -0.006995 0.493668 1.570707 -0.000036 3.141446 
0.595417 -0.006995 0.493668 1.570707 -0.000036 3.141445 
0.595417 -0.006995 0.493668 1.570707 -0.000036 3.141446 
0.595417 -0.006995 0.493668 1.570707 -0.000036 3.141445 
0.595417 -0.006995 0.493668 1.570707 -0.000036 3.141446 
0.595417 -0.006995 0.493668 1.570707 -0.000036 3.141446 
0.595417 -0.006995 0.493668 1.570707 -0.000036 3.141445 
0.595417 -0.006995 0.493668 1.570707 -0.000036 3.141445 
