0.595506 -0.406727 0.488975 1.571531 0.000166 3.141515 
0.595506 -0.406727 0.488975 1.571531 0.000166 3.141515 
0.595506 -0.406727 0.488975 1.571531 0.000166 3.141515 
0.595506 -0.406727 0.488975 1.571532 0.000166 3.141515 
0.595506 -0.406727 0.488975 1.571531 0.000165 3.141515 
0.595506 -0.406727 0.488975 1.571532 0.000166 3.141515 
0.595506 -0.406727 0.488975 1.571531 0.000166 3.141515 
0.595506 -0.406727 0.488975 1.571532 0.000166 3.141515 
0.595506 -0.406727 0.488975 1.571532 0.000166 3.141515 
0.595506 -0.406727 0.488975 1.571532 0.000165 3.141515 
0.595506 -0.406727 0.488975 1.571532 0.000166 3.141515 
0.595506 -0.406727 0.488975 1.571531 0.000166 3.141515 
0.595506 -0.406727 0.488975 1.571531 0.000166 3.141515 
0.595506 -0.406727 0.488975 1.571531 0.000166 3.141515 
0.595506 -0.406727 0.488975 1.571532 0.000166 3.141515 
0.595506 -0.406727 0.488975 1.571532 0.000166 3.141515 
0.595506 -0.406727 0.488975 1.571531 0.000166 3.141515 
0.595506 -0.406727 0.488975 1.571532 0.000166 3.141515 
0.595506 -0.406727 0.488975 1.571532 0.000166 3.141515 
0.595506 -0.406727 0.488975 1.571532 0.000166 3.141515 
0.595506 -0.406727 0.488975 1.571532 0.000166 3.141515 
0.595506 -0.406727 0.488975 1.571532 0.000166 3.141515 
0.595506 -0.406727 0.488975 1.571532 0.000165 3.141515 
0.595506 -0.406727 0.488975 1.571532 0.000166 3.141515 
0.595506 -0.406727 0.488975 1.571532 0.000166 3.141515 
0.595506 -0.406727 0.488975 1.571532 0.000166 3.141515 
0.595506 -0.406727 0.488975 1.571532 0.000165 3.141515 
0.595506 -0.406727 0.488975 1.571532 0.000165 3.141515 
0.595506 -0.406727 0.488975 1.571532 0.000166 3.141515 
0.595506 -0.406727 0.488975 1.571531 0.000166 3.141514 
0.595506 -0.406727 0.488975 1.571531 0.000166 3.141514 
0.595506 -0.406727 0.488975 1.571531 0.000166 3.141514 
0.595506 -0.406727 0.488975 1.571532 0.000165 3.141515 
0.595506 -0.406727 0.488975 1.571532 0.000166 3.141515 
0.595506 -0.406727 0.488975 1.571532 0.000165 3.141514 
0.595506 -0.406727 0.488975 1.571532 0.000165 3.141514 
0.595506 -0.406727 0.488975 1.571532 0.000166 3.141515 
0.595506 -0.406727 0.488975 1.571532 0.000166 3.141514 
0.595506 -0.406727 0.488975 1.571532 0.000165 3.141515 
0.595506 -0.406727 0.488975 1.571532 0.000165 3.141514 
0.595506 -0.406727 0.488975 1.571532 0.000165 3.141514 
0.595506 -0.406727 0.488975 1.571532 0.000165 3.141514 
0.595506 -0.406727 0.488974 1.571532 0.000165 3.141514 
0.595506 -0.406727 0.488974 1.571531 0.000166 3.141514 
0.595506 -0.406727 0.488974 1.571532 0.000165 3.141514 
0.595506 -0.406727 0.488974 1.571532 0.000166 3.141514 
0.595506 -0.406727 0.488975 1.571532 0.000165 3.141514 
0.595506 -0.406727 0.488975 1.571532 0.000165 3.141514 
0.595506 -0.406727 0.488975 1.571532 0.000165 3.141514 
0.595506 -0.406727 0.488975 1.571532 0.000165 3.141514 
0.595506 -0.406727 0.488974 1.571531 0.000165 3.141514 
0.595506 -0.406727 0.488974 1.571532 0.000165 3.141514 
0.595506 -0.406727 0.488974 1.571532 0.000165 3.141514 
0.595506 -0.406727 0.488974 1.571532 0.000165 3.141514 
0.595506 -0.406727 0.488974 1.571532 0.000165 3.141514 
0.595506 -0.406727 0.488975 1.571532 0.000165 3.141514 
0.595506 -0.406727 0.488975 1.571531 0.000165 3.141515 
0.595506 -0.406727 0.488975 1.571532 0.000165 3.141514 
0.595506 -0.406727 0.488975 1.571531 0.000165 3.141514 
0.595506 -0.406727 0.488974 1.571531 0.000165 3.141514 
0.595506 -0.406727 0.488974 1.571531 0.000165 3.141514 
0.595506 -0.406727 0.488974 1.571531 0.000165 3.141514 
0.595506 -0.406727 0.488974 1.571532 0.000165 3.141514 
0.595506 -0.406727 0.488974 1.571531 0.000165 3.141514 
0.595506 -0.406727 0.488974 1.571531 0.000165 3.141514 
0.595506 -0.406727 0.488975 1.571531 0.000165 3.141514 
0.595506 -0.406727 0.488975 1.571531 0.000165 3.141514 
0.595506 -0.406727 0.488975 1.571531 0.000165 3.141514 
0.595506 -0.406727 0.488975 1.571531 0.000165 3.141514 
0.595506 -0.406727 0.488975 1.571531 0.000165 3.141514 
0.595506 -0.406727 0.488974 1.571531 0.000165 3.141514 
0.595506 -0.406727 0.488974 1.571531 0.000165 3.141514 
0.595506 -0.406727 0.488974 1.571531 0.000165 3.141514 
0.595506 -0.406727 0.488974 1.571531 0.000165 3.141514 
0.595506 -0.406727 0.488974 1.571532 0.000165 3.141514 
0.595506 -0.406727 0.488974 1.571531 0.000165 3.141514 
0.595506 -0.406727 0.488975 1.571532 0.000165 3.141514 
0.595506 -0.406727 0.488975 1.571532 0.000165 3.141514 
0.595506 -0.406727 0.488975 1.571532 0.000165 3.141514 
0.595506 -0.406727 0.488975 1.571531 0.000165 3.141514 
0.595506 -0.406727 0.488974 1.571531 0.000165 3.141514 
0.595506 -0.406727 0.488974 1.571531 0.000165 3.141514 
0.595506 -0.406727 0.488974 1.571531 0.000165 3.141514 
0.595506 -0.406727 0.488974 1.571531 0.000165 3.141514 
0.595506 -0.406727 0.488974 1.571532 0.000165 3.141514 
0.595506 -0.406727 0.488975 1.571531 0.000165 3.141514 
0.595506 -0.406727 0.488975 1.571531 0.000165 3.141514 
0.595506 -0.406727 0.488975 1.571532 0.000165 3.141514 
0.595506 -0.406727 0.488975 1.571532 0.000165 3.141514 
0.595506 -0.406727 0.488974 1.571532 0.000165 3.141514 
0.595506 -0.406727 0.488974 1.571531 0.000165 3.141514 
0.595506 -0.406727 0.488975 1.571531 0.000165 3.141514 
0.595506 -0.406727 0.488975 1.571531 0.000165 3.141514 
0.595506 -0.406727 0.488975 1.571531 0.000165 3.141515 
0.595506 -0.406727 0.488975 1.571531 0.000165 3.141514 
0.595506 -0.406727 0.488975 1.571531 0.000165 3.141514 
0.595506 -0.406727 0.488975 1.571531 0.000165 3.141515 
0.595506 -0.406727 0.488975 1.571531 0.000165 3.141515 
0.595506 -0.406727 0.488975 1.571531 0.000165 3.141515 
0.595506 -0.406727 0.488975 1.571531 0.000165 3.141515 
0.595506 -0.406727 0.488975 1.571531 0.000165 3.141515 
0.595506 -0.406727 0.488974 1.571531 0.000165 3.141514 
0.595506 -0.406727 0.488974 1.571531 0.000165 3.141514 
0.595506 -0.406727 0.488974 1.571532 0.000165 3.141514 
0.595506 -0.406727 0.488974 1.571531 0.000165 3.141514 
0.595506 -0.406727 0.488974 1.571531 0.000165 3.141515 
0.595506 -0.406727 0.488975 1.571531 0.000165 3.141515 
0.595506 -0.406727 0.488975 1.571531 0.000165 3.141515 
0.595506 -0.406727 0.488975 1.571531 0.000165 3.141515 
0.595506 -0.406727 0.488974 1.571532 0.000165 3.141515 
0.595506 -0.406727 0.488974 1.571531 0.000165 3.141515 
0.595506 -0.406727 0.488974 1.571531 0.000165 3.141514 
0.595506 -0.406727 0.488974 1.571531 0.000165 3.141515 
0.595506 -0.406727 0.488974 1.571532 0.000165 3.141515 
0.595506 -0.406727 0.488974 1.571532 0.000165 3.141515 
0.595506 -0.406727 0.488974 1.571532 0.000165 3.141515 
0.595506 -0.406727 0.488974 1.571531 0.000165 3.141515 
0.595506 -0.406727 0.488974 1.571531 0.000165 3.141515 
0.595506 -0.406727 0.488974 1.571531 0.000165 3.141515 
0.595506 -0.406727 0.488974 1.571531 0.000165 3.141515 
0.595506 -0.406727 0.488974 1.571531 0.000165 3.141515 
0.595506 -0.406727 0.488974 1.571532 0.000165 3.141515 
0.595506 -0.406727 0.488974 1.571532 0.000165 3.141515 
0.595506 -0.406727 0.488974 1.571532 0.000165 3.141515 
0.595506 -0.406727 0.488974 1.571531 0.000165 3.141515 
0.595506 -0.406727 0.488974 1.571531 0.000165 3.141515 
0.595506 -0.406727 0.488974 1.571531 0.000165 3.141515 
0.595506 -0.406727 0.488974 1.571531 0.000165 3.141515 
0.595506 -0.406727 0.488974 1.571531 0.000165 3.141515 
0.595506 -0.406727 0.488974 1.571531 0.000165 3.141515 
0.595506 -0.406727 0.488974 1.571531 0.000165 3.141515 
0.595506 -0.406727 0.488974 1.571531 0.000165 3.141515 
0.595506 -0.406727 0.488974 1.571531 0.000165 3.141515 
0.595506 -0.406727 0.488975 1.571531 0.000165 3.141515 
0.595506 -0.406727 0.488974 1.571531 0.000165 3.141515 
0.595506 -0.406727 0.488974 1.571531 0.000165 3.141515 
0.595506 -0.406727 0.488974 1.571532 0.000165 3.141515 
0.595506 -0.406727 0.488974 1.571532 0.000165 3.141515 
0.595506 -0.406727 0.488974 1.571532 0.000165 3.141515 
0.595506 -0.406727 0.488974 1.571532 0.000165 3.141515 
0.595506 -0.406727 0.488974 1.571532 0.000165 3.141515 
0.595506 -0.406727 0.488974 1.571532 0.000165 3.141515 
0.595506 -0.406727 0.488974 1.571532 0.000165 3.141515 
0.595506 -0.406727 0.488974 1.571532 0.000165 3.141515 
0.595506 -0.406727 0.488974 1.571531 0.000165 3.141515 
0.595506 -0.406727 0.488974 1.571531 0.000165 3.141515 
0.595506 -0.406727 0.488974 1.571531 0.000165 3.141515 
0.595506 -0.406727 0.488974 1.571531 0.000165 3.141515 
0.595506 -0.406727 0.488974 1.571531 0.000165 3.141515 
0.595506 -0.406727 0.488974 1.571531 0.000165 3.141515 
0.595506 -0.406727 0.488974 1.571531 0.000165 3.141515 
0.595506 -0.406727 0.488974 1.571531 0.000165 3.141515 
0.595506 -0.406727 0.488974 1.571531 0.000165 3.141515 
0.595506 -0.406727 0.488974 1.571531 0.000165 3.141515 
0.595506 -0.406727 0.488974 1.571531 0.000165 3.141515 
0.595506 -0.406727 0.488974 1.571531 0.000165 3.141515 
0.595506 -0.406727 0.488974 1.571531 0.000165 3.141515 
0.595506 -0.406727 0.488974 1.571532 0.000165 3.141515 
0.595506 -0.406727 0.488974 1.571531 0.000164 3.141515 
0.595506 -0.406727 0.488974 1.571531 0.000165 3.141515 
0.595506 -0.406727 0.488974 1.571531 0.000165 3.141515 
0.595506 -0.406727 0.488974 1.571531 0.000165 3.141515 
0.595506 -0.406727 0.488974 1.571531 0.000165 3.141515 
0.595506 -0.406727 0.488974 1.571531 0.000165 3.141515 
0.595506 -0.406727 0.488974 1.571531 0.000165 3.141515 
0.595506 -0.406727 0.488975 1.571531 0.000165 3.141515 
0.595506 -0.406727 0.488975 1.571532 0.000165 3.141515 
0.595506 -0.406727 0.488974 1.571531 0.000165 3.141515 
0.595506 -0.406727 0.488974 1.571531 0.000165 3.141515 
0.595506 -0.406727 0.488975 1.571532 0.000165 3.141515 
0.595506 -0.406727 0.488974 1.571532 0.000165 3.141515 
0.595506 -0.406727 0.488974 1.571531 0.000164 3.141515 
0.595506 -0.406727 0.488974 1.571531 0.000165 3.141515 
0.595506 -0.406727 0.488975 1.571531 0.000165 3.141515 
0.595506 -0.406727 0.488975 1.571531 0.000165 3.141515 
0.595506 -0.406727 0.488975 1.571531 0.000165 3.141515 
0.595506 -0.406727 0.488975 1.571532 0.000165 3.141515 
0.595506 -0.406727 0.488974 1.571531 0.000165 3.141515 
0.595506 -0.406727 0.488974 1.571532 0.000165 3.141515 
0.595506 -0.406727 0.488974 1.571531 0.000165 3.141515 
0.595506 -0.406727 0.488975 1.571531 0.000165 3.141515 
0.595506 -0.406727 0.488975 1.571531 0.000165 3.141515 
0.595506 -0.406727 0.488975 1.571531 0.000165 3.141515 
0.595506 -0.406727 0.488974 1.571532 0.000165 3.141515 
0.595506 -0.406727 0.488975 1.571532 0.000164 3.141515 
0.595506 -0.406727 0.488974 1.571532 0.000165 3.141515 
0.595506 -0.406727 0.488974 1.571532 0.000165 3.141515 
0.595506 -0.406727 0.488974 1.571531 0.000165 3.141515 
0.595506 -0.406727 0.488974 1.571531 0.000165 3.141515 
0.595506 -0.406727 0.488974 1.571531 0.000165 3.141515 
0.595506 -0.406727 0.488974 1.571531 0.000165 3.141515 
0.595506 -0.406727 0.488974 1.571531 0.000165 3.141515 
0.595506 -0.406727 0.488974 1.571531 0.000165 3.141515 
0.595506 -0.406727 0.488974 1.571531 0.000165 3.141515 
0.595506 -0.406727 0.488974 1.571531 0.000165 3.141515 
0.595506 -0.406727 0.488974 1.571531 0.000165 3.141515 
0.595506 -0.406727 0.488974 1.571531 0.000165 3.141515 
0.595506 -0.406727 0.488974 1.571531 0.000165 3.141515 
0.595506 -0.406727 0.488974 1.571531 0.000165 3.141515 
0.595506 -0.406727 0.488974 1.571531 0.000165 3.141515 
0.595506 -0.406727 0.488974 1.571531 0.000165 3.141515 
0.595506 -0.406727 0.488974 1.571531 0.000165 3.141515 
0.595506 -0.406727 0.488974 1.571531 0.000165 3.141515 
0.595506 -0.406727 0.488974 1.571532 0.000165 3.141515 
0.595506 -0.406727 0.488974 1.571531 0.000165 3.141515 
0.595506 -0.406727 0.488974 1.571531 0.000165 3.141515 
0.595506 -0.406727 0.488974 1.571532 0.000165 3.141515 
0.595506 -0.406727 0.488974 1.571532 0.000165 3.141515 
0.595506 -0.406727 0.488974 1.571532 0.000165 3.141515 
0.595506 -0.406727 0.488974 1.571531 0.000165 3.141515 
0.595506 -0.406727 0.488974 1.571532 0.000165 3.141515 
0.595506 -0.406727 0.488974 1.571532 0.000165 3.141515 
0.595506 -0.406727 0.488974 1.571531 0.000165 3.141515 
0.595506 -0.406727 0.488974 1.571532 0.000165 3.141515 
0.595506 -0.406727 0.488974 1.571531 0.000165 3.141515 
0.595506 -0.406727 0.488974 1.571531 0.000165 3.141515 
0.595506 -0.406727 0.488974 1.571532 0.000165 3.141515 
0.595506 -0.406727 0.488974 1.571532 0.000165 3.141515 
0.595506 -0.406727 0.488974 1.571531 0.000165 3.141515 
0.595506 -0.406727 0.488974 1.571532 0.000165 3.141515 
0.595506 -0.406727 0.488974 1.571531 0.000165 3.141515 
0.595506 -0.406727 0.488974 1.571531 0.000165 3.141515 
0.595506 -0.406727 0.488974 1.571531 0.000165 3.141515 
0.595506 -0.406727 0.488974 1.571531 0.000165 3.141515 
0.595506 -0.406727 0.488974 1.571531 0.000165 3.141515 
0.595506 -0.406727 0.488974 1.571531 0.000165 3.141515 
0.595506 -0.406727 0.488974 1.571532 0.000165 3.141515 
0.595506 -0.406727 0.488974 1.571532 0.000165 3.141515 
0.595506 -0.406727 0.488974 1.571532 0.000165 3.141515 
0.595506 -0.406727 0.488974 1.571532 0.000165 3.141515 
0.595506 -0.406727 0.488974 1.571532 0.000165 3.141515 
0.595506 -0.406727 0.488974 1.571531 0.000165 3.141515 
0.595506 -0.406727 0.488974 1.571531 0.000165 3.141515 
0.595506 -0.406727 0.488974 1.571531 0.000165 3.141515 
0.595506 -0.406727 0.488974 1.571531 0.000165 3.141515 
0.595506 -0.406727 0.488974 1.571531 0.000165 3.141515 
0.595506 -0.406727 0.488974 1.571532 0.000165 3.141515 
0.595506 -0.406727 0.488974 1.571532 0.000165 3.141515 
0.595506 -0.406727 0.488974 1.571531 0.000165 3.141515 
0.595506 -0.406727 0.488974 1.571531 0.000165 3.141515 
0.595506 -0.406727 0.488974 1.571531 0.000165 3.141515 
0.595506 -0.406727 0.488974 1.571531 0.000165 3.141515 
0.595506 -0.406727 0.488974 1.571531 0.000165 3.141515 
0.595506 -0.406727 0.488974 1.571531 0.000165 3.141515 
0.595506 -0.406727 0.488974 1.571531 0.000165 3.141515 
0.595506 -0.406727 0.488974 1.571531 0.000165 3.141515 
0.595506 -0.406727 0.488974 1.571532 0.000165 3.141515 
0.595506 -0.406727 0.488974 1.571532 0.000165 3.141515 
0.595506 -0.406727 0.488974 1.571531 0.000165 3.141515 
0.595506 -0.406727 0.488974 1.571531 0.000165 3.141515 
0.595506 -0.406727 0.488975 1.571531 0.000165 3.141515 
0.595506 -0.406727 0.488974 1.571531 0.000165 3.141515 
0.595506 -0.406727 0.488974 1.571531 0.000165 3.141515 
0.595506 -0.406727 0.488974 1.571532 0.000165 3.141515 
0.595506 -0.406727 0.488974 1.571531 0.000165 3.141515 
0.595506 -0.406727 0.488974 1.571531 0.000165 3.141515 
0.595506 -0.406727 0.488974 1.571531 0.000165 3.141515 
0.595506 -0.406727 0.488975 1.571531 0.000165 3.141515 
0.595506 -0.406727 0.488974 1.571531 0.000165 3.141515 
0.595506 -0.406727 0.488975 1.571531 0.000165 3.141515 
0.595506 -0.406727 0.488974 1.571531 0.000165 3.141515 
0.595506 -0.406727 0.488974 1.571531 0.000165 3.141515 
0.595506 -0.406727 0.488974 1.571531 0.000165 3.141515 
0.595506 -0.406727 0.488974 1.571531 0.000165 3.141515 
0.595506 -0.406727 0.488975 1.571531 0.000165 3.141515 
0.595506 -0.406727 0.488975 1.571531 0.000164 3.141515 
0.595506 -0.406727 0.488975 1.571531 0.000165 3.141515 
0.595506 -0.406727 0.488974 1.571531 0.000164 3.141515 
0.595506 -0.406727 0.488974 1.571531 0.000165 3.141515 
0.595506 -0.406727 0.488974 1.571531 0.000165 3.141515 
0.595506 -0.406727 0.488975 1.571531 0.000165 3.141515 
0.595506 -0.406727 0.488974 1.571531 0.000165 3.141515 
0.595506 -0.406727 0.488975 1.571531 0.000165 3.141515 
0.595506 -0.406727 0.488975 1.571531 0.000164 3.141515 
0.595506 -0.406727 0.488975 1.571531 0.000165 3.141515 
0.595506 -0.406727 0.488974 1.571531 0.000165 3.141515 
0.595506 -0.406727 0.488975 1.571531 0.000165 3.141515 
0.595506 -0.406727 0.488974 1.571531 0.000165 3.141515 
0.595506 -0.406727 0.488974 1.571531 0.000165 3.141515 
0.595506 -0.406727 0.488974 1.571531 0.000165 3.141515 
0.595506 -0.406727 0.488974 1.571532 0.000165 3.141515 
0.595506 -0.406727 0.488974 1.571531 0.000165 3.141515 
0.595506 -0.406727 0.488974 1.571531 0.000165 3.141515 
0.595506 -0.406727 0.488975 1.571531 0.000165 3.141515 
0.595506 -0.406727 0.488975 1.571531 0.000165 3.141515 
0.595506 -0.406727 0.488975 1.571531 0.000165 3.141515 
0.595506 -0.406727 0.488974 1.571531 0.000165 3.141515 
0.595506 -0.406727 0.488974 1.571531 0.000165 3.141515 
0.595506 -0.406727 0.488974 1.571531 0.000165 3.141515 
0.595506 -0.406727 0.488974 1.571531 0.000165 3.141515 
0.595506 -0.406727 0.488974 1.571531 0.000165 3.141515 
0.595506 -0.406727 0.488974 1.571531 0.000165 3.141515 
0.595506 -0.406727 0.488974 1.571531 0.000165 3.141515 
0.595506 -0.406727 0.488974 1.571531 0.000165 3.141515 
0.595506 -0.406727 0.488974 1.571531 0.000165 3.141515 
0.595506 -0.406727 0.488974 1.571531 0.000165 3.141515 
0.595506 -0.406727 0.488974 1.571531 0.000165 3.141515 
0.595506 -0.406727 0.488974 1.571531 0.000165 3.141515 
0.595506 -0.406727 0.488974 1.571531 0.000165 3.141515 
0.595506 -0.406727 0.488974 1.571531 0.000165 3.141515 
0.595506 -0.406727 0.488974 1.571531 0.000165 3.141515 
0.595506 -0.406727 0.488974 1.571532 0.000165 3.141515 
0.595506 -0.406727 0.488974 1.571531 0.000165 3.141515 
0.595506 -0.406727 0.488974 1.571532 0.000165 3.141515 
0.595506 -0.406727 0.488974 1.571531 0.000165 3.141515 
0.595506 -0.406727 0.488974 1.571531 0.000165 3.141515 
0.595506 -0.406727 0.488974 1.571531 0.000165 3.141515 
0.595506 -0.406727 0.488974 1.571531 0.000165 3.141515 
0.595506 -0.406727 0.488974 1.571531 0.000165 3.141515 
0.595506 -0.406727 0.488974 1.571531 0.000165 3.141515 
0.595506 -0.406727 0.488974 1.571531 0.000165 3.141515 
0.595506 -0.406727 0.488974 1.571531 0.000165 3.141515 
0.595506 -0.406727 0.488974 1.571531 0.000165 3.141515 
0.595506 -0.406727 0.488974 1.571531 0.000165 3.141515 
0.595506 -0.406727 0.488974 1.571531 0.000165 3.141515 
0.595506 -0.406727 0.488974 1.571531 0.000165 3.141515 
0.595506 -0.406727 0.488974 1.571531 0.000165 3.141515 
0.595506 -0.406727 0.488974 1.571531 0.000165 3.141515 
0.595506 -0.406727 0.488974 1.571532 0.000165 3.141515 
0.595506 -0.406727 0.488974 1.571531 0.000165 3.141515 
0.595506 -0.406727 0.488974 1.571531 0.000165 3.141515 
0.595506 -0.406727 0.488974 1.571531 0.000165 3.141515 
0.595506 -0.406727 0.488974 1.571531 0.000165 3.141515 
0.595506 -0.406727 0.488974 1.571531 0.000165 3.141515 
0.595506 -0.406727 0.488974 1.571531 0.000165 3.141515 
0.595506 -0.406727 0.488974 1.571531 0.000165 3.141515 
0.595506 -0.406727 0.488974 1.571532 0.000165 3.141515 
0.595506 -0.406727 0.488974 1.571531 0.000165 3.141515 
0.595506 -0.406727 0.488974 1.571531 0.000165 3.141515 
0.595506 -0.406727 0.488974 1.571531 0.000165 3.141515 
0.595506 -0.406727 0.488974 1.571531 0.000164 3.141516 
0.595489 -0.406692 0.488891 1.571571 0.000029 -3.141573 
0.595465 -0.406641 0.488527 1.571641 -0.000133 -3.141464 
0.595461 -0.406585 0.488067 1.571732 -0.000248 -3.141418 
0.595497 -0.406560 0.487616 1.571763 -0.000335 3.141483 
0.595558 -0.406551 0.487226 1.571791 -0.000329 3.141060 
0.595616 -0.406541 0.486974 1.571815 -0.000288 3.140733 
0.595665 -0.406542 0.486791 1.571831 -0.000157 3.140505 
0.595676 -0.406553 0.486720 1.571828 -0.000031 3.140487 
0.595642 -0.406558 0.486773 1.571841 0.000087 3.140782 
0.595569 -0.406577 0.486911 1.571831 0.000240 3.141319 
0.595491 -0.406617 0.487130 1.571794 0.000416 -3.141341 
0.595417 -0.406635 0.487408 1.571811 0.000605 -3.140789 
0.595334 -0.406659 0.487733 1.571803 0.000735 -3.140233 
0.595272 -0.406685 0.488040 1.571779 0.000816 -3.139871 
0.595289 -0.406703 0.488314 1.571767 0.000885 -3.139987 
0.595346 -0.406725 0.488590 1.571737 0.000912 -3.140398 
0.595414 -0.406743 0.488840 1.571688 0.000848 -3.140924 
0.595509 -0.406760 0.489020 1.571629 0.000741 3.141540 
0.595573 -0.406762 0.489163 1.571591 0.000589 3.141030 
0.595583 -0.406753 0.489242 1.571563 0.000414 3.140886 
0.595573 -0.406726 0.489300 1.571565 0.000225 3.140933 
0.595560 -0.406703 0.489299 1.571566 0.000066 3.141004 
0.595543 -0.406679 0.489267 1.571572 -0.000071 3.141116 
0.595521 -0.406656 0.489226 1.571577 -0.000203 3.141263 
0.595495 -0.406635 0.489172 1.571582 -0.000326 3.141430 
0.595478 -0.406617 0.489109 1.571580 -0.000445 3.141535 
0.595474 -0.406603 0.489036 1.571575 -0.000549 3.141547 
0.595476 -0.406598 0.488970 1.571556 -0.000655 3.141493 
0.595489 -0.406596 0.488904 1.571538 -0.000737 3.141367 
0.595498 -0.406597 0.488862 1.571520 -0.000786 3.141276 
0.595501 -0.406603 0.488836 1.571508 -0.000793 3.141233 
0.595502 -0.406608 0.488817 1.571505 -0.000767 3.141219 
0.595503 -0.406611 0.488799 1.571510 -0.000732 3.141218 
0.595497 -0.406614 0.488799 1.571514 -0.000701 3.141260 
0.595484 -0.406615 0.488808 1.571515 -0.000690 3.141348 
0.595476 -0.406620 0.488825 1.571512 -0.000664 3.141402 
0.595466 -0.406626 0.488847 1.571511 -0.000627 3.141465 
0.595457 -0.406633 0.488867 1.571511 -0.000579 3.141529 
0.595449 -0.406640 0.488883 1.571510 -0.000532 3.141578 
0.595444 -0.406646 0.488900 1.571510 -0.000493 -3.141573 
0.595436 -0.406651 0.488917 1.571514 -0.000454 -3.141516 
0.595428 -0.406655 0.488937 1.571515 -0.000413 -3.141457 
0.595425 -0.406660 0.488948 1.571516 -0.000378 -3.141429 
0.595423 -0.406661 0.488952 1.571520 -0.000358 -3.141407 
0.595425 -0.406658 0.488950 1.571527 -0.000345 -3.141400 
0.595428 -0.406658 0.488946 1.571530 -0.000336 -3.141414 
0.595434 -0.406659 0.488941 1.571531 -0.000326 -3.141449 
0.595441 -0.406660 0.488932 1.571532 -0.000312 -3.141494 
0.595447 -0.406663 0.488921 1.571532 -0.000295 -3.141532 
0.595456 -0.406666 0.488911 1.571532 -0.000276 -3.141589 
0.595467 -0.406668 0.488905 1.571533 -0.000260 3.141529 
0.595475 -0.406670 0.488898 1.571534 -0.000244 3.141475 
0.595478 -0.406671 0.488892 1.571534 -0.000234 3.141462 
0.595478 -0.406672 0.488889 1.571534 -0.000230 3.141460 
0.595478 -0.406672 0.488887 1.571534 -0.000226 3.141460 
0.595477 -0.406673 0.488885 1.571534 -0.000223 3.141463 
0.595477 -0.406673 0.488884 1.571534 -0.000223 3.141467 
0.595476 -0.406673 0.488885 1.571534 -0.000222 3.141470 
0.595476 -0.406673 0.488886 1.571534 -0.000221 3.141473 
0.595475 -0.406673 0.488888 1.571534 -0.000219 3.141480 
0.595474 -0.406673 0.488890 1.571535 -0.000217 3.141484 
0.595474 -0.406673 0.488892 1.571535 -0.000216 3.141488 
0.595473 -0.406673 0.488893 1.571536 -0.000214 3.141492 
0.595473 -0.406674 0.488895 1.571536 -0.000211 3.141497 
0.595472 -0.406674 0.488896 1.571535 -0.000209 3.141500 
0.595472 -0.406675 0.488897 1.571534 -0.000207 3.141503 
0.595472 -0.406674 0.488897 1.571535 -0.000207 3.141503 
0.595472 -0.406674 0.488897 1.571536 -0.000207 3.141503 
0.595472 -0.406674 0.488898 1.571537 -0.000208 3.141503 
0.595472 -0.406673 0.488898 1.571537 -0.000207 3.141505 
0.595472 -0.406674 0.488899 1.571537 -0.000206 3.141507 
0.595471 -0.406674 0.488900 1.571536 -0.000206 3.141509 
0.595471 -0.406674 0.488901 1.571536 -0.000206 3.141510 
0.595471 -0.406674 0.488901 1.571536 -0.000206 3.141510 
0.595471 -0.406674 0.488901 1.571536 -0.000206 3.141511 
0.595471 -0.406674 0.488901 1.571536 -0.000206 3.141511 
0.595471 -0.406674 0.488901 1.571536 -0.000206 3.141511 
0.595471 -0.406674 0.488901 1.571536 -0.000206 3.141510 
0.595471 -0.406674 0.488901 1.571537 -0.000206 3.141510 
0.595471 -0.406674 0.488901 1.571536 -0.000206 3.141510 
0.595471 -0.406674 0.488901 1.571537 -0.000206 3.141510 
0.595471 -0.406673 0.488902 1.571537 -0.000207 3.141511 
0.595471 -0.406674 0.488902 1.571537 -0.000207 3.141511 
0.595471 -0.406673 0.488903 1.571537 -0.000208 3.141512 
0.595471 -0.406673 0.488903 1.571537 -0.000208 3.141512 
0.595471 -0.406674 0.488903 1.571536 -0.000208 3.141512 
0.595471 -0.406674 0.488903 1.571536 -0.000208 3.141511 
0.595471 -0.406674 0.488903 1.571536 -0.000208 3.141511 
0.595471 -0.406674 0.488902 1.571536 -0.000209 3.141510 
0.595471 -0.406673 0.488902 1.571537 -0.000209 3.141510 
0.595471 -0.406673 0.488902 1.571537 -0.000209 3.141510 
0.595471 -0.406673 0.488902 1.571537 -0.000210 3.141510 
0.595471 -0.406673 0.488903 1.571537 -0.000210 3.141511 
0.595471 -0.406673 0.488903 1.571537 -0.000210 3.141511 
0.595471 -0.406673 0.488904 1.571537 -0.000211 3.141511 
0.595471 -0.406673 0.488904 1.571537 -0.000211 3.141511 
0.595471 -0.406673 0.488904 1.571536 -0.000212 3.141512 
0.595471 -0.406673 0.488904 1.571536 -0.000212 3.141513 
0.595471 -0.406673 0.488904 1.571536 -0.000212 3.141513 
0.595471 -0.406673 0.488904 1.571536 -0.000212 3.141513 
0.595471 -0.406673 0.488904 1.571536 -0.000213 3.141514 
0.595471 -0.406673 0.488904 1.571537 -0.000213 3.141514 
0.595471 -0.406672 0.488904 1.571537 -0.000213 3.141515 
0.595470 -0.406672 0.488904 1.571537 -0.000213 3.141515 
0.595470 -0.406672 0.488904 1.571537 -0.000213 3.141516 
0.595470 -0.406672 0.488904 1.571537 -0.000214 3.141517 
0.595470 -0.406673 0.488904 1.571537 -0.000214 3.141517 
0.595470 -0.406673 0.488904 1.571536 -0.000214 3.141517 
0.595470 -0.406673 0.488904 1.571536 -0.000214 3.141518 
0.595470 -0.406673 0.488904 1.571536 -0.000214 3.141518 
0.595470 -0.406673 0.488904 1.571536 -0.000214 3.141518 
0.595470 -0.406673 0.488904 1.571536 -0.000215 3.141518 
0.595470 -0.406672 0.488904 1.571537 -0.000215 3.141518 
0.595470 -0.406672 0.488904 1.571537 -0.000215 3.141518 
0.595470 -0.406672 0.488904 1.571537 -0.000215 3.141518 
0.595470 -0.406672 0.488904 1.571537 -0.000215 3.141519 
0.595482 -0.406658 0.488879 1.571594 -0.000215 3.141468 
0.595499 -0.406631 0.488852 1.571657 -0.000242 3.141403 
0.595520 -0.406601 0.488816 1.571710 -0.000286 3.141313 
0.595551 -0.406549 0.488771 1.571804 -0.000348 3.141195 
0.595596 -0.406467 0.488724 1.571952 -0.000416 3.141068 
0.595657 -0.406338 0.488680 1.572179 -0.000457 3.140966 
0.595746 -0.406159 0.488599 1.572317 -0.000409 3.140861 
0.595872 -0.405893 0.488514 1.572309 -0.000298 3.140794 
0.596048 -0.405480 0.488444 1.572307 -0.000174 3.140757 
0.596280 -0.404913 0.488384 1.572206 -0.000057 3.140733 
0.596569 -0.404190 0.488323 1.571972 0.000062 3.140707 
0.596913 -0.403307 0.488273 1.571567 0.000184 3.140699 
0.597332 -0.402196 0.488242 1.571189 0.000282 3.140705 
0.597834 -0.400827 0.488230 1.570878 0.000362 3.140730 
0.598406 -0.399233 0.488234 1.570606 0.000432 3.140770 
0.599064 -0.397385 0.488256 1.570382 0.000481 3.140826 
0.599810 -0.395279 0.488294 1.570225 0.000519 3.140897 
0.600640 -0.392918 0.488353 1.570112 0.000523 3.140981 
0.601559 -0.390273 0.488426 1.570127 0.000505 3.141071 
0.602566 -0.387345 0.488519 1.570265 0.000469 3.141174 
0.603658 -0.384144 0.488624 1.570504 0.000440 3.141277 
0.604817 -0.380704 0.488738 1.570744 0.000406 3.141380 
0.606012 -0.377091 0.488859 1.570859 0.000361 3.141482 
0.607241 -0.373316 0.488972 1.570873 0.000342 3.141502 
0.608498 -0.369353 0.489081 1.570857 0.000324 3.141481 
0.609781 -0.365201 0.489203 1.570944 0.000298 3.141506 
0.611085 -0.360852 0.489327 1.571042 0.000245 3.141554 
0.612393 -0.356371 0.489431 1.571122 0.000214 -3.141577 
0.613684 -0.351847 0.489536 1.571201 0.000182 -3.141523 
0.614925 -0.347351 0.489665 1.571160 0.000129 -3.141439 
0.616121 -0.342823 0.489769 1.571233 0.000100 -3.141366 
0.617295 -0.338206 0.489851 1.571500 0.000084 -3.141321 
0.618452 -0.333548 0.489943 1.571819 0.000062 -3.141269 
0.619581 -0.328832 0.490031 1.572246 0.000034 -3.141222 
0.620660 -0.324139 0.490099 1.572651 0.000035 -3.141184 
0.621673 -0.319564 0.490163 1.572800 0.000050 -3.141148 
0.622626 -0.315075 0.490232 1.572770 0.000075 -3.141121 
0.623538 -0.310552 0.490289 1.572828 0.000101 -3.141090 
0.624425 -0.306024 0.490355 1.572869 0.000126 -3.141060 
0.625266 -0.301518 0.490431 1.572863 0.000125 -3.141027 
0.626051 -0.297052 0.490494 1.572782 0.000139 -3.140982 
0.626789 -0.292654 0.490553 1.572565 0.000162 -3.140945 
0.627486 -0.288290 0.490614 1.572268 0.000180 -3.140925 
0.628147 -0.283872 0.490661 1.572125 0.000222 -3.140903 
0.628786 -0.279403 0.490708 1.572067 0.000257 -3.140885 
0.629396 -0.274920 0.490772 1.572014 0.000263 -3.140876 
0.629961 -0.270456 0.490830 1.571945 0.000281 -3.140874 
0.630479 -0.266038 0.490877 1.571809 0.000314 -3.140874 
0.630964 -0.261677 0.490931 1.571525 0.000341 -3.140902 
0.631413 -0.257270 0.490983 1.571348 0.000368 -3.140918 
0.631837 -0.252797 0.491032 1.571308 0.000383 -3.140924 
0.632244 -0.248292 0.491093 1.571317 0.000387 -3.140931 
0.632609 -0.243797 0.491162 1.571297 0.000368 -3.140941 
0.632918 -0.239349 0.491213 1.571224 0.000381 -3.140945 
0.633191 -0.234948 0.491264 1.571054 0.000397 -3.140962 
0.633426 -0.230504 0.491325 1.570986 0.000397 -3.140976 
0.633623 -0.225985 0.491376 1.571101 0.000403 -3.140995 
0.633792 -0.221442 0.491427 1.571259 0.000404 -3.141010 
0.633925 -0.216928 0.491487 1.571351 0.000384 -3.141048 
0.634010 -0.212480 0.491531 1.571346 0.000397 -3.141085 
0.634056 -0.208079 0.491571 1.571274 0.000423 -3.141109 
0.634081 -0.203670 0.491624 1.571171 0.000423 -3.141147 
0.634067 -0.199199 0.491679 1.571224 0.000422 -3.141164 
0.634012 -0.194696 0.491734 1.571366 0.000425 -3.141146 
0.633930 -0.190243 0.491797 1.571395 0.000412 -3.141135 
0.633805 -0.185865 0.491846 1.571285 0.000425 -3.141142 
0.633630 -0.181516 0.491882 1.571183 0.000470 -3.141127 
0.633431 -0.177149 0.491927 1.571094 0.000503 -3.141106 
0.633193 -0.172741 0.491978 1.571113 0.000514 -3.141076 
0.632918 -0.168316 0.492026 1.571184 0.000531 -3.141047 
0.632613 -0.163934 0.492077 1.571178 0.000548 -3.141021 
0.632265 -0.159610 0.492134 1.571069 0.000561 -3.140996 
0.631871 -0.155321 0.492180 1.570957 0.000604 -3.140979 
0.631449 -0.151011 0.492224 1.570893 0.000636 -3.140968 
0.630996 -0.146661 0.492281 1.570895 0.000639 -3.140950 
0.630506 -0.142288 0.492336 1.570965 0.000625 -3.140930 
0.629982 -0.137946 0.492383 1.571019 0.000625 -3.140912 
0.629429 -0.133673 0.492431 1.570931 0.000630 -3.140903 
0.628829 -0.129432 0.492478 1.570819 0.000639 -3.140899 
0.628184 -0.125153 0.492522 1.570832 0.000648 -3.140893 
0.627516 -0.120851 0.492571 1.570892 0.000644 -3.140888 
0.626817 -0.116532 0.492622 1.570998 0.000612 -3.140912 
0.626084 -0.112234 0.492665 1.571096 0.000580 -3.140971 
0.625328 -0.108021 0.492705 1.571040 0.000566 -3.141018 
0.624537 -0.103859 0.492746 1.570894 0.000558 -3.141054 
0.623699 -0.099668 0.492788 1.570877 0.000550 -3.141062 
0.622832 -0.095446 0.492836 1.570912 0.000529 -3.141060 
0.621931 -0.091218 0.492891 1.570972 0.000488 -3.141059 
0.620996 -0.087034 0.492936 1.570992 0.000474 -3.141058 
0.620030 -0.082919 0.492973 1.570930 0.000476 -3.141059 
0.619034 -0.078845 0.493012 1.570780 0.000477 -3.141071 
0.617996 -0.074751 0.493048 1.570735 0.000479 -3.141086 
0.616920 -0.070618 0.493085 1.570793 0.000463 -3.141095 
0.615818 -0.066491 0.493135 1.570857 0.000429 -3.141094 
0.614684 -0.062403 0.493183 1.570856 0.000406 -3.141088 
0.613515 -0.058381 0.493219 1.570790 0.000391 -3.141098 
0.612332 -0.054399 0.493259 1.570654 0.000358 -3.141150 
0.611118 -0.050438 0.493303 1.570521 0.000301 -3.141199 
0.609865 -0.046481 0.493343 1.570512 0.000235 -3.141249 
0.608606 -0.042598 0.493387 1.570623 0.000154 -3.141297 
0.607367 -0.038872 0.493432 1.570730 0.000059 -3.141351 
0.606167 -0.035346 0.493461 1.570846 0.000006 -3.141401 
0.605012 -0.032023 0.493493 1.570959 -0.000049 -3.141444 
0.603911 -0.028875 0.493536 1.571097 -0.000125 -3.141476 
0.602845 -0.025888 0.493579 1.571375 -0.000195 -3.141479 
0.601825 -0.023097 0.493621 1.571715 -0.000235 -3.141440 
0.600877 -0.020533 0.493656 1.571991 -0.000254 -3.141410 
0.600020 -0.018239 0.493684 1.572094 -0.000250 -3.141396 
0.599243 -0.016216 0.493702 1.572086 -0.000238 -3.141406 
0.598539 -0.014433 0.493710 1.571968 -0.000215 -3.141424 
0.597905 -0.012864 0.493721 1.571811 -0.000200 -3.141435 
0.597338 -0.011487 0.493729 1.571686 -0.000185 -3.141447 
0.596847 -0.010297 0.493732 1.571582 -0.000163 -3.141464 
0.596428 -0.009304 0.493732 1.571469 -0.000142 -3.141485 
0.596084 -0.008512 0.493732 1.571345 -0.000122 -3.141504 
0.595823 -0.007913 0.493732 1.571176 -0.000107 -3.141519 
0.595637 -0.007486 0.493730 1.571067 -0.000093 -3.141533 
0.595509 -0.007182 0.493727 1.571041 -0.000078 -3.141547 
0.595435 -0.006989 0.493725 1.571092 -0.000069 -3.141558 
0.595404 -0.006902 0.493716 1.571115 -0.000053 -3.141577 
0.595391 -0.006885 0.493705 1.571070 -0.000026 3.141583 
0.595389 -0.006913 0.493693 1.570972 0.000001 3.141558 
0.595392 -0.006980 0.493680 1.570822 0.000027 3.141531 
0.595394 -0.007062 0.493668 1.570653 0.000050 3.141507 
0.595396 -0.007150 0.493660 1.570479 0.000068 3.141488 
0.595399 -0.007226 0.493649 1.570363 0.000090 3.141465 
0.595401 -0.007286 0.493640 1.570279 0.000110 3.141447 
0.595402 -0.007329 0.493634 1.570214 0.000127 3.141434 
0.595403 -0.007351 0.493632 1.570180 0.000134 3.141427 
0.595402 -0.007353 0.493631 1.570180 0.000135 3.141424 
0.595399 -0.007335 0.493631 1.570216 0.000136 3.141423 
0.595399 -0.007308 0.493631 1.570264 0.000137 3.141421 
0.595398 -0.007280 0.493631 1.570313 0.000138 3.141419 
0.595398 -0.007245 0.493631 1.570375 0.000136 3.141419 
0.595396 -0.007210 0.493633 1.570435 0.000136 3.141421 
0.595395 -0.007182 0.493638 1.570483 0.000132 3.141427 
0.595394 -0.007160 0.493642 1.570520 0.000125 3.141434 
0.595391 -0.007139 0.493651 1.570553 0.000113 3.141450 
0.595386 -0.007117 0.493664 1.570589 0.000094 3.141470 
0.595382 -0.007098 0.493677 1.570617 0.000072 3.141492 
0.595379 -0.007082 0.493688 1.570640 0.000056 3.141510 
0.595376 -0.007068 0.493696 1.570661 0.000043 3.141524 
0.595375 -0.007058 0.493703 1.570676 0.000032 3.141536 
0.595373 -0.007049 0.493709 1.570688 0.000023 3.141545 
0.595372 -0.007039 0.493714 1.570703 0.000017 3.141553 
0.595371 -0.007030 0.493716 1.570718 0.000012 3.141557 
0.595370 -0.007023 0.493717 1.570731 0.000010 3.141559 
0.595370 -0.007016 0.493718 1.570744 0.000010 3.141560 
0.595370 -0.007011 0.493718 1.570752 0.000010 3.141559 
0.595370 -0.007007 0.493717 1.570759 0.000011 3.141559 
0.595370 -0.007002 0.493717 1.570767 0.000012 3.141558 
0.595370 -0.006998 0.493715 1.570775 0.000014 3.141556 
0.595371 -0.006994 0.493714 1.570783 0.000016 3.141553 
0.595371 -0.006989 0.493713 1.570792 0.000017 3.141552 
0.595372 -0.006984 0.493709 1.570803 0.000023 3.141546 
0.595373 -0.006978 0.493705 1.570813 0.000029 3.141539 
0.595373 -0.006973 0.493703 1.570824 0.000034 3.141535 
0.595374 -0.006968 0.493701 1.570832 0.000036 3.141532 
0.595374 -0.006966 0.493700 1.570837 0.000037 3.141530 
0.595374 -0.006962 0.493698 1.570843 0.000039 3.141527 
0.595374 -0.006959 0.493698 1.570850 0.000039 3.141527 
0.595375 -0.006959 0.493698 1.570849 0.000040 3.141527 
0.595375 -0.006959 0.493698 1.570848 0.000040 3.141527 
0.595375 -0.006960 0.493698 1.570846 0.000041 3.141527 
0.595375 -0.006962 0.493698 1.570843 0.000041 3.141527 
0.595375 -0.006965 0.493698 1.570838 0.000041 3.141527 
0.595375 -0.006969 0.493698 1.570832 0.000041 3.141526 
0.595375 -0.006973 0.493698 1.570825 0.000041 3.141526 
0.595375 -0.006975 0.493698 1.570821 0.000041 3.141526 
0.595375 -0.006976 0.493697 1.570819 0.000041 3.141526 
0.595375 -0.006978 0.493697 1.570816 0.000041 3.141526 
0.595375 -0.006979 0.493697 1.570814 0.000041 3.141526 
0.595375 -0.006979 0.493697 1.570814 0.000041 3.141526 
0.595375 -0.006979 0.493697 1.570814 0.000041 3.141526 
0.595375 -0.006979 0.493697 1.570815 0.000041 3.141526 
0.595375 -0.006980 0.493697 1.570814 0.000041 3.141526 
0.595375 -0.006981 0.493697 1.570812 0.000041 3.141526 
0.595375 -0.006982 0.493697 1.570810 0.000041 3.141526 
0.595375 -0.006982 0.493697 1.570810 0.000041 3.141525 
0.595375 -0.006982 0.493697 1.570810 0.000041 3.141525 
0.595376 -0.006982 0.493697 1.570810 0.000041 3.141525 
0.595375 -0.006982 0.493697 1.570810 0.000041 3.141525 
0.595375 -0.006981 0.493697 1.570811 0.000042 3.141525 
0.595375 -0.006981 0.493697 1.570811 0.000042 3.141525 
0.595375 -0.006981 0.493697 1.570811 0.000042 3.141525 
0.595375 -0.006982 0.493697 1.570810 0.000042 3.141525 
0.595375 -0.006982 0.493697 1.570810 0.000042 3.141525 
0.595375 -0.006982 0.493697 1.570810 0.000042 3.141525 
0.595376 -0.006982 0.493697 1.570809 0.000042 3.141525 
0.595376 -0.006983 0.493697 1.570808 0.000042 3.141524 
0.595376 -0.006983 0.493697 1.570808 0.000042 3.141525 
0.595376 -0.006983 0.493697 1.570809 0.000042 3.141524 
0.595375 -0.006982 0.493697 1.570809 0.000042 3.141525 
0.595375 -0.006982 0.493697 1.570810 0.000042 3.141525 
0.595375 -0.006982 0.493697 1.570810 0.000042 3.141525 
0.595375 -0.006982 0.493697 1.570810 0.000042 3.141525 
0.595375 -0.006982 0.493697 1.570809 0.000042 3.141525 
0.595375 -0.006983 0.493697 1.570809 0.000042 3.141525 
0.595376 -0.006983 0.493697 1.570807 0.000042 3.141525 
0.595376 -0.006984 0.493697 1.570806 0.000042 3.141525 
0.595376 -0.006985 0.493697 1.570805 0.000042 3.141524 
0.595376 -0.006985 0.493697 1.570805 0.000042 3.141524 
0.595375 -0.006985 0.493697 1.570805 0.000042 3.141524 
0.595375 -0.006985 0.493697 1.570805 0.000042 3.141525 
0.595375 -0.006984 0.493697 1.570806 0.000042 3.141525 
0.595375 -0.006984 0.493697 1.570806 0.000042 3.141525 
0.595375 -0.006984 0.493697 1.570806 0.000042 3.141525 
0.595375 -0.006984 0.493697 1.570806 0.000042 3.141524 
0.595376 -0.006985 0.493696 1.570805 0.000042 3.141524 
0.595376 -0.006985 0.493696 1.570805 0.000042 3.141524 
0.595376 -0.006985 0.493696 1.570805 0.000042 3.141524 
0.595376 -0.006985 0.493696 1.570805 0.000042 3.141524 
0.595376 -0.006984 0.493697 1.570806 0.000042 3.141524 
0.595375 -0.006984 0.493697 1.570807 0.000042 3.141524 
0.595375 -0.006983 0.493697 1.570808 0.000043 3.141524 
0.595375 -0.006983 0.493697 1.570809 0.000042 3.141524 
0.595375 -0.006983 0.493697 1.570809 0.000043 3.141524 
0.595375 -0.006983 0.493697 1.570809 0.000043 3.141524 
0.595375 -0.006983 0.493696 1.570808 0.000043 3.141524 
0.595376 -0.006983 0.493696 1.570808 0.000042 3.141524 
0.595376 -0.006983 0.493696 1.570808 0.000042 3.141524 
0.595376 -0.006983 0.493696 1.570808 0.000043 3.141524 
0.595376 -0.006983 0.493696 1.570807 0.000042 3.141524 
0.595376 -0.006983 0.493696 1.570808 0.000042 3.141524 
0.595375 -0.006983 0.493696 1.570808 0.000043 3.141524 
0.595375 -0.006983 0.493696 1.570808 0.000042 3.141524 
0.595375 -0.006983 0.493696 1.570808 0.000042 3.141524 
0.595375 -0.006983 0.493696 1.570808 0.000043 3.141524 
0.595375 -0.006983 0.493696 1.570809 0.000043 3.141524 
0.595375 -0.006983 0.493696 1.570808 0.000043 3.141524 
0.595375 -0.006983 0.493696 1.570808 0.000042 3.141524 
0.595376 -0.006983 0.493696 1.570808 0.000042 3.141524 
0.595376 -0.006983 0.493696 1.570808 0.000043 3.141524 
0.595376 -0.006984 0.493696 1.570808 0.000043 3.141524 
0.595375 -0.006983 0.493696 1.570808 0.000043 3.141524 
0.595375 -0.006983 0.493696 1.570808 0.000043 3.141524 
0.595376 -0.006983 0.493696 1.570808 0.000043 3.141524 
0.595375 -0.006983 0.493696 1.570809 0.000043 3.141524 
0.595375 -0.006983 0.493696 1.570809 0.000043 3.141524 
0.595376 -0.006983 0.493696 1.570808 0.000043 3.141524 
0.595376 -0.006983 0.493696 1.570808 0.000043 3.141524 
0.595376 -0.006983 0.493696 1.570808 0.000043 3.141524 
0.595376 -0.006983 0.493696 1.570808 0.000043 3.141524 
0.595376 -0.006983 0.493696 1.570808 0.000043 3.141524 
0.595376 -0.006983 0.493696 1.570808 0.000043 3.141524 
0.595376 -0.006983 0.493696 1.570808 0.000043 3.141524 
0.595376 -0.006983 0.493696 1.570808 0.000043 3.141524 
0.595376 -0.006983 0.493696 1.570808 0.000043 3.141524 
