-0.000002 -0.000001 0.000004 0.000006 -0.000010 -0.000012 
-0.000002 -0.000004 0.000000 -0.000021 0.000021 0.000006 
-0.000005 0.000002 -0.000000 0.000019 -0.000039 0.000006 
0.000006 0.000002 -0.000004 -0.000014 0.000036 -0.000012 
-0.000004 -0.000006 0.000011 0.000007 -0.000024 -0.000012 
0.000001 0.000002 0.000000 -0.000030 0.000010 -0.000006 
-0.000002 -0.000008 -0.000015 0.000019 0.000018 -0.000024 
0.000000 0.000003 0.000000 0.000010 -0.000002 0.000030 
0.000005 0.000002 -0.000002 -0.000013 0.000007 -0.000006 
0.000004 0.000019 0.000010 -0.000010 -0.000029 0.000048 
0.000003 -0.000005 0.000004 -0.000001 0.000027 -0.000036 
-0.000002 0.000002 -0.000002 -0.000004 -0.000001 0.000018 
0.000002 0.000008 0.000002 -0.000010 -0.000027 0.000006 
-0.000000 -0.000013 -0.000012 0.000038 0.000030 -0.000012 
-0.000008 -0.000001 0.000012 -0.000035 -0.000012 -0.000024 
0.000000 -0.000005 0.000002 0.000002 0.000007 0.000006 
0.000001 -0.000002 -0.000008 0.000010 0.000006 -0.000000 
0.000004 0.000014 0.000004 -0.000015 -0.000008 0.000012 
-0.000001 -0.000013 -0.000000 0.000010 0.000005 -0.000018 
0.000003 0.000008 -0.000004 -0.000006 0.000010 0.000018 
-0.000007 -0.000015 -0.000008 0.000021 -0.000007 -0.000024 
0.000008 0.000017 0.000000 -0.000009 0.000001 0.000030 
-0.000003 -0.000002 0.000021 -0.000003 -0.000017 -0.000018 
0.000006 0.000008 0.000002 -0.000007 0.000008 0.000024 
-0.000006 -0.000005 -0.000006 0.000002 -0.000010 -0.000024 
-0.000000 -0.000003 0.000002 -0.000008 0.000002 0.000006 
0.000002 0.000007 -0.000004 0.000015 0.000001 0.000024 
-0.000001 -0.000002 0.000004 -0.000015 -0.000001 -0.000012 
0.000002 -0.000003 -0.000011 -0.000015 0.000031 -0.000012 
0.000001 0.000003 0.000000 0.000018 -0.000009 0.000012 
0.000000 -0.000004 0.000000 0.000003 0.000018 -0.000006 
0.000001 0.000006 -0.000004 -0.000018 -0.000006 0.000006 
-0.000006 -0.000001 0.000011 0.000016 -0.000025 0.000006 
0.000003 0.000002 0.000000 -0.000021 0.000009 -0.000018 
-0.000002 -0.000000 0.000000 0.000010 -0.000002 0.000018 
-0.000002 -0.000003 0.000008 -0.000010 -0.000006 -0.000012 
-0.000001 0.000006 -0.000008 0.000008 -0.000012 0.000018 
0.000004 -0.000007 -0.000004 -0.000003 0.000034 -0.000018 
-0.000003 -0.000007 -0.000013 0.000000 0.000016 0.000000 
0.000006 0.000009 0.000000 -0.000011 0.000007 0.000000 
-0.000011 -0.000018 0.000004 -0.000005 -0.000003 -0.000036 
0.000004 0.000012 0.000004 -0.000003 -0.000009 0.000024 
0.000003 0.000004 -0.000004 0.000004 0.000015 0.000012 
0.000002 -0.000001 0.000008 -0.000011 -0.000012 -0.000012 
0.000000 0.000008 0.000008 0.000011 -0.000009 0.000024 
-0.000012 -0.000020 -0.000000 -0.000011 -0.000004 -0.000042 
0.000012 0.000021 -0.000004 0.000004 0.000009 0.000042 
-0.000001 -0.000006 -0.000000 -0.000010 0.000002 -0.000018 
0.000005 0.000002 -0.000015 0.000029 0.000016 0.000012 
-0.000001 0.000001 -0.000000 -0.000008 -0.000004 0.000000 
0.000002 -0.000004 -0.000004 -0.000008 0.000016 -0.000024 
-0.000001 -0.000000 0.000002 0.000003 -0.000005 -0.000000 
-0.000001 0.000005 0.000006 -0.000000 -0.000014 0.000024 
-0.000004 -0.000011 -0.000000 -0.000000 0.000000 -0.000024 
0.000001 0.000007 0.000000 0.000000 -0.000000 0.000036 
-0.000002 -0.000000 0.000012 -0.000016 -0.000009 -0.000006 
0.000001 -0.000003 -0.000012 0.000035 0.000006 -0.000012 
0.000001 0.000006 0.000004 -0.000013 -0.000007 0.000006 
-0.000005 -0.000010 0.000004 -0.000017 0.000016 -0.000012 
-0.000009 -0.000010 -0.000008 0.000037 -0.000028 -0.000018 
0.000017 0.000018 -0.000004 -0.000032 0.000033 0.000030 
-0.000001 0.000000 -0.000004 0.000005 0.000003 -0.000006 
0.000002 -0.000000 -0.000004 0.000024 0.000000 0.000006 
0.000000 0.000005 -0.000006 -0.000031 0.000001 0.000000 
0.000004 0.000007 0.000013 0.000001 -0.000004 -0.000006 
-0.000010 -0.000010 0.000012 0.000024 -0.000021 0.000012 
0.000007 0.000015 -0.000011 -0.000024 0.000021 0.000024 
-0.000002 -0.000007 0.000008 -0.000001 -0.000007 -0.000018 
-0.000004 -0.000008 0.000004 -0.000005 -0.000003 -0.000036 
0.000011 0.000008 -0.000019 0.000017 0.000022 0.000036 
-0.000006 -0.000004 0.000002 -0.000011 0.000002 -0.000006 
-0.000005 -0.000008 0.000002 0.000019 -0.000026 -0.000012 
-0.000001 -0.000008 -0.000002 -0.000010 0.000024 -0.000018 
-0.000001 0.000004 0.000008 -0.000009 -0.000012 0.000006 
0.000010 0.000011 -0.000010 -0.000001 0.000019 0.000018 
-0.000006 0.000003 0.000019 -0.000016 -0.000028 0.000006 
0.000017 0.000019 -0.000015 0.000007 0.000002 0.000030 
0.000003 -0.000000 0.000000 0.000003 0.000018 0.000000 
-0.000019 -0.000026 0.000004 0.000006 -0.000010 -0.000060 
0.000001 0.000003 -0.000004 0.000001 -0.000009 0.000024 
-0.000000 -0.000007 0.000000 0.000022 0.000015 -0.000006 
-0.000003 -0.000004 -0.000008 -0.000018 0.000010 -0.000012 
-0.000004 -0.000006 0.000004 0.000020 -0.000025 -0.000006 
0.000003 0.000003 0.000006 -0.000020 0.000018 0.000000 
0.000001 0.000008 0.000002 -0.000007 -0.000027 0.000012 
0.000005 0.000001 -0.000006 -0.000006 0.000033 -0.000012 
-0.000002 -0.000001 0.000006 0.000009 -0.000016 0.000012 
-0.000003 -0.000005 -0.000004 -0.000015 0.000012 -0.000024 
0.000006 0.000017 0.000012 0.000005 -0.000018 0.000060 
-0.000000 -0.000009 -0.000008 0.000010 0.000006 -0.000030 
0.000007 0.000012 0.000004 -0.000015 0.000010 0.000006 
-0.000005 -0.000000 -0.000004 0.000016 -0.000010 0.000024 
0.000004 -0.000006 0.000002 -0.000020 0.000010 -0.000030 
-0.000004 -0.000004 -0.000006 0.000013 0.000001 -0.000000 
0.000006 0.000010 -0.000002 -0.000003 0.000005 0.000018 
-0.000005 -0.000011 -0.000000 0.000009 -0.000001 -0.000018 
0.000005 0.000017 0.000008 -0.000020 -0.000005 0.000030 
-0.000006 -0.000014 -0.000012 0.000002 -0.000001 -0.000030 
0.000006 0.000012 0.000006 0.000012 0.000002 0.000018 
-0.000001 -0.000002 0.000010 -0.000019 -0.000004 0.000006 
-0.000009 -0.000010 0.000002 0.000000 -0.000023 -0.000042 
0.000002 0.000004 -0.000002 -0.000000 0.000023 0.000012 
-0.000005 -0.000015 -0.000004 0.000005 0.000003 -0.000024 
0.000008 0.000020 -0.000004 -0.000006 0.000010 0.000054 
0.000011 0.000008 -0.000000 -0.000000 0.000000 0.000006 
-0.000004 -0.000006 0.000000 -0.000009 0.000007 -0.000012 
-0.000006 -0.000008 0.000004 0.000004 -0.000004 -0.000024 
0.000004 0.000007 -0.000004 0.000004 -0.000003 0.000036 
-0.000005 0.000001 0.000008 -0.000020 -0.000005 -0.000012 
-0.000001 -0.000006 -0.000000 0.000009 -0.000001 -0.000024 
-0.000007 -0.000006 0.000004 0.000003 -0.000028 -0.000000 
0.000001 -0.000004 -0.000008 -0.000008 0.000033 -0.000006 
0.000006 0.000005 -0.000004 0.000016 0.000007 -0.000006 
0.000000 0.000003 0.000000 -0.000022 0.000003 0.000000 
0.000002 0.000006 0.000004 -0.000015 -0.000002 0.000024 
-0.000000 -0.000006 -0.000004 0.000024 0.000000 -0.000018 
-0.000003 -0.000001 0.000004 -0.000003 -0.000009 -0.000006 
0.000004 -0.000003 -0.000011 0.000004 0.000028 0.000012 
0.000005 0.000012 0.000004 0.000005 -0.000016 0.000012 
-0.000008 -0.000008 0.000008 -0.000020 -0.000005 -0.000006 
-0.000004 -0.000006 -0.000000 0.000007 -0.000019 -0.000030 
-0.000000 0.000004 -0.000000 -0.000008 -0.000005 0.000024 
0.000004 0.000003 0.000004 -0.000004 0.000021 0.000006 
-0.000002 -0.000001 0.000004 0.000006 -0.000010 -0.000000 
0.000004 0.000002 -0.000008 0.000009 0.000012 -0.000012 
0.000001 0.000000 -0.000004 -0.000016 0.000012 0.000000 
0.000001 0.000000 -0.000004 0.000015 0.000002 0.000018 
-0.000003 -0.000003 0.000004 -0.000005 -0.000003 -0.000006 
0.000008 0.000011 -0.000004 -0.000004 0.000004 0.000018 
-0.000000 0.000010 0.000000 -0.000004 -0.000012 0.000012 
0.000000 -0.000010 -0.000000 0.000004 0.000012 -0.000030 
-0.000009 -0.000004 0.000008 0.000008 -0.000033 0.000018 
0.000002 -0.000002 0.000008 -0.000019 0.000019 -0.000024 
-0.000003 -0.000006 -0.000012 0.000024 -0.000016 0.000006 
-0.000001 0.000001 0.000016 -0.000018 0.000006 0.000000 
0.000002 -0.000001 -0.000019 0.000010 0.000011 -0.000018 
0.000002 0.000005 0.000004 -0.000001 0.000009 0.000030 
0.000011 0.000013 -0.000009 -0.000015 0.000026 0.000018 
-0.000000 -0.000005 -0.000004 0.000005 0.000003 -0.000012 
-0.000003 0.000000 -0.000000 -0.000003 -0.000018 -0.000018 
-0.000003 -0.000005 0.000016 -0.000017 0.000012 0.000006 
0.000000 0.000004 -0.000006 0.000021 -0.000030 -0.000000 
-0.000005 -0.000004 -0.000002 -0.000014 0.000012 -0.000012 
0.000003 -0.000001 -0.000008 0.000001 0.000008 0.000000 
0.000003 0.000002 0.000004 -0.000014 0.000022 -0.000006 
0.000001 -0.000002 -0.000006 0.000012 0.000007 -0.000000 
-0.000006 -0.000008 -0.000008 0.000026 -0.000021 0.000012 
0.000001 0.000003 0.000017 -0.000033 0.000009 -0.000018 
0.000001 0.000003 -0.000016 0.000017 -0.000012 0.000006 
0.000003 -0.000001 0.000006 -0.000010 0.000023 0.000000 
0.000002 0.000006 -0.000004 0.000005 0.000003 0.000012 
0.000001 0.000003 -0.000000 -0.000003 -0.000018 0.000006 
-0.000005 -0.000002 0.000004 -0.000005 -0.000003 -0.000000 
0.000002 0.000001 0.000002 -0.000004 0.000014 0.000012 
0.000000 0.000001 -0.000000 0.000006 -0.000025 -0.000000 
-0.000005 -0.000008 -0.000008 0.000011 0.000012 -0.000024 
0.000002 -0.000001 -0.000000 -0.000000 0.000000 -0.000006 
-0.000004 -0.000004 0.000006 -0.000011 0.000017 -0.000006 
0.000010 0.000010 -0.000016 0.000018 -0.000006 0.000036 
-0.000013 -0.000012 0.000010 -0.000007 -0.000011 -0.000036 
0.000007 0.000003 0.000002 -0.000006 0.000020 0.000018 
-0.000005 -0.000001 0.000006 0.000006 -0.000033 -0.000000 
0.000008 0.000009 -0.000004 -0.000003 0.000028 0.000000 
0.000005 0.000015 0.000004 -0.000003 -0.000009 0.000030 
-0.000003 -0.000012 -0.000004 0.000001 -0.000009 -0.000030 
-0.000003 -0.000002 -0.000002 -0.000003 0.000005 0.000018 
-0.000003 -0.000006 -0.000010 0.000018 -0.000002 -0.000006 
0.000002 0.000000 -0.000002 -0.000002 0.000011 -0.000018 
0.000004 -0.000001 0.000002 -0.000004 0.000014 0.000000 
-0.000004 -0.000005 -0.000006 0.000009 -0.000011 0.000006 
0.000010 0.000018 -0.000004 -0.000014 0.000035 0.000018 
-0.000002 -0.000011 -0.000004 0.000026 -0.000006 -0.000018 
-0.000004 0.000001 0.000004 -0.000029 -0.000012 0.000000 
-0.000102 0.000032 0.000004 -0.000153 -0.000671 -0.000042 
0.002314 0.005079 -0.009988 -0.015144 0.016354 0.008051 
0.011031 0.008524 -0.047699 -0.021657 0.080832 0.014933 
0.011199 0.007590 -0.075756 -0.008370 0.079045 0.016592 
0.005384 0.006691 -0.076148 -0.012931 0.044308 0.013072 
-0.001198 0.005868 -0.065703 -0.005438 -0.000588 0.007322 
-0.011440 0.004373 -0.038784 0.000311 -0.082284 -0.002643 
-0.012135 0.002824 -0.029205 0.012485 -0.096950 -0.024491 
-0.007849 -0.000865 -0.013579 0.024190 -0.070532 -0.050537 
-0.004875 -0.000678 0.011098 0.031951 -0.060978 -0.046967 
-0.004791 -0.003909 0.024066 0.033061 -0.046314 -0.024244 
-0.004458 -0.009200 0.037189 0.029100 -0.025635 -0.009179 
-0.000858 -0.003651 0.046239 0.018323 -0.009246 0.003096 
-0.000120 -0.004387 0.054153 0.009609 0.006027 0.005594 
0.003695 -0.005950 0.052281 0.003488 0.038794 -0.009121 
0.008352 -0.002805 0.047240 -0.002097 0.058779 -0.003768 
0.007173 -0.002276 0.046590 -0.012275 0.053631 -0.002554 
0.004924 -0.000704 0.036356 -0.017388 0.038458 0.002950 
0.002233 0.002135 0.028821 -0.020218 0.015616 0.015749 
-0.002213 0.001646 0.019013 -0.016960 -0.010051 0.010202 
-0.004189 0.002499 0.013511 -0.017075 -0.023187 0.008677 
-0.001611 0.002471 0.006905 -0.013633 -0.007480 0.001728 
-0.001498 -0.000112 0.000253 -0.005244 -0.003327 -0.000878 
-0.000231 -0.000255 -0.004373 -0.004954 0.002674 -0.003415 
0.001583 0.001729 -0.008530 -0.009009 0.009647 0.000584 
0.001450 0.001178 -0.012273 -0.009356 0.010771 -0.001011 
0.001218 -0.000302 -0.015806 -0.006071 0.011342 -0.002781 
-0.000309 0.000421 -0.013997 -0.004838 -0.000197 -0.000711 
-0.001652 0.000263 -0.012397 -0.000509 -0.009815 0.000462 
-0.002378 -0.000909 -0.010677 0.004813 -0.014187 -0.000290 
-0.002500 -0.001506 -0.008107 0.010192 -0.015411 -0.000006 
-0.000712 -0.001808 -0.006388 0.011810 -0.004083 0.000120 
0.000537 -0.001028 -0.003157 0.008502 0.002095 -0.000062 
0.000546 -0.000369 -0.001923 0.003808 0.002545 0.000696 
0.000208 0.000021 0.000478 0.002204 -0.000071 0.000372 
-0.000181 0.000243 0.001037 0.001032 -0.002812 0.000755 
-0.000414 -0.000138 0.001369 0.000715 -0.002894 -0.000037 
-0.000933 -0.000178 0.002878 0.001748 -0.006207 0.000102 
-0.001340 -0.000264 0.004168 0.003371 -0.009032 0.000765 
-0.001284 -0.000643 0.003444 0.005014 -0.008786 0.000177 
-0.000897 -0.000556 0.003660 0.005077 -0.007002 0.000433 
-0.000043 -0.000258 0.002990 0.002721 -0.000757 0.000318 
0.001247 -0.000104 0.002461 0.001539 0.006923 0.000166 
0.002078 -0.000056 0.001864 0.001312 0.012421 0.000223 
0.002050 -0.000187 0.001195 0.001471 0.013179 0.000173 
0.001608 -0.000010 0.000710 0.000170 0.010354 0.000098 
0.000840 0.000100 0.000634 -0.001084 0.005558 -0.000103 
-0.000088 0.000139 0.000322 -0.001513 -0.000203 -0.000177 
-0.000170 0.000013 0.000107 -0.000744 -0.000704 -0.000164 
-0.000138 0.000033 0.000073 -0.000324 -0.000821 -0.000059 
-0.000108 0.000281 0.000101 -0.000413 -0.001527 0.000366 
-0.000055 0.000207 0.000078 -0.000454 -0.000770 0.000170 
-0.000008 0.000038 0.000041 -0.000461 0.000100 -0.000290 
0.000000 0.000020 0.000053 -0.000164 0.000006 -0.000059 
-0.000017 -0.000024 0.000003 -0.000085 -0.000012 -0.000197 
-0.000016 -0.000027 0.000037 -0.000075 0.000008 -0.000090 
-0.000039 -0.000031 0.000139 -0.000282 -0.000061 -0.000263 
-0.000054 0.000015 0.000261 -0.000357 -0.000199 -0.000138 
-0.000062 0.000011 0.000288 -0.000415 -0.000200 -0.000090 
-0.000016 0.000054 0.000252 -0.000356 -0.000176 -0.000030 
0.000024 0.000142 0.000201 -0.000288 -0.000131 0.000186 
-0.000043 0.000019 0.000174 -0.000251 -0.000129 -0.000066 
-0.000083 -0.000033 0.000267 -0.000351 -0.000215 -0.000156 
-0.000058 -0.000003 0.000325 -0.000447 -0.000232 -0.000174 
-0.000013 0.000064 0.000273 -0.000364 -0.000198 -0.000012 
0.000028 0.000090 0.000090 -0.000112 -0.000089 0.000078 
0.000013 0.000071 0.000106 -0.000181 -0.000046 0.000072 
-0.000001 0.000035 0.000068 -0.000075 -0.000058 -0.000000 
-0.000009 0.000031 0.000063 -0.000083 -0.000054 0.000036 
-0.000015 0.000007 0.000070 -0.000101 -0.000101 -0.000054 
-0.000050 0.000000 0.000094 -0.000145 -0.000208 -0.000090 
-0.000120 -0.000009 0.000092 -0.000223 -0.000610 -0.000096 
-0.000146 0.000001 0.000059 -0.000217 -0.000794 -0.000054 
-0.000038 0.000025 0.000020 -0.000115 -0.000276 0.000000 
-0.000000 0.000024 0.000013 -0.000094 -0.000084 -0.000011 
-0.000045 -0.000017 0.000022 -0.000080 -0.000201 -0.000042 
-0.000002 -0.000032 -0.000074 -0.000224 0.000095 -0.000176 
0.000028 0.000077 -0.000099 -0.000217 0.000070 0.000111 
0.000023 0.000089 -0.000061 -0.000158 -0.000057 0.000098 
0.000048 0.000082 -0.000065 -0.000097 0.000101 0.000146 
-0.000009 0.000006 -0.000032 -0.000064 -0.000001 -0.000029 
-0.000038 -0.000002 -0.000041 -0.000171 -0.000169 -0.000070 
-0.000054 0.000022 -0.000022 -0.000166 -0.000308 0.000013 
-0.000005 0.000006 -0.000003 -0.000097 -0.000021 -0.000035 
-0.000007 -0.000007 -0.000024 -0.000076 0.000023 -0.000065 
-0.000062 -0.000103 -0.000036 -0.000075 -0.000001 -0.000208 
-0.000018 -0.000058 -0.000094 -0.000167 0.000153 -0.000165 
0.000035 0.000036 -0.000080 -0.000153 0.000165 0.000009 
0.000044 0.000058 -0.000073 -0.000084 0.000131 0.000098 
0.000027 0.000042 -0.000060 -0.000104 0.000112 0.000044 
-0.000001 0.000012 -0.000045 -0.000113 0.000015 -0.000010 
0.000013 0.000030 -0.000065 -0.000123 0.000063 0.000026 
0.000011 0.000054 -0.000048 -0.000102 0.000010 0.000092 
-0.000019 -0.000010 0.000004 -0.000049 -0.000046 -0.000018 
-0.000028 -0.000012 0.000010 -0.000036 -0.000105 -0.000060 
-0.000076 -0.000057 0.000023 -0.000056 -0.000244 -0.000102 
-0.000042 -0.000050 0.000001 -0.000100 -0.000072 -0.000119 
0.000024 0.000036 -0.000020 -0.000031 0.000026 0.000025 
0.000016 0.000013 -0.000026 -0.000041 0.000036 0.000019 
0.000030 0.000026 -0.000069 -0.000072 0.000156 0.000032 
0.000028 0.000038 -0.000062 -0.000082 0.000121 0.000056 
0.000046 0.000075 -0.000063 -0.000132 0.000137 0.000110 
0.000001 0.000038 -0.000007 -0.000069 -0.000033 0.000037 
-0.000020 0.000001 0.000024 -0.000056 -0.000099 0.000018 
-0.000028 -0.000015 0.000043 -0.000067 -0.000098 -0.000066 
-0.000049 -0.000010 0.000045 -0.000078 -0.000198 -0.000030 
-0.000024 -0.000024 0.000039 -0.000062 -0.000077 -0.000072 
-0.000023 -0.000003 0.000031 -0.000059 -0.000136 -0.000030 
-0.000006 -0.000030 -0.000000 -0.000012 0.000008 -0.000060 
0.000006 -0.000008 -0.000013 -0.000002 0.000034 -0.000024 
0.000027 0.000048 -0.000011 -0.000018 0.000031 0.000090 
0.000038 0.000057 -0.000039 -0.000080 0.000092 0.000067 
0.000019 0.000057 -0.000032 -0.000031 0.000049 0.000127 
-0.000011 -0.000003 0.000027 -0.000061 -0.000036 -0.000036 
-0.000008 0.000019 0.000031 -0.000048 -0.000066 0.000030 
-0.000012 0.000003 0.000066 -0.000072 -0.000071 -0.000018 
-0.000034 -0.000030 0.000055 -0.000103 -0.000080 -0.000060 
-0.000024 -0.000027 0.000006 -0.000031 -0.000035 -0.000090 
-0.000034 -0.000081 -0.000002 -0.000034 0.000003 -0.000185 
0.000026 0.000022 -0.000040 -0.000041 0.000094 0.000007 
0.000019 0.000016 -0.000039 -0.000054 0.000090 0.000061 
0.000038 0.000029 -0.000073 -0.000119 0.000191 -0.000016 
0.000031 0.000054 -0.000045 -0.000073 0.000112 0.000109 
0.000001 0.000019 -0.000005 -0.000049 -0.000004 0.000031 
0.000006 0.000029 0.000012 -0.000029 -0.000020 0.000054 
-0.000011 0.000007 0.000020 -0.000047 -0.000073 0.000000 
-0.000022 -0.000024 0.000041 -0.000052 -0.000053 -0.000066 
0.000527 -0.000176 -0.002016 0.004287 0.002173 0.001511 
0.001275 -0.000483 -0.006443 0.011769 0.004623 0.002737 
0.002316 -0.000995 -0.012829 0.019064 0.009388 0.003602 
0.003627 0.000817 -0.014824 0.021303 0.010964 0.007404 
0.006115 0.005934 -0.014224 0.019811 0.010877 0.014776 
0.009794 0.013437 -0.014225 0.019370 0.011082 0.010203 
0.015623 0.026794 -0.015100 0.020432 0.011885 0.000600 
0.023613 0.049902 -0.014632 0.020587 0.011307 -0.001833 
0.030670 0.073347 -0.012769 0.018418 0.009942 -0.011726 
0.036739 0.094204 -0.010596 0.016497 0.007735 -0.035554 
0.044922 0.121256 -0.007005 0.012206 0.005088 -0.042441 
0.055530 0.153575 -0.003271 0.007634 0.002174 -0.039291 
0.065629 0.185398 0.000371 0.004089 -0.001049 -0.031609 
0.076848 0.218857 0.002528 0.002203 -0.003432 -0.027046 
0.087657 0.252205 0.006902 -0.002137 -0.007278 -0.021509 
0.097810 0.285590 0.011193 -0.007792 -0.009098 -0.017217 
0.109415 0.323105 0.013498 -0.009980 -0.009808 0.000267 
0.121164 0.360077 0.014274 -0.010494 -0.004582 0.015106 
0.133229 0.395428 0.014980 -0.009068 0.005176 0.024447 
0.140406 0.425053 0.016569 -0.011275 0.002893 0.017338 
0.144917 0.452813 0.015474 -0.009437 0.003086 0.016727 
0.149043 0.481885 0.013997 -0.006863 0.002377 0.014369 
0.153848 0.511758 0.015975 -0.008981 -0.001448 0.011605 
0.156749 0.545704 0.016402 -0.010153 -0.006072 0.021761 
0.156909 0.571231 0.014268 -0.006281 -0.009124 0.021256 
0.152351 0.579295 0.016025 -0.007828 -0.013053 -0.005110 
0.148379 0.590934 0.014376 -0.005098 -0.009095 0.000698 
0.145900 0.606220 0.014275 -0.004177 -0.006269 0.002315 
0.142276 0.619246 0.015518 -0.009223 -0.007734 0.023876 
0.137248 0.622185 0.011634 -0.002965 -0.004786 0.034199 
0.127514 0.615035 0.011961 -0.002485 -0.008718 0.018341 
0.121712 0.622046 0.010835 -0.001288 -0.005837 0.040289 
0.116953 0.625946 0.011163 -0.003024 -0.004471 0.047765 
0.108356 0.622583 0.010655 -0.004523 -0.005551 0.039471 
0.098799 0.606298 0.008090 0.002314 -0.003646 0.011325 
0.089898 0.602035 0.009193 -0.000170 -0.004598 0.002146 
0.084316 0.606421 0.009082 -0.000725 -0.002959 0.011719 
0.077375 0.603306 0.010084 -0.003883 -0.001885 0.004151 
0.067562 0.591865 0.009170 0.005570 -0.001038 -0.011869 
0.060317 0.579896 0.008854 0.009369 0.000861 -0.037742 
0.054291 0.585835 0.009564 0.001721 0.002853 -0.024684 
0.049406 0.594154 0.007722 0.000222 0.003198 -0.006545 
0.041709 0.591405 0.008836 -0.003729 0.000936 -0.014617 
0.034087 0.584198 0.007280 -0.000168 0.004025 -0.023033 
0.029323 0.583686 0.007267 0.001974 0.007349 -0.024871 
0.023160 0.593812 0.008415 -0.002941 0.006277 -0.002919 
0.017728 0.597253 0.006790 -0.002172 0.005209 0.004225 
0.009010 0.589572 0.008097 -0.003518 0.000326 -0.008438 
0.003060 0.583958 0.005728 0.002910 0.005080 -0.014848 
-0.002158 0.588394 0.007611 -0.000307 0.003136 -0.008653 
-0.008531 0.596077 0.007838 -0.004553 0.000205 0.008624 
-0.014447 0.592542 0.005735 -0.003239 0.000753 0.003447 
-0.022949 0.582376 0.007732 -0.003375 -0.001837 -0.013435 
-0.028801 0.581285 0.006772 0.002068 -0.000367 -0.011413 
-0.036043 0.588461 0.008569 -0.001288 -0.003673 0.006820 
-0.042970 0.591930 0.006973 -0.002665 -0.003525 0.016210 
-0.048777 0.582052 0.006183 -0.000558 -0.000342 0.000071 
-0.055944 0.574456 0.007050 0.002000 -0.001303 -0.009329 
-0.060981 0.578169 0.006154 0.003800 0.001765 0.000217 
-0.067769 0.583996 0.007987 -0.003886 0.000909 0.014125 
-0.073950 0.580639 0.006201 -0.003119 0.002073 0.012508 
-0.078736 0.565258 0.007743 0.005670 0.003023 -0.015357 
-0.084838 0.565127 0.008152 0.006128 0.005667 -0.009634 
-0.090327 0.570898 0.007489 0.000307 0.008578 0.004673 
-0.097378 0.572035 0.008460 -0.004131 0.007792 0.008798 
-0.102377 0.561670 0.005994 0.001286 0.012174 -0.003168 
-0.107372 0.552146 0.006508 0.002143 0.012375 -0.020443 
-0.115010 0.557405 0.006175 0.000639 0.009374 -0.003344 
-0.121479 0.559305 0.006392 -0.001551 0.004754 0.004186 
-0.128283 0.555476 0.006657 -0.004641 -0.001034 0.000189 
-0.132714 0.543881 0.004680 0.000773 0.000209 -0.016314 
-0.139759 0.543888 0.006812 -0.002404 -0.001554 -0.011671 
-0.147993 0.551011 0.006216 -0.003895 -0.001241 0.012006 
-0.153395 0.545992 0.006383 -0.005322 -0.002683 0.006946 
-0.157958 0.528539 0.005982 -0.005001 -0.004196 -0.009873 
-0.157455 0.508307 0.004666 -0.003924 -0.001318 -0.015325 
-0.157487 0.494943 0.006110 -0.007199 -0.004857 0.008492 
-0.156796 0.481800 0.005649 -0.007687 -0.005710 0.037935 
-0.150961 0.453839 0.006413 -0.008987 -0.005311 0.039585 
-0.143281 0.417914 0.005889 -0.006094 -0.005476 0.025793 
-0.135590 0.388464 0.004848 -0.006736 -0.001441 0.023732 
-0.127873 0.363958 0.006334 -0.015194 0.002381 0.026111 
-0.119851 0.336230 0.004981 -0.014787 0.005224 0.027225 
-0.111492 0.306262 0.003183 -0.011598 0.006545 0.022990 
-0.101241 0.272528 0.001702 -0.008979 0.009554 0.008390 
-0.090904 0.237209 0.001026 -0.005503 0.008050 -0.009214 
-0.081772 0.204742 0.000742 -0.000162 0.003408 -0.019543 
-0.072520 0.175404 0.000840 0.001593 0.001700 -0.026823 
-0.063256 0.148687 0.000940 0.004087 0.001323 -0.025347 
-0.053689 0.125974 0.000475 0.005463 0.002013 -0.017168 
-0.043902 0.101805 0.000201 0.003918 0.002810 -0.013846 
-0.033384 0.077051 -0.000008 0.002798 0.002460 -0.015568 
-0.022915 0.051221 -0.000153 0.003711 0.002595 -0.016295 
-0.013234 0.031220 -0.000951 0.004534 0.004046 -0.008966 
-0.006704 0.017566 -0.000695 0.003345 0.003276 0.007682 
-0.001570 0.005030 -0.000990 0.003383 0.003224 -0.001563 
0.000939 -0.002026 -0.000966 0.001658 0.001660 -0.011415 
0.001246 -0.006302 -0.000783 0.001184 0.001060 -0.016940 
0.001479 -0.010320 -0.001210 0.001395 0.001550 -0.022098 
0.001748 -0.013324 -0.001303 0.001490 0.001941 -0.027323 
0.003850 -0.016435 -0.001568 0.001663 0.002334 -0.035963 
0.004110 -0.014230 -0.001174 0.001904 0.001917 -0.031938 
0.003709 -0.010875 -0.000673 0.001424 0.001092 -0.022837 
0.002650 -0.007853 -0.000355 0.000768 0.000575 -0.017552 
0.001247 -0.004472 0.000065 -0.000155 -0.000049 -0.009935 
0.000310 -0.001128 0.000166 -0.000391 -0.000249 -0.002612 
-0.000420 0.002443 0.000067 -0.000011 -0.000201 0.004949 
-0.000668 0.004783 -0.000060 -0.000055 0.000126 0.009456 
-0.001212 0.005482 -0.000108 -0.000181 0.000234 0.011626 
-0.001565 0.006022 -0.000021 -0.000128 0.000031 0.013135 
-0.001968 0.005812 0.000179 0.000108 -0.000316 0.013493 
-0.002223 0.005287 0.000568 -0.000605 -0.000950 0.012685 
-0.001953 0.004347 0.001460 -0.001884 -0.002485 0.009856 
-0.001967 0.004180 0.001860 -0.002766 -0.003016 0.009168 
-0.001874 0.003971 0.001909 -0.003110 -0.003140 0.008551 
-0.001574 0.003613 0.001513 -0.002340 -0.002553 0.007742 
-0.001063 0.003678 0.001009 -0.001277 -0.001667 0.007418 
-0.000764 0.003434 0.000769 -0.001217 -0.001248 0.006579 
-0.000345 0.002243 0.000698 -0.001285 -0.001102 0.003811 
-0.000343 0.001768 0.000560 -0.000823 -0.000997 0.003182 
-0.000472 0.001928 0.000225 -0.000299 -0.000341 0.003931 
-0.000400 0.001793 -0.000001 0.000041 0.000006 0.003817 
-0.000433 0.001511 0.000001 0.000046 -0.000036 0.003397 
-0.000366 0.001076 -0.000048 0.000060 0.000078 0.002547 
-0.000354 0.000744 -0.000072 0.000168 0.000124 0.002001 
-0.000199 0.000828 -0.000166 0.000236 0.000313 0.001929 
-0.000112 0.000873 -0.000471 0.000730 0.000749 0.002097 
-0.000165 0.000637 -0.000431 0.000669 0.000713 0.001774 
-0.000080 0.000371 -0.000444 0.000575 0.000754 0.001151 
0.000022 0.000332 -0.000659 0.001076 0.001085 0.001102 
0.000154 0.000620 -0.000855 0.001462 0.001444 0.001563 
0.000068 0.000909 -0.000726 0.001059 0.001191 0.002037 
0.000062 0.000608 -0.000706 0.000997 0.001197 0.001522 
0.000057 0.000512 -0.000623 0.000856 0.001027 0.001283 
0.000069 0.000561 -0.000481 0.000766 0.000812 0.001246 
0.000045 0.000667 -0.000377 0.000554 0.000623 0.001384 
-0.000084 0.000541 -0.000204 0.000334 0.000316 0.001270 
-0.000075 0.000272 -0.000147 0.000361 0.000246 0.000779 
-0.000082 0.000126 -0.000092 0.000085 0.000172 0.000420 
-0.000095 0.000043 -0.000026 0.000041 0.000034 0.000270 
-0.000101 -0.000038 -0.000045 0.000090 0.000052 0.000168 
-0.000116 -0.000119 -0.000051 0.000111 0.000106 0.000066 
-0.000024 -0.000424 -0.000060 0.000071 0.000126 -0.000617 
-0.000002 -0.000514 -0.000049 0.000029 0.000070 -0.000845 
0.000011 -0.000285 -0.000109 0.000164 0.000155 -0.000419 
0.000013 -0.000196 -0.000139 0.000161 0.000245 -0.000246 
0.000073 -0.000282 -0.000281 0.000419 0.000489 -0.000372 
0.000059 -0.000210 -0.000338 0.000577 0.000540 -0.000162 
-0.000051 0.000017 -0.000131 0.000234 0.000217 0.000246 
-0.000138 0.000162 0.000007 -0.000031 -0.000001 0.000521 
-0.000129 0.000130 0.000066 -0.000095 -0.000097 0.000395 
-0.000088 0.000057 0.000092 -0.000091 -0.000162 0.000204 
-0.000052 -0.000045 0.000138 -0.000194 -0.000229 -0.000090 
-0.000010 -0.000077 0.000049 -0.000124 -0.000082 -0.000168 
-0.000024 0.000002 0.000072 -0.000106 -0.000133 -0.000024 
-0.000048 0.000028 0.000191 -0.000376 -0.000303 -0.000030 
-0.000081 0.000046 0.000296 -0.000475 -0.000491 -0.000066 
-0.000060 0.000061 0.000198 -0.000279 -0.000330 0.000060 
-0.000075 0.000099 0.000189 -0.000215 -0.000315 0.000162 
-0.000140 0.000159 0.000145 -0.000194 -0.000254 0.000413 
-0.000120 0.000095 0.000109 -0.000114 -0.000191 0.000300 
-0.000040 -0.000002 0.000074 -0.000104 -0.000114 0.000012 
-0.000029 0.000032 0.000013 -0.000020 -0.000022 0.000108 
-0.000003 0.000008 -0.000016 -0.000051 0.000041 0.000000 
0.000003 -0.000104 -0.000005 -0.000017 0.000008 -0.000186 
0.000007 -0.000285 0.000000 -0.000005 -0.000014 -0.000503 
-0.000012 -0.000199 -0.000008 -0.000007 0.000020 -0.000312 
-0.000003 -0.000019 0.000000 0.000005 -0.000020 -0.000030 
-0.000007 0.000059 0.000013 -0.000032 -0.000009 0.000102 
-0.000041 0.000145 0.000008 0.000020 -0.000000 0.000329 
-0.000073 0.000194 0.000023 0.000019 -0.000052 0.000443 
-0.000054 0.000257 0.000018 -0.000022 -0.000017 0.000539 
-0.000033 0.000258 0.000016 0.000005 -0.000039 0.000497 
-0.000004 0.000086 -0.000007 -0.000022 0.000012 0.000150 
0.000006 -0.000020 -0.000010 -0.000009 0.000017 -0.000048 
0.000027 -0.000063 -0.000000 -0.000000 0.000000 -0.000150 
-0.000001 0.000029 -0.000007 -0.000048 0.000013 0.000036 
-0.000013 0.000063 -0.000010 0.000020 0.000004 0.000156 
-0.000013 0.000081 0.000008 -0.000018 -0.000026 0.000132 
-0.000008 0.000072 0.000007 0.000008 0.000014 0.000132 
-0.000033 0.000094 0.000017 0.000026 -0.000043 0.000228 
-0.000061 0.000146 0.000016 -0.000018 -0.000013 0.000341 
-0.000031 0.000050 0.000013 0.000012 -0.000009 0.000162 
-0.000006 -0.000013 -0.000009 -0.000018 0.000016 -0.000018 
-0.000004 -0.000057 0.000000 0.000012 -0.000014 -0.000090 
0.000009 -0.000014 -0.000005 -0.000001 -0.000001 -0.000042 
0.000012 0.000002 -0.000007 -0.000033 0.000035 -0.000030 
-0.000000 -0.000011 -0.000000 0.000000 0.000000 -0.000000 
-0.000004 0.000010 -0.000005 0.000003 -0.000005 0.000006 
-0.000007 0.000024 0.000005 0.000009 -0.000008 0.000084 
-0.000015 0.000064 0.000010 0.000001 -0.000017 0.000132 
-0.000041 0.000125 0.000005 0.000001 -0.000009 0.000270 
-0.000039 0.000067 0.000013 -0.000003 -0.000022 0.000186 
-0.000011 0.000008 0.000003 -0.000018 -0.000017 0.000030 
-0.000004 -0.000006 -0.000003 -0.000008 0.000018 -0.000006 
0.000004 -0.000035 -0.000002 0.000010 0.000017 -0.000060 
0.000006 -0.000033 -0.000010 -0.000008 0.000011 -0.000066 
0.000008 -0.000065 0.000001 -0.000010 0.000006 -0.000132 
0.000001 -0.000016 -0.000005 -0.000009 0.000008 -0.000030 
-0.000008 0.000014 0.000012 0.000014 -0.000021 0.000036 
-0.000003 0.000043 -0.000003 -0.000003 -0.000002 0.000066 
-0.000013 0.000051 0.000003 -0.000004 -0.000004 0.000126 
-0.000017 0.000027 0.000005 -0.000015 -0.000006 0.000066 
-0.000009 0.000042 0.000002 0.000027 -0.000000 0.000096 
-0.000020 0.000046 0.000006 -0.000016 -0.000009 0.000114 
-0.000007 -0.000019 -0.000000 0.000020 -0.000013 -0.000024 
0.000003 -0.000020 0.000003 -0.000020 -0.000011 -0.000042 
0.000012 -0.000055 -0.000005 -0.000013 0.000037 -0.000114 
-0.000002 -0.000019 -0.000000 -0.000007 -0.000022 -0.000036 
