-0.073430 -0.016034 0.229808 0.999729 -0.009209 0.021119 -0.003232 
-0.073475 -0.016041 0.229937 0.999718 -0.009111 0.021672 -0.003374 
-0.073458 -0.016046 0.229876 0.999731 -0.009454 0.021092 -0.001927 
-0.073451 -0.016035 0.229872 0.999720 -0.009306 0.021432 -0.003658 
-0.073450 -0.016033 0.229845 0.999734 -0.009169 0.020980 -0.002688 
-0.073454 -0.016022 0.229838 0.999739 -0.009360 0.020543 -0.003555 
-0.073443 -0.016044 0.229872 0.999719 -0.009418 0.021653 -0.002000 
-0.073441 -0.016036 0.229829 0.999738 -0.009053 0.020696 -0.003829 
-0.073442 -0.016031 0.229833 0.999734 -0.009135 0.020842 -0.003866 
-0.073452 -0.016038 0.229846 0.999735 -0.009208 0.020878 -0.003049 
-0.073457 -0.016032 0.229860 0.999736 -0.009326 0.020769 -0.003056 
-0.073440 -0.016034 0.229820 0.999739 -0.009088 0.020794 -0.002655 
-0.073466 -0.016026 0.229893 0.999715 -0.009199 0.021620 -0.004189 
-0.073447 -0.016038 0.229839 0.999740 -0.009239 0.020713 -0.002475 
-0.073444 -0.016037 0.229871 0.999724 -0.009126 0.021252 -0.004241 
-0.073451 -0.016039 0.229853 0.999734 -0.009236 0.020975 -0.002534 
-0.073428 -0.016033 0.229794 0.999733 -0.009341 0.020968 -0.002514 
-0.073447 -0.016043 0.229859 0.999725 -0.009130 0.021362 -0.003163 
-0.073457 -0.016026 0.229857 0.999734 -0.009331 0.020755 -0.003703 
-0.073434 -0.016036 0.229809 0.999738 -0.009181 0.020713 -0.003257 
-0.073440 -0.016032 0.229830 0.999732 -0.009142 0.020980 -0.003452 
-0.073412 -0.016033 0.229753 0.999736 -0.009021 0.020925 -0.003111 
-0.073406 -0.016057 0.229756 0.999723 -0.009367 0.021497 -0.001887 
-0.073327 -0.016010 0.228501 0.999831 -0.009264 0.014668 -0.006134 
-0.073272 -0.015823 0.229019 0.999818 -0.009352 0.015882 -0.004977 
-0.073193 -0.015818 0.228686 0.999849 -0.009817 0.014208 -0.001977 
-0.073454 -0.016102 0.229514 0.999739 -0.009898 0.019997 -0.004885 
-0.073426 -0.016203 0.229744 0.999728 -0.009003 0.021391 -0.002236 
-0.073565 -0.016111 0.230010 0.999676 -0.009904 0.023293 -0.002513 
-0.073643 -0.016113 0.230428 0.999626 -0.009578 0.025538 -0.002161 
-0.073686 -0.016050 0.230556 0.999601 -0.009881 0.026419 -0.001679 
-0.073588 -0.016003 0.230205 0.999667 -0.009760 0.023874 -0.000602 
-0.073524 -0.015992 0.229983 0.999701 -0.009519 0.022422 -0.002016 
-0.073414 -0.015955 0.229622 0.999750 -0.009287 0.020159 -0.002515 
-0.073397 -0.015971 0.229531 0.999782 -0.009413 0.018470 -0.002398 
-0.073356 -0.016006 0.229452 0.999786 -0.008847 0.018362 -0.003531 
-0.073358 -0.016025 0.229426 0.999786 -0.008770 0.018333 -0.003755 
-0.073405 -0.016045 0.229568 0.999754 -0.009276 0.020001 -0.002503 
-0.073435 -0.016052 0.229669 0.999741 -0.009255 0.020537 -0.003303 
-0.073447 -0.016062 0.229726 0.999740 -0.009488 0.020590 -0.002261 
-0.073445 -0.016053 0.229730 0.999731 -0.009103 0.021058 -0.003439 
-0.073459 -0.016059 0.229777 0.999724 -0.009426 0.021420 -0.001876 
-0.073451 -0.016044 0.229759 0.999732 -0.009430 0.021039 -0.002165 
-0.073453 -0.016041 0.229769 0.999729 -0.009495 0.021221 -0.001555 
-0.073430 -0.016037 0.229687 0.999746 -0.009383 0.020373 -0.002223 
-0.073444 -0.016045 0.229707 0.999737 -0.009321 0.020849 -0.001969 
-0.073423 -0.016031 0.229649 0.999753 -0.009168 0.020115 -0.002384 
-0.073408 -0.016023 0.229597 0.999745 -0.009314 0.020348 -0.003115 
-0.073431 -0.016025 0.229675 0.999746 -0.009419 0.020367 -0.002031 
-0.073451 -0.016036 0.229731 0.999735 -0.009284 0.020865 -0.002964 
-0.073428 -0.016028 0.229652 0.999745 -0.009201 0.020324 -0.003605 
-0.073413 -0.016036 0.229625 0.999751 -0.009045 0.020204 -0.002743 
-0.073435 -0.016035 0.229705 0.999740 -0.009123 0.020578 -0.003727 
-0.073418 -0.016039 0.229625 0.999756 -0.009232 0.019869 -0.002878 
-0.073434 -0.016041 0.229678 0.999752 -0.009344 0.020085 -0.002236 
-0.073408 -0.016041 0.229608 0.999764 -0.009490 0.019449 -0.001901 
-0.073445 -0.016038 0.229722 0.999746 -0.009349 0.020369 -0.002547 
-0.073449 -0.016046 0.229710 0.999755 -0.009099 0.019963 -0.002819 
-0.073442 -0.016038 0.229717 0.999740 -0.009049 0.020687 -0.003326 
-0.073460 -0.016047 0.229748 0.999745 -0.009538 0.020407 -0.001642 
-0.073437 -0.016033 0.229674 0.999750 -0.009382 0.020143 -0.002618 
-0.073469 -0.016044 0.229774 0.999737 -0.009313 0.020799 -0.002692 
-0.073441 -0.016041 0.229716 0.999744 -0.009313 0.020445 -0.002672 
-0.073452 -0.016040 0.229738 0.999745 -0.009442 0.020388 -0.002101 
-0.073436 -0.016043 0.229711 0.999739 -0.009086 0.020826 -0.002479 
-0.073442 -0.016038 0.229698 0.999762 -0.009365 0.019575 -0.002423 
-0.073452 -0.016036 0.229750 0.999749 -0.009141 0.020234 -0.003078 
-0.073448 -0.016033 0.229719 0.999750 -0.009109 0.020173 -0.003012 
-0.073419 -0.016032 0.229654 0.999753 -0.009207 0.020105 -0.002102 
-0.073468 -0.016041 0.229808 0.999729 -0.009040 0.021077 -0.003987 
-0.073440 -0.016043 0.229721 0.999736 -0.009490 0.020839 -0.002004 
-0.073442 -0.016035 0.229706 0.999756 -0.009310 0.019930 -0.002142 
-0.073444 -0.016042 0.229718 0.999745 -0.009026 0.020452 -0.003106 
-0.073450 -0.016043 0.229748 0.999738 -0.009179 0.020824 -0.002489 
-0.073476 -0.016047 0.229845 0.999715 -0.009211 0.021853 -0.002725 
-0.073455 -0.016043 0.229785 0.999731 -0.009104 0.021008 -0.003817 
-0.073459 -0.016040 0.229773 0.999733 -0.009199 0.021072 -0.002432 
-0.073451 -0.016040 0.229740 0.999740 -0.009429 0.020676 -0.002069 
-0.073442 -0.016046 0.229716 0.999744 -0.009312 0.020447 -0.002797 
-0.073467 -0.016045 0.229793 0.999735 -0.009151 0.020877 -0.003204 
-0.073434 -0.016039 0.229688 0.999749 -0.009041 0.020288 -0.002999 
-0.073442 -0.016037 0.229713 0.999750 -0.009175 0.020270 -0.002382 
-0.073461 -0.016043 0.229777 0.999739 -0.009178 0.020730 -0.002878 
-0.073432 -0.016032 0.229671 0.999743 -0.009038 0.020595 -0.002769 
-0.073433 -0.016036 0.229706 0.999744 -0.009270 0.020512 -0.002462 
-0.073453 -0.016030 0.229744 0.999734 -0.009108 0.020925 -0.003200 
-0.073419 -0.016035 0.229640 0.999751 -0.009394 0.020130 -0.002074 
-0.073414 -0.016039 0.229635 0.999748 -0.009531 0.020279 -0.001515 
-0.073436 -0.016038 0.229703 0.999745 -0.009385 0.020401 -0.002463 
-0.073445 -0.016041 0.229737 0.999739 -0.009365 0.020666 -0.002569 
-0.073441 -0.016038 0.229718 0.999742 -0.009110 0.020537 -0.003259 
-0.073463 -0.016044 0.229783 0.999728 -0.009210 0.021212 -0.002996 
-0.073445 -0.016034 0.229707 0.999743 -0.009239 0.020451 -0.003060 
-0.073432 -0.016026 0.229669 0.999748 -0.009326 0.020271 -0.002298 
-0.073468 -0.016044 0.229778 0.999734 -0.009367 0.020935 -0.002355 
-0.073430 -0.016028 0.229669 0.999749 -0.009151 0.020030 -0.004015 
-0.073415 -0.016034 0.229637 0.999759 -0.009242 0.019793 -0.002122 
-0.073459 -0.016046 0.229770 0.999744 -0.009207 0.020591 -0.001805 
-0.073429 -0.016036 0.229689 0.999743 -0.009120 0.020602 -0.002527 
-0.073458 -0.016044 0.229769 0.999737 -0.009474 0.020773 -0.002234 
-0.073418 -0.016094 0.229653 0.999748 -0.009338 0.020292 -0.002139 
-0.073526 -0.015939 0.229609 0.999739 -0.010196 0.020409 -0.000798 
-0.077043 -0.015923 0.223275 0.999399 -0.006917 -0.012892 0.031430 
-0.082023 -0.015890 0.216020 0.998341 -0.005433 -0.038918 0.042088 
-0.087914 -0.015845 0.207097 0.996847 -0.003656 -0.064319 0.046320 
-0.094305 -0.015803 0.197269 0.994957 -0.002293 -0.089388 0.045445 
-0.100484 -0.015831 0.186832 0.992758 -0.001465 -0.112467 0.042201 
-0.105296 -0.015807 0.177446 0.991770 -0.003573 -0.124698 0.028800 
-0.103603 -0.016027 0.169973 0.981642 -0.012560 -0.189396 -0.018718 
-0.103054 -0.015926 0.176559 0.979983 -0.012976 -0.197731 -0.019153 
-0.103030 -0.015943 0.184502 0.979342 -0.013661 -0.200903 -0.018449 
-0.103128 -0.015895 0.192987 0.979713 -0.013448 -0.199210 -0.017209 
-0.103044 -0.015821 0.201046 0.981475 -0.013027 -0.190530 -0.015363 
-0.102206 -0.015735 0.205926 0.983664 -0.012630 -0.179304 -0.009834 
-0.101438 -0.015740 0.207483 0.984902 -0.010939 -0.172755 -0.002015 
-0.101368 -0.015680 0.207486 0.984956 -0.010540 -0.172483 -0.000973 
-0.101228 -0.015653 0.207184 0.984774 -0.010614 -0.173511 -0.001140 
-0.101200 -0.015677 0.207088 0.984790 -0.010991 -0.173399 -0.001216 
-0.101194 -0.015707 0.207126 0.984816 -0.010224 -0.173294 -0.001096 
-0.101178 -0.015700 0.207081 0.984769 -0.010707 -0.173537 -0.001058 
-0.101284 -0.015728 0.207278 0.984891 -0.010618 -0.172845 -0.001582 
-0.101252 -0.015715 0.207252 0.984870 -0.010619 -0.172963 -0.001165 
-0.101268 -0.015728 0.207247 0.984864 -0.011037 -0.172975 -0.001239 
-0.101203 -0.015715 0.207166 0.984868 -0.010157 -0.173002 -0.001299 
-0.101227 -0.015714 0.207180 0.984838 -0.010400 -0.173159 -0.001248 
-0.101267 -0.015713 0.207266 0.984906 -0.010637 -0.172759 -0.001385 
-0.101280 -0.015715 0.207307 0.984914 -0.010587 -0.172713 -0.001699 
-0.101235 -0.015721 0.207191 0.984853 -0.010510 -0.173071 -0.000944 
-0.101232 -0.015713 0.207195 0.984834 -0.010703 -0.173164 -0.001162 
-0.101229 -0.015707 0.207210 0.984842 -0.010829 -0.173111 -0.000998 
-0.101224 -0.015705 0.207174 0.984845 -0.010409 -0.173116 -0.001563 
-0.101248 -0.015705 0.207214 0.984851 -0.010392 -0.173081 -0.001864 
-0.101256 -0.015712 0.207242 0.984877 -0.010726 -0.172914 -0.001604 
-0.101263 -0.015713 0.207262 0.984872 -0.010669 -0.172946 -0.001432 
-0.101240 -0.015716 0.207211 0.984874 -0.010829 -0.172928 -0.001009 
-0.101245 -0.015711 0.207234 0.984823 -0.010718 -0.173230 -0.000702 
-0.101261 -0.015719 0.207235 0.984842 -0.010506 -0.173129 -0.001312 
-0.101273 -0.015713 0.207261 0.984892 -0.010700 -0.172831 -0.001436 
-0.101255 -0.015713 0.207260 0.984907 -0.010366 -0.172770 -0.001300 
-0.101282 -0.015713 0.207306 0.984894 -0.010443 -0.172837 -0.001510 
-0.101294 -0.015722 0.207318 0.984855 -0.010454 -0.173059 -0.000950 
-0.101248 -0.015710 0.207255 0.984876 -0.010631 -0.172931 -0.000825 
-0.101243 -0.015707 0.207229 0.984873 -0.010570 -0.172952 -0.001236 
-0.101248 -0.015705 0.207229 0.984863 -0.010630 -0.173004 -0.001395 
-0.101263 -0.015711 0.207259 0.984847 -0.010586 -0.173097 -0.001418 
-0.101270 -0.015711 0.207264 0.984811 -0.010875 -0.173287 -0.001043 
-0.101299 -0.015718 0.207301 0.984813 -0.010952 -0.173269 -0.000655 
-0.101317 -0.015720 0.207332 0.984826 -0.010702 -0.173210 -0.000804 
-0.101274 -0.015708 0.207268 0.984843 -0.010521 -0.173123 -0.001393 
-0.101327 -0.015722 0.207371 0.984830 -0.010781 -0.173185 -0.001166 
-0.101270 -0.015705 0.207276 0.984829 -0.010615 -0.173198 -0.001071 
NaN NaN NaN NaN NaN NaN NaN 
NaN NaN NaN NaN NaN NaN NaN 
NaN NaN NaN NaN NaN NaN NaN 
NaN NaN NaN NaN NaN NaN NaN 
NaN NaN NaN NaN NaN NaN NaN 
NaN NaN NaN NaN NaN NaN NaN 
NaN NaN NaN NaN NaN NaN NaN 
NaN NaN NaN NaN NaN NaN NaN 
NaN NaN NaN NaN NaN NaN NaN 
NaN NaN NaN NaN NaN NaN NaN 
