0.075238 -0.018089 0.231926 0.999952 -0.007929 -0.005541 -0.001494 
0.075251 -0.018093 0.231976 0.999949 -0.007941 -0.005844 -0.002026 
0.075237 -0.018090 0.231917 0.999951 -0.008092 -0.005341 -0.002190 
0.075222 -0.018087 0.231890 0.999951 -0.007975 -0.005538 -0.001813 
0.075251 -0.018094 0.231984 0.999947 -0.008117 -0.006024 -0.002115 
0.075231 -0.018093 0.231903 0.999951 -0.008032 -0.005540 -0.001702 
0.075237 -0.018091 0.231927 0.999948 -0.008161 -0.005506 -0.002484 
0.075217 -0.018084 0.231862 0.999951 -0.008024 -0.005439 -0.001799 
0.075237 -0.018091 0.231922 0.999951 -0.008082 -0.005466 -0.001812 
0.075222 -0.018091 0.231884 0.999952 -0.007978 -0.005360 -0.001627 
0.075225 -0.018085 0.231888 0.999951 -0.008029 -0.005402 -0.001878 
0.075233 -0.018090 0.231918 0.999952 -0.007931 -0.005616 -0.001434 
0.075232 -0.018095 0.231907 0.999952 -0.008014 -0.005325 -0.001845 
0.075221 -0.018085 0.231874 0.999951 -0.008075 -0.005413 -0.001746 
0.075233 -0.018087 0.231920 0.999949 -0.008047 -0.005854 -0.001919 
0.075234 -0.018088 0.231903 0.999952 -0.007986 -0.005352 -0.001896 
0.075235 -0.018092 0.231924 0.999951 -0.007820 -0.005831 -0.001359 
0.075235 -0.018094 0.231919 0.999954 -0.007838 -0.005352 -0.001221 
0.075215 -0.018087 0.231845 0.999955 -0.008096 -0.004834 -0.001420 
0.075236 -0.018088 0.231922 0.999952 -0.007981 -0.005391 -0.002034 
0.075250 -0.018090 0.231961 0.999949 -0.008163 -0.005621 -0.002160 
0.075222 -0.018088 0.231873 0.999954 -0.007850 -0.005294 -0.001543 
0.075244 -0.018091 0.231945 0.999950 -0.008028 -0.005664 -0.001866 
0.075243 -0.018088 0.231950 0.999947 -0.008034 -0.006080 -0.002039 
0.075229 -0.018087 0.231897 0.999953 -0.007926 -0.005393 -0.001612 
0.075236 -0.018092 0.231915 0.999953 -0.007859 -0.005551 -0.001550 
0.075240 -0.018088 0.231936 0.999949 -0.007997 -0.005810 -0.001988 
0.075232 -0.018093 0.231915 0.999952 -0.007833 -0.005680 -0.001417 
0.075230 -0.018087 0.231900 0.999951 -0.007937 -0.005690 -0.001511 
0.075236 -0.018087 0.231933 0.999949 -0.008066 -0.005784 -0.002045 
0.075248 -0.018090 0.231966 0.999945 -0.008118 -0.006147 -0.002373 
0.075227 -0.018083 0.231894 0.999952 -0.007999 -0.005339 -0.002043 
0.075230 -0.018090 0.231905 0.999951 -0.007904 -0.005691 -0.001661 
0.075224 -0.018086 0.231884 0.999952 -0.007995 -0.005336 -0.002098 
0.075228 -0.018089 0.231895 0.999953 -0.007930 -0.005369 -0.001226 
0.075236 -0.018084 0.231911 0.999952 -0.007948 -0.005355 -0.001857 
0.075250 -0.018092 0.231957 0.999949 -0.008115 -0.005624 -0.002058 
0.075226 -0.018090 0.231890 0.999951 -0.007983 -0.005527 -0.001790 
0.075235 -0.018086 0.231914 0.999948 -0.008117 -0.005902 -0.001646 
0.075229 -0.018085 0.231897 0.999951 -0.008076 -0.005445 -0.002000 
0.075246 -0.018091 0.231955 0.999946 -0.008194 -0.005763 -0.002668 
0.075219 -0.018090 0.231875 0.999953 -0.007955 -0.005336 -0.001746 
0.075222 -0.018089 0.231877 0.999952 -0.007848 -0.005715 -0.001014 
0.075202 -0.018082 0.231834 0.999952 -0.008006 -0.005543 -0.001450 
0.074932 -0.018003 0.231886 0.999929 -0.006857 -0.009095 0.003376 
0.075568 -0.018058 0.232439 0.999928 -0.008240 -0.008682 -0.000503 
0.075651 -0.018100 0.232582 0.999925 -0.008189 -0.008796 -0.002549 
0.075363 -0.018062 0.231856 0.999952 -0.008145 -0.005096 -0.002059 
0.075334 -0.018058 0.231764 0.999954 -0.008128 -0.004569 -0.002461 
0.075191 -0.017962 0.231359 0.999946 -0.009207 -0.002668 -0.004024 
0.075347 -0.018046 0.231785 0.999953 -0.008039 -0.004879 -0.002310 
0.075248 -0.018021 0.231422 0.999955 -0.008579 -0.002920 -0.002877 
0.075388 -0.018092 0.231921 0.999947 -0.008115 -0.005739 -0.002646 
0.075331 -0.018089 0.231637 0.999957 -0.008132 -0.003836 -0.002441 
0.075353 -0.018082 0.231820 0.999946 -0.008489 -0.005119 -0.003195 
0.075366 -0.018090 0.231772 0.999956 -0.007911 -0.004809 -0.001585 
0.075380 -0.018079 0.231887 0.999947 -0.008154 -0.005600 -0.002706 
0.075322 -0.018058 0.231654 0.999956 -0.008101 -0.004304 -0.002172 
0.075343 -0.018074 0.231727 0.999955 -0.008074 -0.004476 -0.002146 
0.075341 -0.018087 0.231755 0.999952 -0.008052 -0.005298 -0.001857 
0.075366 -0.018095 0.231787 0.999952 -0.008103 -0.005251 -0.001934 
0.075353 -0.018092 0.231769 0.999955 -0.007912 -0.005047 -0.001694 
0.075388 -0.018106 0.231895 0.999948 -0.008054 -0.005943 -0.002051 
0.075390 -0.018098 0.231871 0.999953 -0.007909 -0.005356 -0.001411 
0.075365 -0.018084 0.231800 0.999952 -0.008106 -0.005042 -0.002314 
0.075352 -0.018079 0.231779 0.999949 -0.008308 -0.005050 -0.002836 
0.075354 -0.018085 0.231774 0.999952 -0.008062 -0.004984 -0.002406 
0.075337 -0.018086 0.231728 0.999954 -0.008016 -0.004747 -0.002070 
0.075352 -0.018083 0.231773 0.999951 -0.008081 -0.005284 -0.002235 
0.075366 -0.018090 0.231815 0.999952 -0.007975 -0.005247 -0.002146 
0.075373 -0.018092 0.231836 0.999952 -0.007932 -0.005569 -0.001740 
0.075381 -0.018091 0.231861 0.999950 -0.008113 -0.005385 -0.002087 
0.075358 -0.018085 0.231784 0.999955 -0.007906 -0.005040 -0.001443 
0.075353 -0.018081 0.231763 0.999952 -0.007993 -0.005327 -0.001987 
0.075349 -0.018082 0.231747 0.999953 -0.008052 -0.004870 -0.002410 
0.075348 -0.018087 0.231758 0.999952 -0.008111 -0.004905 -0.002323 
0.075349 -0.018087 0.231754 0.999950 -0.008228 -0.005243 -0.002252 
0.075362 -0.018089 0.231791 0.999953 -0.007993 -0.005162 -0.002035 
0.075359 -0.018089 0.231784 0.999954 -0.007898 -0.005238 -0.001663 
0.075376 -0.018092 0.231827 0.999953 -0.007825 -0.005620 -0.001468 
0.075343 -0.018083 0.231734 0.999954 -0.007958 -0.005086 -0.001420 
0.075337 -0.018083 0.231709 0.999957 -0.007928 -0.004558 -0.001287 
0.075339 -0.018086 0.231726 0.999955 -0.007938 -0.004996 -0.001707 
0.075346 -0.018085 0.231749 0.999955 -0.007921 -0.004977 -0.001468 
0.075336 -0.018086 0.231718 0.999955 -0.007916 -0.005110 -0.001455 
0.075368 -0.018088 0.231822 0.999946 -0.008225 -0.005581 -0.002887 
0.075356 -0.018086 0.231777 0.999953 -0.007977 -0.005362 -0.001473 
0.075359 -0.018086 0.231806 0.999951 -0.008050 -0.005321 -0.002200 
0.075344 -0.018086 0.231739 0.999953 -0.008035 -0.005094 -0.001654 
0.075369 -0.018138 0.231805 0.999948 -0.008167 -0.005487 -0.002587 
0.075264 -0.017984 0.231575 0.999951 -0.008713 -0.003771 -0.002927 
0.075029 -0.017908 0.231409 0.999925 -0.008803 -0.007313 -0.004324 
0.073439 -0.017928 0.228829 0.999851 -0.008189 -0.012567 -0.008538 
0.064842 -0.017945 0.214987 0.999323 -0.007584 -0.031475 -0.017462 
0.059271 -0.017990 0.205079 0.998543 -0.006278 -0.052476 -0.010894 
0.053670 -0.018028 0.194116 0.996715 -0.003689 -0.080775 0.004502 
0.048395 -0.018007 0.182207 0.994551 -0.003028 -0.102805 0.017016 
0.045272 -0.018033 0.172711 0.994200 -0.005826 -0.106224 0.015790 
0.044482 -0.018098 0.166820 0.993317 -0.009506 -0.114525 0.010738 
0.045343 -0.018168 0.163759 0.992934 -0.010843 -0.117684 0.010742 
0.046557 -0.018174 0.162129 0.992449 -0.010840 -0.121890 0.008371 
0.047504 -0.018212 0.161307 0.991493 -0.009671 -0.129714 0.004732 
0.047971 -0.018261 0.161219 0.990740 -0.008162 -0.135487 0.003162 
0.048112 -0.018282 0.161293 0.990561 -0.007886 -0.136722 0.005865 
0.048173 -0.018263 0.161336 0.990385 -0.007892 -0.137959 0.006578 
0.048221 -0.018241 0.161347 0.990303 -0.007904 -0.138582 0.005615 
0.048279 -0.018250 0.161438 0.990157 -0.008160 -0.139665 0.003989 
0.048446 -0.018234 0.162563 0.989519 -0.008330 -0.144022 -0.006339 
0.048654 -0.018179 0.165990 0.988061 -0.008269 -0.152664 -0.018972 
0.048838 -0.018164 0.172047 0.985581 -0.006980 -0.167371 -0.023849 
0.048647 -0.018185 0.188361 0.981522 -0.002705 -0.191308 -0.002766 
0.048558 -0.018065 0.197169 0.982118 -0.004195 -0.188203 0.002524 
0.048924 -0.017982 0.204433 0.983781 -0.006209 -0.179251 0.002539 
0.049302 -0.017975 0.208674 0.984941 -0.007155 -0.172587 0.007354 
0.049455 -0.017949 0.209730 0.985692 -0.007928 -0.168129 0.008955 
0.049447 -0.017941 0.209709 0.985692 -0.007869 -0.168149 0.008670 
0.049424 -0.017928 0.209643 0.985382 -0.007819 -0.169984 0.008117 
0.049411 -0.017908 0.209601 0.985384 -0.007946 -0.169997 0.007465 
0.049426 -0.017917 0.209648 0.985543 -0.008079 -0.169066 0.007499 
0.049425 -0.017913 0.209673 0.985564 -0.008237 -0.168979 0.006403 
0.049409 -0.017920 0.209563 0.985472 -0.007904 -0.169462 0.008115 
0.049418 -0.017927 0.209607 0.985450 -0.007940 -0.169596 0.007959 
0.049406 -0.017922 0.209603 0.985378 -0.007987 -0.169985 0.008458 
0.049418 -0.017919 0.209622 0.985502 -0.007903 -0.169299 0.007823 
0.049431 -0.017928 0.209656 0.985459 -0.007989 -0.169538 0.007908 
0.049438 -0.017914 0.209669 0.985596 -0.008131 -0.168812 0.005993 
0.049437 -0.017922 0.209651 0.985623 -0.007935 -0.168598 0.007730 
0.049427 -0.017914 0.209649 0.985491 -0.008009 -0.169357 0.007853 
0.049428 -0.017916 0.209659 0.985484 -0.008061 -0.169410 0.007493 
0.049417 -0.017923 0.209621 0.985358 -0.008059 -0.170130 0.007784 
0.049412 -0.017911 0.209619 0.985323 -0.008122 -0.170348 0.007384 
0.049413 -0.017918 0.209615 0.985401 -0.007956 -0.169855 0.008436 
0.049417 -0.017912 0.209633 0.985354 -0.007960 -0.170160 0.007702 
0.049418 -0.017913 0.209639 0.985412 -0.008020 -0.169815 0.007863 
0.049426 -0.017918 0.209639 0.985455 -0.007984 -0.169568 0.007875 
0.049419 -0.017910 0.209637 0.985331 -0.007912 -0.170309 0.007450 
0.049432 -0.017912 0.209674 0.985530 -0.008003 -0.169144 0.007496 
0.049405 -0.017913 0.209590 0.985179 -0.007919 -0.171164 0.007944 
0.049427 -0.017920 0.209656 0.985435 -0.008005 -0.169678 0.008000 
NaN NaN NaN NaN NaN NaN NaN 
