0.595517 -0.406595 0.488896 1.571576 -0.000626 3.141459 
0.595517 -0.406595 0.488896 1.571576 -0.000626 3.141459 
0.595517 -0.406595 0.488896 1.571575 -0.000626 3.141459 
0.595517 -0.406595 0.488896 1.571575 -0.000626 3.141459 
0.595517 -0.406595 0.488896 1.571575 -0.000626 3.141459 
0.595517 -0.406595 0.488896 1.571575 -0.000626 3.141459 
0.595517 -0.406595 0.488896 1.571576 -0.000626 3.141459 
0.595517 -0.406595 0.488896 1.571576 -0.000626 3.141459 
0.595517 -0.406595 0.488896 1.571576 -0.000626 3.141459 
0.595517 -0.406595 0.488896 1.571575 -0.000626 3.141459 
0.595517 -0.406595 0.488896 1.571576 -0.000626 3.141459 
0.595517 -0.406595 0.488896 1.571576 -0.000626 3.141459 
0.595517 -0.406595 0.488896 1.571576 -0.000626 3.141459 
0.595517 -0.406595 0.488896 1.571576 -0.000626 3.141459 
0.595517 -0.406595 0.488896 1.571576 -0.000626 3.141459 
0.595517 -0.406595 0.488896 1.571575 -0.000626 3.141459 
0.595517 -0.406595 0.488896 1.571576 -0.000626 3.141459 
0.595517 -0.406595 0.488896 1.571575 -0.000626 3.141459 
0.595517 -0.406595 0.488896 1.571576 -0.000626 3.141459 
0.595517 -0.406595 0.488896 1.571576 -0.000626 3.141459 
0.595517 -0.406595 0.488896 1.571576 -0.000626 3.141459 
0.595517 -0.406595 0.488896 1.571576 -0.000626 3.141459 
0.595517 -0.406595 0.488896 1.571576 -0.000626 3.141459 
0.595517 -0.406595 0.488896 1.571576 -0.000626 3.141459 
0.595517 -0.406595 0.488896 1.571576 -0.000626 3.141459 
0.595517 -0.406595 0.488896 1.571576 -0.000626 3.141459 
0.595517 -0.406595 0.488896 1.571576 -0.000626 3.141459 
0.595517 -0.406595 0.488896 1.571576 -0.000626 3.141459 
0.595517 -0.406595 0.488896 1.571575 -0.000626 3.141459 
0.595517 -0.406595 0.488896 1.571576 -0.000626 3.141459 
0.595517 -0.406595 0.488896 1.571576 -0.000626 3.141459 
0.595517 -0.406595 0.488896 1.571576 -0.000626 3.141459 
0.595517 -0.406595 0.488896 1.571575 -0.000626 3.141459 
0.595517 -0.406595 0.488896 1.571576 -0.000626 3.141459 
0.595517 -0.406595 0.488896 1.571576 -0.000626 3.141459 
0.595517 -0.406595 0.488896 1.571576 -0.000626 3.141459 
0.595517 -0.406595 0.488896 1.571576 -0.000626 3.141459 
0.595517 -0.406595 0.488896 1.571575 -0.000626 3.141459 
0.595517 -0.406595 0.488896 1.571575 -0.000626 3.141459 
0.595517 -0.406595 0.488896 1.571575 -0.000626 3.141459 
0.595517 -0.406595 0.488896 1.571575 -0.000626 3.141459 
0.595517 -0.406595 0.488896 1.571575 -0.000626 3.141459 
0.595517 -0.406595 0.488896 1.571575 -0.000626 3.141459 
0.595517 -0.406595 0.488896 1.571575 -0.000626 3.141459 
0.595517 -0.406595 0.488896 1.571576 -0.000626 3.141459 
0.595517 -0.406595 0.488896 1.571576 -0.000626 3.141459 
0.595517 -0.406595 0.488896 1.571576 -0.000626 3.141459 
0.595517 -0.406595 0.488896 1.571576 -0.000626 3.141459 
0.595517 -0.406595 0.488896 1.571576 -0.000626 3.141459 
0.595517 -0.406595 0.488896 1.571575 -0.000626 3.141459 
0.595517 -0.406595 0.488896 1.571575 -0.000626 3.141459 
0.595517 -0.406595 0.488896 1.571576 -0.000626 3.141459 
0.595517 -0.406595 0.488896 1.571576 -0.000626 3.141459 
0.595517 -0.406595 0.488896 1.571576 -0.000626 3.141459 
0.595517 -0.406595 0.488896 1.571576 -0.000626 3.141459 
0.595517 -0.406595 0.488896 1.571576 -0.000626 3.141459 
0.595517 -0.406595 0.488896 1.571576 -0.000626 3.141459 
0.595517 -0.406595 0.488896 1.571576 -0.000626 3.141459 
0.595517 -0.406595 0.488896 1.571576 -0.000626 3.141459 
0.595517 -0.406595 0.488896 1.571576 -0.000626 3.141459 
0.595517 -0.406595 0.488896 1.571576 -0.000626 3.141459 
0.595517 -0.406595 0.488896 1.571576 -0.000626 3.141459 
0.595517 -0.406595 0.488896 1.571575 -0.000626 3.141459 
0.595517 -0.406595 0.488896 1.571576 -0.000626 3.141459 
0.595517 -0.406595 0.488896 1.571575 -0.000626 3.141459 
0.595517 -0.406595 0.488896 1.571576 -0.000626 3.141459 
0.595517 -0.406595 0.488896 1.571576 -0.000626 3.141459 
0.595517 -0.406595 0.488896 1.571576 -0.000626 3.141459 
0.595517 -0.406595 0.488896 1.571576 -0.000626 3.141459 
0.595517 -0.406595 0.488896 1.571576 -0.000626 3.141459 
0.595518 -0.406595 0.488896 1.571576 -0.000626 3.141458 
0.595517 -0.406595 0.488896 1.571576 -0.000626 3.141459 
0.595517 -0.406595 0.488896 1.571576 -0.000626 3.141458 
0.595517 -0.406595 0.488896 1.571576 -0.000626 3.141459 
0.595517 -0.406595 0.488896 1.571576 -0.000626 3.141459 
0.595517 -0.406595 0.488896 1.571576 -0.000626 3.141459 
0.595517 -0.406595 0.488896 1.571576 -0.000626 3.141459 
0.595517 -0.406595 0.488896 1.571576 -0.000626 3.141459 
0.595517 -0.406595 0.488896 1.571576 -0.000626 3.141459 
0.595517 -0.406595 0.488896 1.571575 -0.000626 3.141459 
0.595517 -0.406595 0.488896 1.571576 -0.000627 3.141459 
0.595518 -0.406595 0.488896 1.571576 -0.000626 3.141459 
0.595518 -0.406595 0.488896 1.571576 -0.000626 3.141458 
0.595517 -0.406595 0.488896 1.571576 -0.000627 3.141458 
0.595517 -0.406595 0.488896 1.571576 -0.000627 3.141458 
0.595517 -0.406595 0.488896 1.571576 -0.000627 3.141458 
0.595517 -0.406595 0.488896 1.571576 -0.000627 3.141459 
0.595517 -0.406595 0.488896 1.571576 -0.000627 3.141458 
0.595517 -0.406595 0.488896 1.571576 -0.000627 3.141458 
0.595517 -0.406595 0.488896 1.571576 -0.000627 3.141458 
0.595518 -0.406595 0.488896 1.571576 -0.000627 3.141458 
0.595518 -0.406595 0.488896 1.571576 -0.000627 3.141458 
0.595518 -0.406595 0.488896 1.571576 -0.000627 3.141458 
0.595518 -0.406595 0.488896 1.571576 -0.000627 3.141458 
0.595518 -0.406595 0.488896 1.571576 -0.000627 3.141458 
0.595518 -0.406595 0.488896 1.571576 -0.000627 3.141458 
0.595517 -0.406595 0.488896 1.571576 -0.000627 3.141458 
0.595517 -0.406595 0.488896 1.571576 -0.000627 3.141458 
0.595518 -0.406595 0.488896 1.571576 -0.000627 3.141458 
0.595517 -0.406595 0.488896 1.571576 -0.000627 3.141458 
0.595517 -0.406595 0.488896 1.571576 -0.000627 3.141458 
0.595517 -0.406595 0.488896 1.571575 -0.000627 3.141458 
0.595517 -0.406595 0.488896 1.571576 -0.000627 3.141458 
0.595517 -0.406595 0.488896 1.571576 -0.000627 3.141458 
0.595517 -0.406595 0.488896 1.571575 -0.000627 3.141458 
0.595518 -0.406595 0.488896 1.571576 -0.000627 3.141458 
0.595517 -0.406595 0.488896 1.571576 -0.000627 3.141458 
0.595517 -0.406595 0.488896 1.571576 -0.000626 3.141458 
0.595517 -0.406595 0.488896 1.571576 -0.000627 3.141459 
0.595517 -0.406595 0.488896 1.571576 -0.000627 3.141458 
0.595517 -0.406595 0.488896 1.571576 -0.000627 3.141459 
0.595517 -0.406595 0.488896 1.571575 -0.000627 3.141459 
0.595517 -0.406595 0.488896 1.571576 -0.000627 3.141459 
0.595517 -0.406595 0.488896 1.571575 -0.000627 3.141459 
0.595517 -0.406595 0.488896 1.571575 -0.000627 3.141459 
0.595517 -0.406595 0.488896 1.571576 -0.000627 3.141458 
0.595517 -0.406595 0.488896 1.571576 -0.000627 3.141459 
0.595517 -0.406595 0.488896 1.571576 -0.000627 3.141459 
0.595517 -0.406595 0.488896 1.571576 -0.000627 3.141458 
0.595517 -0.406595 0.488896 1.571576 -0.000627 3.141459 
0.595518 -0.406595 0.488896 1.571576 -0.000627 3.141458 
0.595517 -0.406595 0.488896 1.571576 -0.000627 3.141459 
0.595518 -0.406595 0.488896 1.571576 -0.000627 3.141458 
0.595517 -0.406595 0.488896 1.571576 -0.000627 3.141459 
0.595517 -0.406595 0.488896 1.571575 -0.000627 3.141458 
0.595517 -0.406595 0.488896 1.571576 -0.000626 3.141459 
0.595517 -0.406595 0.488896 1.571576 -0.000627 3.141459 
0.595517 -0.406595 0.488896 1.571576 -0.000627 3.141459 
0.595517 -0.406595 0.488896 1.571576 -0.000626 3.141459 
0.595517 -0.406595 0.488896 1.571576 -0.000627 3.141459 
0.595517 -0.406595 0.488896 1.571576 -0.000627 3.141458 
0.595517 -0.406595 0.488896 1.571576 -0.000627 3.141459 
0.595517 -0.406595 0.488896 1.571576 -0.000627 3.141459 
0.595517 -0.406595 0.488896 1.571575 -0.000626 3.141459 
0.595517 -0.406595 0.488896 1.571575 -0.000626 3.141459 
0.595517 -0.406595 0.488896 1.571576 -0.000626 3.141458 
0.595517 -0.406595 0.488896 1.571576 -0.000626 3.141459 
0.595517 -0.406595 0.488896 1.571576 -0.000627 3.141459 
0.595517 -0.406595 0.488896 1.571576 -0.000626 3.141459 
0.595517 -0.406595 0.488896 1.571576 -0.000626 3.141459 
0.595517 -0.406595 0.488896 1.571575 -0.000626 3.141459 
0.595517 -0.406595 0.488896 1.571576 -0.000626 3.141459 
0.595517 -0.406595 0.488896 1.571576 -0.000626 3.141459 
0.595517 -0.406595 0.488896 1.571575 -0.000626 3.141459 
0.595517 -0.406595 0.488896 1.571576 -0.000626 3.141459 
0.595517 -0.406595 0.488896 1.571576 -0.000626 3.141459 
0.595517 -0.406595 0.488896 1.571576 -0.000626 3.141459 
0.595517 -0.406595 0.488896 1.571576 -0.000627 3.141459 
0.595517 -0.406595 0.488896 1.571576 -0.000626 3.141459 
0.595517 -0.406595 0.488896 1.571575 -0.000627 3.141459 
0.595517 -0.406595 0.488896 1.571576 -0.000627 3.141459 
0.595517 -0.406595 0.488896 1.571576 -0.000626 3.141459 
0.595517 -0.406595 0.488896 1.571576 -0.000627 3.141459 
0.595517 -0.406595 0.488896 1.571576 -0.000626 3.141459 
0.595517 -0.406595 0.488896 1.571576 -0.000627 3.141459 
0.595517 -0.406595 0.488896 1.571576 -0.000626 3.141459 
0.595517 -0.406595 0.488896 1.571575 -0.000626 3.141458 
0.595513 -0.406581 0.488879 1.571594 -0.000679 3.141486 
0.595634 -0.406426 0.488509 1.571780 -0.001303 3.140630 
0.595826 -0.406275 0.487759 1.571960 -0.001724 3.139409 
0.595970 -0.406154 0.486928 1.572165 -0.001982 3.138483 
0.595998 -0.406098 0.486232 1.572254 -0.002042 3.138226 
0.595882 -0.406037 0.485791 1.572178 -0.002144 3.139018 
0.595690 -0.406017 0.485514 1.571944 -0.002114 3.140357 
0.595569 -0.405998 0.485349 1.571516 -0.001892 3.141433 
0.595466 -0.406041 0.485404 1.570961 -0.001555 -3.140858 
0.595418 -0.406076 0.485645 1.570700 -0.001168 -3.140298 
0.595375 -0.406203 0.485999 1.570563 -0.000654 -3.140011 
0.595356 -0.406307 0.486457 1.570610 -0.000177 -3.139901 
0.595375 -0.406405 0.486970 1.570609 0.000242 -3.140124 
0.595399 -0.406505 0.487537 1.570519 0.000533 -3.140454 
0.595445 -0.406591 0.488049 1.570452 0.000721 -3.140925 
0.595514 -0.406641 0.488518 1.570461 0.000742 -3.141505 
0.595570 -0.406661 0.488893 1.570532 0.000599 3.141214 
0.595593 -0.406622 0.489167 1.570670 0.000260 3.141050 
0.595570 -0.406561 0.489366 1.570778 -0.000153 3.141185 
0.595531 -0.406499 0.489488 1.570820 -0.000511 3.141410 
0.595485 -0.406454 0.489555 1.570852 -0.000757 -3.141527 
0.595456 -0.406434 0.489564 1.570861 -0.000886 -3.141391 
0.595454 -0.406431 0.489521 1.570857 -0.000943 -3.141436 
0.595483 -0.406424 0.489444 1.570853 -0.000978 3.141563 
0.595523 -0.406415 0.489329 1.570838 -0.001031 3.141328 
0.595565 -0.406411 0.489168 1.570837 -0.001060 3.141059 
0.595597 -0.406414 0.489012 1.570827 -0.001029 3.140845 
0.595603 -0.406418 0.488890 1.570838 -0.000980 3.140797 
0.595575 -0.406424 0.488792 1.570838 -0.000929 3.140974 
0.595531 -0.406429 0.488704 1.570837 -0.000908 3.141249 
0.595488 -0.406435 0.488639 1.570828 -0.000865 3.141526 
0.595452 -0.406443 0.488603 1.570831 -0.000817 -3.141423 
0.595431 -0.406451 0.488589 1.570825 -0.000774 -3.141294 
0.595439 -0.406456 0.488584 1.570812 -0.000756 -3.141340 
0.595442 -0.406457 0.488588 1.570815 -0.000754 -3.141363 
0.595437 -0.406457 0.488603 1.570813 -0.000745 -3.141325 
0.595429 -0.406459 0.488633 1.570827 -0.000715 -3.141278 
0.595429 -0.406466 0.488673 1.570819 -0.000672 -3.141273 
0.595437 -0.406477 0.488707 1.570826 -0.000604 -3.141327 
0.595455 -0.406490 0.488748 1.570820 -0.000522 -3.141440 
0.595480 -0.406503 0.488786 1.570820 -0.000437 3.141592 
0.595506 -0.406515 0.488815 1.570819 -0.000362 3.141427 
0.595521 -0.406520 0.488836 1.570820 -0.000326 3.141333 
0.595521 -0.406519 0.488850 1.570825 -0.000321 3.141336 
0.595517 -0.406517 0.488859 1.570825 -0.000331 3.141366 
0.595513 -0.406513 0.488867 1.570830 -0.000348 3.141392 
0.595512 -0.406511 0.488875 1.570826 -0.000368 3.141394 
0.595512 -0.406508 0.488882 1.570826 -0.000395 3.141392 
0.595511 -0.406506 0.488886 1.570825 -0.000406 3.141398 
0.595510 -0.406505 0.488887 1.570825 -0.000414 3.141403 
0.595505 -0.406504 0.488887 1.570824 -0.000421 3.141434 
0.595501 -0.406504 0.488886 1.570823 -0.000425 3.141459 
0.595501 -0.406504 0.488885 1.570822 -0.000429 3.141460 
0.595500 -0.406504 0.488885 1.570821 -0.000431 3.141465 
0.595498 -0.406503 0.488885 1.570825 -0.000433 3.141482 
0.595495 -0.406501 0.488884 1.570825 -0.000437 3.141503 
0.595493 -0.406500 0.488884 1.570829 -0.000440 3.141515 
0.595491 -0.406498 0.488883 1.570829 -0.000444 3.141530 
0.595487 -0.406497 0.488884 1.570832 -0.000449 3.141557 
0.595486 -0.406496 0.488885 1.570831 -0.000455 3.141562 
0.595487 -0.406495 0.488884 1.570833 -0.000460 3.141558 
0.595487 -0.406495 0.488883 1.570832 -0.000464 3.141555 
0.595488 -0.406495 0.488880 1.570829 -0.000469 3.141548 
0.595488 -0.406495 0.488879 1.570829 -0.000473 3.141544 
0.595489 -0.406495 0.488878 1.570826 -0.000479 3.141539 
0.595489 -0.406494 0.488877 1.570825 -0.000483 3.141536 
0.595490 -0.406493 0.488876 1.570826 -0.000486 3.141533 
0.595491 -0.406492 0.488873 1.570826 -0.000491 3.141525 
0.595492 -0.406490 0.488872 1.570828 -0.000495 3.141521 
0.595493 -0.406489 0.488871 1.570830 -0.000499 3.141520 
0.595492 -0.406487 0.488872 1.570832 -0.000506 3.141522 
0.595492 -0.406486 0.488874 1.570832 -0.000511 3.141523 
0.595492 -0.406486 0.488875 1.570831 -0.000517 3.141523 
0.595491 -0.406485 0.488876 1.570831 -0.000520 3.141531 
0.595491 -0.406486 0.488877 1.570829 -0.000524 3.141530 
0.595491 -0.406486 0.488877 1.570826 -0.000528 3.141527 
0.595491 -0.406486 0.488877 1.570826 -0.000531 3.141526 
0.595492 -0.406485 0.488876 1.570827 -0.000535 3.141523 
0.595492 -0.406484 0.488876 1.570826 -0.000537 3.141521 
0.595492 -0.406484 0.488877 1.570826 -0.000540 3.141521 
0.595491 -0.406483 0.488878 1.570827 -0.000544 3.141526 
0.595491 -0.406483 0.488879 1.570827 -0.000547 3.141529 
0.595491 -0.406482 0.488880 1.570827 -0.000551 3.141528 
0.595491 -0.406482 0.488880 1.570827 -0.000552 3.141526 
0.595491 -0.406482 0.488880 1.570826 -0.000554 3.141526 
0.595491 -0.406482 0.488879 1.570825 -0.000555 3.141524 
0.595491 -0.406482 0.488879 1.570825 -0.000556 3.141523 
0.595492 -0.406482 0.488878 1.570825 -0.000558 3.141520 
0.595492 -0.406481 0.488878 1.570826 -0.000559 3.141520 
0.595492 -0.406481 0.488877 1.570825 -0.000561 3.141518 
0.595492 -0.406481 0.488877 1.570826 -0.000561 3.141518 
0.595492 -0.406481 0.488877 1.570826 -0.000562 3.141518 
0.595492 -0.406481 0.488877 1.570826 -0.000564 3.141518 
0.595492 -0.406481 0.488877 1.570825 -0.000565 3.141519 
0.595492 -0.406481 0.488878 1.570825 -0.000565 3.141519 
0.595492 -0.406481 0.488878 1.570825 -0.000565 3.141520 
0.595492 -0.406481 0.488878 1.570825 -0.000566 3.141521 
0.595492 -0.406480 0.488878 1.570825 -0.000567 3.141521 
0.595492 -0.406480 0.488878 1.570825 -0.000566 3.141520 
0.595492 -0.406480 0.488878 1.570826 -0.000567 3.141519 
0.595492 -0.406480 0.488877 1.570826 -0.000568 3.141518 
0.595493 -0.406479 0.488877 1.570826 -0.000569 3.141518 
0.595492 -0.406479 0.488877 1.570826 -0.000569 3.141518 
0.595492 -0.406479 0.488878 1.570826 -0.000570 3.141520 
0.595492 -0.406479 0.488879 1.570826 -0.000571 3.141521 
0.595492 -0.406479 0.488879 1.570826 -0.000572 3.141521 
0.595491 -0.406480 0.488879 1.570825 -0.000572 3.141523 
0.595491 -0.406480 0.488879 1.570824 -0.000573 3.141523 
0.595491 -0.406480 0.488879 1.570824 -0.000572 3.141523 
0.595492 -0.406479 0.488879 1.570825 -0.000573 3.141522 
0.595492 -0.406479 0.488879 1.570826 -0.000573 3.141522 
0.595492 -0.406479 0.488879 1.570826 -0.000573 3.141522 
0.595492 -0.406479 0.488879 1.570826 -0.000573 3.141522 
0.595492 -0.406479 0.488879 1.570827 -0.000573 3.141522 
0.595492 -0.406479 0.488879 1.570826 -0.000574 3.141522 
0.595492 -0.406479 0.488880 1.570826 -0.000575 3.141523 
0.595491 -0.406479 0.488881 1.570825 -0.000575 3.141524 
0.595491 -0.406479 0.488881 1.570825 -0.000576 3.141524 
0.595491 -0.406479 0.488881 1.570824 -0.000576 3.141524 
0.595491 -0.406479 0.488880 1.570825 -0.000575 3.141523 
0.595492 -0.406479 0.488880 1.570825 -0.000576 3.141522 
0.595492 -0.406479 0.488880 1.570825 -0.000576 3.141522 
0.595492 -0.406479 0.488880 1.570826 -0.000576 3.141522 
0.595492 -0.406478 0.488880 1.570826 -0.000576 3.141522 
0.595492 -0.406479 0.488880 1.570826 -0.000576 3.141522 
0.595492 -0.406479 0.488880 1.570826 -0.000576 3.141522 
0.595492 -0.406479 0.488880 1.570825 -0.000576 3.141523 
0.595492 -0.406479 0.488881 1.570825 -0.000577 3.141523 
0.595491 -0.406479 0.488881 1.570825 -0.000577 3.141523 
0.595491 -0.406479 0.488880 1.570825 -0.000577 3.141522 
0.595492 -0.406479 0.488880 1.570825 -0.000577 3.141522 
0.595492 -0.406479 0.488880 1.570825 -0.000577 3.141521 
0.595492 -0.406478 0.488879 1.570826 -0.000577 3.141520 
0.595492 -0.406478 0.488879 1.570826 -0.000578 3.141520 
0.595492 -0.406478 0.488879 1.570826 -0.000578 3.141520 
0.595492 -0.406478 0.488879 1.570826 -0.000578 3.141520 
0.595492 -0.406478 0.488880 1.570826 -0.000578 3.141521 
0.595492 -0.406478 0.488880 1.570826 -0.000578 3.141521 
0.595492 -0.406479 0.488880 1.570825 -0.000578 3.141522 
0.595492 -0.406479 0.488880 1.570825 -0.000578 3.141522 
0.595492 -0.406479 0.488880 1.570825 -0.000578 3.141521 
0.595492 -0.406479 0.488880 1.570825 -0.000578 3.141521 
0.595492 -0.406479 0.488879 1.570825 -0.000578 3.141520 
0.595492 -0.406478 0.488879 1.570826 -0.000578 3.141520 
0.595492 -0.406478 0.488879 1.570826 -0.000578 3.141520 
0.595492 -0.406478 0.488879 1.570826 -0.000578 3.141520 
0.595492 -0.406478 0.488880 1.570826 -0.000578 3.141521 
0.595492 -0.406478 0.488880 1.570826 -0.000578 3.141521 
0.595492 -0.406478 0.488880 1.570826 -0.000578 3.141522 
0.595492 -0.406478 0.488880 1.570826 -0.000579 3.141522 
0.595492 -0.406479 0.488880 1.570825 -0.000578 3.141521 
0.595492 -0.406479 0.488880 1.570825 -0.000579 3.141521 
0.595492 -0.406479 0.488879 1.570825 -0.000578 3.141521 
0.595492 -0.406479 0.488879 1.570825 -0.000578 3.141520 
0.595492 -0.406478 0.488879 1.570825 -0.000578 3.141520 
0.595492 -0.406478 0.488879 1.570826 -0.000578 3.141520 
0.595492 -0.406478 0.488879 1.570826 -0.000579 3.141520 
0.595492 -0.406478 0.488879 1.570826 -0.000579 3.141520 
0.595492 -0.406478 0.488880 1.570826 -0.000579 3.141521 
0.595492 -0.406478 0.488880 1.570826 -0.000579 3.141521 
0.595492 -0.406478 0.488880 1.570825 -0.000579 3.141522 
0.595492 -0.406479 0.488880 1.570825 -0.000579 3.141522 
0.595492 -0.406479 0.488879 1.570825 -0.000579 3.141521 
0.595492 -0.406479 0.488879 1.570825 -0.000579 3.141520 
0.595492 -0.406479 0.488878 1.570825 -0.000579 3.141519 
0.595492 -0.406478 0.488878 1.570826 -0.000579 3.141519 
0.595492 -0.406478 0.488878 1.570826 -0.000579 3.141519 
0.595492 -0.406478 0.488879 1.570826 -0.000580 3.141519 
0.595492 -0.406478 0.488879 1.570826 -0.000580 3.141520 
0.595492 -0.406478 0.488879 1.570826 -0.000580 3.141520 
0.595492 -0.406478 0.488879 1.570826 -0.000580 3.141521 
0.595492 -0.406478 0.488879 1.570825 -0.000580 3.141520 
0.595503 -0.406480 0.488860 1.570835 -0.000539 3.141468 
0.595533 -0.406479 0.488796 1.570864 -0.000433 3.141350 
0.595570 -0.406480 0.488664 1.570910 -0.000245 3.141221 
0.595615 -0.406467 0.488519 1.570987 -0.000038 3.141095 
0.595683 -0.406398 0.488379 1.571141 0.000151 3.140982 
0.595787 -0.406260 0.488236 1.571242 0.000343 3.140864 
0.595952 -0.405971 0.488083 1.571273 0.000549 3.140738 
0.596198 -0.405451 0.487937 1.571287 0.000748 3.140620 
0.596542 -0.404644 0.487805 1.571264 0.000942 3.140519 
0.596963 -0.403594 0.487695 1.570911 0.001114 3.140435 
0.597478 -0.402228 0.487623 1.570423 0.001237 3.140381 
0.598114 -0.400484 0.487591 1.569935 0.001315 3.140360 
0.598875 -0.398352 0.487597 1.569486 0.001358 3.140365 
0.599773 -0.395810 0.487625 1.569095 0.001383 3.140379 
0.600798 -0.392864 0.487695 1.568748 0.001356 3.140435 
0.601953 -0.389478 0.487810 1.568527 0.001268 3.140527 
0.603244 -0.385629 0.487955 1.568501 0.001140 3.140630 
0.604668 -0.381325 0.488117 1.568632 0.001003 3.140737 
0.606193 -0.376654 0.488289 1.568703 0.000921 3.140867 
0.607795 -0.371597 0.488462 1.568819 0.000868 3.141004 
0.609477 -0.366135 0.488619 1.569002 0.000850 3.141123 
0.611235 -0.360270 0.488793 1.569201 0.000806 3.141243 
0.613055 -0.353929 0.488971 1.569589 0.000727 3.141372 
0.614883 -0.347290 0.489127 1.569856 0.000721 3.141497 
0.616664 -0.340418 0.489286 1.569892 0.000682 -3.141558 
0.618436 -0.333259 0.489438 1.569929 0.000695 -3.141443 
0.620175 -0.325766 0.489617 1.570332 0.000624 -3.141321 
0.621856 -0.318202 0.489770 1.570451 0.000611 -3.141373 
0.623417 -0.310611 0.489929 1.570436 0.000549 -3.141422 
0.624935 -0.302872 0.490083 1.570723 0.000507 -3.141484 
0.626365 -0.295000 0.490226 1.571298 0.000403 -3.141568 
0.627677 -0.287260 0.490348 1.571665 0.000354 3.141474 
0.628875 -0.279507 0.490462 1.572104 0.000295 3.141301 
0.629972 -0.271750 0.490584 1.572544 0.000241 3.141195 
0.630919 -0.264082 0.490700 1.572854 0.000172 3.141139 
0.631737 -0.256551 0.490812 1.572868 0.000150 3.141176 
0.632437 -0.248957 0.490919 1.573072 0.000125 3.141261 
0.633032 -0.241456 0.491019 1.573088 0.000094 3.141306 
0.633485 -0.234107 0.491109 1.572858 0.000093 3.141344 
0.633835 -0.226800 0.491203 1.572566 0.000126 3.141443 
0.634082 -0.219421 0.491294 1.572435 0.000117 3.141531 
0.634213 -0.212139 0.491391 1.572154 0.000093 -3.141566 
0.634240 -0.204943 0.491483 1.571748 0.000131 -3.141462 
0.634175 -0.197666 0.491582 1.571519 0.000162 -3.141323 
0.634020 -0.190319 0.491675 1.571480 0.000154 -3.141242 
0.633752 -0.183065 0.491769 1.571277 0.000146 -3.141144 
0.633403 -0.175849 0.491854 1.571058 0.000220 -3.141062 
0.632961 -0.168550 0.491944 1.571026 0.000257 -3.140984 
0.632437 -0.161275 0.492016 1.570979 0.000276 -3.140952 
0.631790 -0.154089 0.492098 1.570846 0.000299 -3.140889 
0.631061 -0.146879 0.492177 1.570806 0.000366 -3.140875 
0.630224 -0.139575 0.492270 1.571009 0.000310 -3.140939 
0.629301 -0.132378 0.492348 1.571061 0.000264 -3.141050 
0.628264 -0.125246 0.492442 1.571048 0.000232 -3.141111 
0.627159 -0.118097 0.492531 1.571107 0.000199 -3.141205 
0.625941 -0.110934 0.492611 1.571249 0.000091 -3.141318 
0.624637 -0.103939 0.492692 1.571160 0.000110 -3.141388 
0.623214 -0.096956 0.492778 1.571137 0.000182 -3.141335 
0.621710 -0.089953 0.492861 1.571199 0.000216 -3.141292 
0.620089 -0.083028 0.492947 1.571235 0.000214 -3.141248 
0.618429 -0.076344 0.493023 1.570878 0.000305 -3.141217 
0.616689 -0.069732 0.493093 1.570694 0.000351 -3.141184 
0.614916 -0.063281 0.493165 1.570754 0.000321 -3.141161 
0.613119 -0.057129 0.493234 1.570905 0.000247 -3.141173 
0.611371 -0.051327 0.493292 1.571082 0.000238 -3.141187 
0.609639 -0.045768 0.493352 1.571511 0.000178 -3.141196 
0.607961 -0.040534 0.493425 1.572048 0.000070 -3.141211 
0.606358 -0.035750 0.493501 1.572411 -0.000005 -3.141182 
0.604854 -0.031386 0.493547 1.572643 -0.000026 -3.141175 
0.603448 -0.027386 0.493597 1.572788 -0.000063 -3.141170 
0.602126 -0.023725 0.493645 1.572991 -0.000100 -3.141162 
0.600905 -0.020438 0.493669 1.573125 -0.000087 -3.141165 
0.599824 -0.017587 0.493679 1.573031 -0.000071 -3.141207 
0.598867 -0.015142 0.493689 1.572792 -0.000086 -3.141290 
0.598026 -0.013065 0.493694 1.572471 -0.000086 -3.141365 
0.597294 -0.011305 0.493699 1.572168 -0.000092 -3.141423 
0.596686 -0.009841 0.493702 1.571931 -0.000113 -3.141488 
0.596190 -0.008677 0.493704 1.571772 -0.000136 -3.141552 
0.595828 -0.007832 0.493703 1.571572 -0.000128 3.141590 
0.595594 -0.007283 0.493696 1.571393 -0.000127 3.141535 
0.595465 -0.006956 0.493685 1.571334 -0.000145 3.141466 
0.595414 -0.006812 0.493674 1.571337 -0.000155 3.141403 
0.595424 -0.006799 0.493657 1.571217 -0.000140 3.141336 
0.595446 -0.006851 0.493639 1.571030 -0.000107 3.141299 
0.595469 -0.006951 0.493630 1.570782 -0.000090 3.141293 
0.595511 -0.007110 0.493620 1.570410 -0.000081 3.141282 
0.595565 -0.007300 0.493599 1.569976 -0.000050 3.141253 
0.595620 -0.007491 0.493580 1.569542 -0.000021 3.141222 
0.595661 -0.007649 0.493565 1.569217 0.000002 3.141198 
0.595681 -0.007770 0.493559 1.568996 0.000013 3.141189 
0.595690 -0.007848 0.493559 1.568850 0.000012 3.141189 
0.595689 -0.007878 0.493561 1.568802 0.000010 3.141191 
0.595680 -0.007867 0.493562 1.568836 0.000007 3.141194 
0.595667 -0.007826 0.493563 1.568930 0.000004 3.141195 
0.595646 -0.007752 0.493563 1.569097 0.000002 3.141196 
0.595615 -0.007666 0.493568 1.569297 -0.000004 3.141202 
0.595585 -0.007578 0.493573 1.569497 -0.000013 3.141211 
0.595560 -0.007505 0.493583 1.569661 -0.000026 3.141228 
0.595536 -0.007445 0.493599 1.569793 -0.000046 3.141254 
0.595514 -0.007394 0.493622 1.569901 -0.000080 3.141292 
0.595496 -0.007351 0.493645 1.569988 -0.000116 3.141331 
0.595483 -0.007315 0.493662 1.570060 -0.000141 3.141359 
0.595473 -0.007284 0.493674 1.570122 -0.000159 3.141379 
0.595467 -0.007257 0.493683 1.570170 -0.000173 3.141393 
0.595463 -0.007229 0.493687 1.570221 -0.000181 3.141401 
0.595460 -0.007204 0.493688 1.570269 -0.000182 3.141402 
0.595458 -0.007183 0.493688 1.570308 -0.000182 3.141401 
0.595454 -0.007161 0.493687 1.570352 -0.000181 3.141401 
0.595449 -0.007139 0.493686 1.570401 -0.000178 3.141399 
0.595444 -0.007119 0.493685 1.570445 -0.000177 3.141397 
0.595441 -0.007105 0.493683 1.570478 -0.000174 3.141394 
0.595438 -0.007094 0.493680 1.570504 -0.000168 3.141388 
0.595436 -0.007084 0.493676 1.570530 -0.000162 3.141382 
0.595432 -0.007072 0.493672 1.570559 -0.000156 3.141374 
0.595431 -0.007062 0.493663 1.570587 -0.000143 3.141360 
0.595429 -0.007053 0.493656 1.570611 -0.000132 3.141349 
0.595427 -0.007044 0.493652 1.570634 -0.000126 3.141342 
0.595426 -0.007036 0.493648 1.570654 -0.000120 3.141336 
0.595425 -0.007028 0.493645 1.570672 -0.000115 3.141330 
0.595423 -0.007021 0.493643 1.570688 -0.000112 3.141327 
0.595422 -0.007014 0.493642 1.570703 -0.000110 3.141325 
0.595421 -0.007007 0.493642 1.570717 -0.000110 3.141325 
0.595421 -0.007000 0.493641 1.570731 -0.000109 3.141324 
0.595420 -0.006992 0.493641 1.570746 -0.000108 3.141323 
0.595418 -0.006986 0.493640 1.570759 -0.000108 3.141323 
0.595417 -0.006981 0.493640 1.570771 -0.000108 3.141322 
0.595416 -0.006974 0.493640 1.570784 -0.000108 3.141322 
0.595415 -0.006967 0.493640 1.570798 -0.000107 3.141322 
0.595414 -0.006963 0.493640 1.570807 -0.000107 3.141322 
0.595414 -0.006959 0.493640 1.570814 -0.000107 3.141322 
0.595413 -0.006955 0.493640 1.570822 -0.000107 3.141322 
0.595413 -0.006952 0.493640 1.570827 -0.000107 3.141321 
0.595413 -0.006950 0.493639 1.570832 -0.000106 3.141321 
0.595413 -0.006949 0.493639 1.570834 -0.000106 3.141320 
0.595412 -0.006949 0.493639 1.570835 -0.000106 3.141320 
0.595412 -0.006948 0.493639 1.570838 -0.000106 3.141320 
0.595411 -0.006948 0.493639 1.570840 -0.000105 3.141320 
0.595410 -0.006948 0.493639 1.570841 -0.000105 3.141320 
0.595409 -0.006950 0.493639 1.570839 -0.000105 3.141320 
0.595409 -0.006952 0.493639 1.570837 -0.000105 3.141320 
0.595409 -0.006953 0.493639 1.570835 -0.000105 3.141320 
0.595409 -0.006954 0.493639 1.570834 -0.000105 3.141320 
0.595409 -0.006955 0.493638 1.570833 -0.000104 3.141319 
0.595409 -0.006955 0.493638 1.570832 -0.000105 3.141319 
0.595409 -0.006955 0.493638 1.570833 -0.000105 3.141319 
0.595408 -0.006954 0.493638 1.570835 -0.000104 3.141319 
0.595408 -0.006953 0.493638 1.570838 -0.000104 3.141319 
0.595407 -0.006952 0.493638 1.570841 -0.000104 3.141319 
0.595406 -0.006951 0.493638 1.570844 -0.000104 3.141319 
0.595407 -0.006952 0.493638 1.570841 -0.000104 3.141319 
0.595407 -0.006953 0.493638 1.570839 -0.000104 3.141319 
0.595407 -0.006953 0.493638 1.570838 -0.000104 3.141319 
0.595407 -0.006954 0.493638 1.570837 -0.000104 3.141319 
0.595408 -0.006954 0.493638 1.570836 -0.000104 3.141318 
0.595408 -0.006954 0.493638 1.570836 -0.000104 3.141318 
0.595408 -0.006954 0.493638 1.570837 -0.000104 3.141318 
0.595407 -0.006954 0.493638 1.570838 -0.000104 3.141318 
0.595407 -0.006953 0.493638 1.570838 -0.000104 3.141318 
0.595407 -0.006953 0.493638 1.570839 -0.000104 3.141318 
0.595407 -0.006952 0.493638 1.570840 -0.000103 3.141318 
0.595407 -0.006953 0.493638 1.570840 -0.000104 3.141318 
0.595407 -0.006953 0.493638 1.570839 -0.000103 3.141318 
0.595407 -0.006954 0.493638 1.570838 -0.000103 3.141318 
0.595408 -0.006954 0.493638 1.570837 -0.000104 3.141318 
0.595408 -0.006954 0.493637 1.570836 -0.000103 3.141318 
0.595408 -0.006955 0.493638 1.570836 -0.000103 3.141318 
0.595408 -0.006954 0.493637 1.570836 -0.000103 3.141318 
0.595408 -0.006954 0.493638 1.570837 -0.000103 3.141318 
0.595407 -0.006953 0.493638 1.570839 -0.000103 3.141318 
0.595407 -0.006953 0.493638 1.570839 -0.000103 3.141318 
0.595407 -0.006953 0.493638 1.570840 -0.000103 3.141318 
0.595407 -0.006953 0.493638 1.570839 -0.000103 3.141318 
0.595407 -0.006953 0.493638 1.570839 -0.000103 3.141318 
0.595408 -0.006954 0.493638 1.570838 -0.000103 3.141318 
0.595408 -0.006954 0.493637 1.570836 -0.000103 3.141318 
0.595408 -0.006955 0.493637 1.570836 -0.000103 3.141318 
0.595408 -0.006954 0.493637 1.570837 -0.000103 3.141317 
0.595408 -0.006954 0.493637 1.570837 -0.000103 3.141317 
0.595408 -0.006954 0.493637 1.570837 -0.000103 3.141318 
0.595407 -0.006953 0.493638 1.570839 -0.000103 3.141318 
0.595407 -0.006953 0.493637 1.570839 -0.000103 3.141318 
0.595407 -0.006953 0.493637 1.570839 -0.000103 3.141318 
0.595407 -0.006953 0.493637 1.570839 -0.000103 3.141318 
0.595408 -0.006953 0.493637 1.570839 -0.000103 3.141318 
0.595408 -0.006954 0.493637 1.570838 -0.000103 3.141318 
0.595408 -0.006954 0.493637 1.570837 -0.000103 3.141317 
0.595408 -0.006954 0.493637 1.570837 -0.000103 3.141317 
0.595408 -0.006954 0.493637 1.570837 -0.000103 3.141317 
0.595408 -0.006954 0.493637 1.570837 -0.000103 3.141317 
0.595408 -0.006954 0.493637 1.570838 -0.000103 3.141318 
0.595407 -0.006953 0.493637 1.570839 -0.000103 3.141318 
0.595407 -0.006953 0.493637 1.570840 -0.000103 3.141317 
0.595407 -0.006953 0.493637 1.570840 -0.000103 3.141318 
