0.076832 -0.017991 0.231733 0.999969 -0.007801 0.001118 -0.000872 
0.076822 -0.017992 0.231704 0.999969 -0.007771 0.001409 -0.000411 
0.076838 -0.017991 0.231761 0.999969 -0.007808 0.000831 -0.000986 
0.076834 -0.017988 0.231735 0.999968 -0.007813 0.001054 -0.000959 
0.076829 -0.017991 0.231741 0.999970 -0.007677 0.000939 -0.000671 
0.076837 -0.017994 0.231749 0.999969 -0.007786 0.001069 -0.000626 
0.076840 -0.017992 0.231770 0.999969 -0.007799 0.000761 -0.000908 
0.076855 -0.017995 0.231807 0.999969 -0.007787 0.000608 -0.001315 
0.076830 -0.017987 0.231749 0.999968 -0.007843 0.000656 -0.001168 
0.076845 -0.017992 0.231784 0.999969 -0.007714 0.000634 -0.001123 
0.076828 -0.017987 0.231710 0.999969 -0.007770 0.001377 -0.000505 
0.076836 -0.017989 0.231759 0.999968 -0.007868 0.000795 -0.001087 
0.076852 -0.017991 0.231806 0.999969 -0.007776 0.000557 -0.001063 
0.076826 -0.017987 0.231721 0.999970 -0.007648 0.001217 -0.000751 
0.076836 -0.017992 0.231743 0.999970 -0.007669 0.001084 -0.000716 
0.076844 -0.017990 0.231772 0.999969 -0.007812 0.000715 -0.000781 
0.076830 -0.017991 0.231747 0.999969 -0.007810 0.000832 -0.000630 
0.076836 -0.017986 0.231751 0.999968 -0.007801 0.001216 -0.001243 
0.076844 -0.017992 0.231779 0.999969 -0.007739 0.000905 -0.001012 
0.076836 -0.017988 0.231755 0.999969 -0.007768 0.000826 -0.000744 
0.076836 -0.017988 0.231745 0.999970 -0.007658 0.001054 -0.000540 
0.076825 -0.017990 0.231724 0.999970 -0.007648 0.000884 -0.000567 
0.076827 -0.017987 0.231734 0.999969 -0.007808 0.000728 -0.000984 
0.076841 -0.017988 0.231759 0.999969 -0.007809 0.000812 -0.000996 
0.076845 -0.017989 0.231776 0.999970 -0.007703 0.000660 -0.000738 
0.076837 -0.017991 0.231757 0.999970 -0.007671 0.000653 -0.000464 
0.076831 -0.017988 0.231728 0.999971 -0.007566 0.001044 -0.000410 
0.076838 -0.017991 0.231761 0.999969 -0.007770 0.000943 -0.001185 
0.076834 -0.017986 0.231753 0.999969 -0.007743 0.000821 -0.001039 
0.076847 -0.017994 0.231784 0.999969 -0.007813 0.000682 -0.001064 
0.076832 -0.017990 0.231725 0.999968 -0.007825 0.001230 -0.000625 
0.076826 -0.017989 0.231723 0.999968 -0.007804 0.001026 -0.001066 
0.076834 -0.017988 0.231745 0.999969 -0.007757 0.000954 -0.000810 
0.076819 -0.017983 0.231706 0.999968 -0.007831 0.001057 -0.001397 
0.076989 -0.018150 0.232242 0.999961 -0.008026 -0.002654 -0.002379 
0.077025 -0.017909 0.232227 0.999968 -0.007276 -0.002633 0.002124 
0.077003 -0.017952 0.232047 0.999969 -0.007592 -0.001800 0.000425 
0.076865 -0.017984 0.231720 0.999967 -0.008060 0.000000 -0.000866 
0.076891 -0.017991 0.231655 0.999968 -0.007927 0.000582 -0.001313 
0.076855 -0.017928 0.231561 0.999962 -0.008365 0.001168 -0.002025 
0.076862 -0.017958 0.231538 0.999966 -0.007994 0.001569 -0.001558 
0.076870 -0.017952 0.231573 0.999967 -0.007896 0.001356 -0.001080 
0.076878 -0.017961 0.231580 0.999971 -0.007553 0.001124 -0.000827 
0.076858 -0.017972 0.231520 0.999966 -0.007938 0.001778 -0.001195 
0.076890 -0.017987 0.231611 0.999967 -0.007901 0.001148 -0.001503 
0.076902 -0.017995 0.231656 0.999969 -0.007770 0.000779 -0.000874 
0.076911 -0.017994 0.231695 0.999965 -0.008055 0.000674 -0.002056 
0.076906 -0.017989 0.231671 0.999969 -0.007751 0.000732 -0.001017 
0.076905 -0.017994 0.231688 0.999969 -0.007823 0.000471 -0.000842 
0.076898 -0.017993 0.231644 0.999971 -0.007583 0.000911 -0.000363 
0.076885 -0.017985 0.231613 0.999970 -0.007733 0.000774 -0.000579 
0.076870 -0.017986 0.231568 0.999969 -0.007817 0.001093 -0.000564 
0.076869 -0.017978 0.231547 0.999970 -0.007604 0.001135 -0.000340 
0.076871 -0.017983 0.231570 0.999968 -0.007803 0.001073 -0.001163 
0.076891 -0.017994 0.231618 0.999968 -0.007868 0.000999 -0.000955 
0.076907 -0.017995 0.231678 0.999970 -0.007616 0.000761 -0.000863 
0.076901 -0.017988 0.231649 0.999970 -0.007659 0.000854 -0.000769 
0.076903 -0.017986 0.231658 0.999967 -0.007879 0.000736 -0.001842 
0.076888 -0.017987 0.231608 0.999970 -0.007681 0.001197 -0.000484 
0.076896 -0.017987 0.231630 0.999970 -0.007665 0.001090 -0.000737 
0.076903 -0.017988 0.231660 0.999969 -0.007735 0.000996 -0.000735 
0.076892 -0.017991 0.231619 0.999969 -0.007732 0.001008 -0.000475 
0.076915 -0.017992 0.231695 0.999970 -0.007710 0.000709 -0.000852 
0.076901 -0.017991 0.231655 0.999970 -0.007638 0.000994 -0.000724 
0.076888 -0.017990 0.231601 0.999970 -0.007674 0.001295 -0.000383 
0.076911 -0.017995 0.231692 0.999969 -0.007793 0.000744 -0.000640 
0.076914 -0.017994 0.231681 0.999971 -0.007585 0.000951 -0.000428 
0.076893 -0.017990 0.231634 0.999969 -0.007701 0.000988 -0.000934 
0.076910 -0.017996 0.231682 0.999970 -0.007631 0.000819 -0.000445 
0.076901 -0.017991 0.231653 0.999969 -0.007805 0.000929 -0.001055 
0.076907 -0.017996 0.231668 0.999970 -0.007673 0.001124 -0.000640 
0.076899 -0.017986 0.231638 0.999969 -0.007737 0.001169 -0.000676 
0.076907 -0.017993 0.231676 0.999969 -0.007774 0.000817 -0.000736 
0.076910 -0.017990 0.231678 0.999969 -0.007736 0.000756 -0.000966 
0.076916 -0.017996 0.231695 0.999968 -0.007890 0.000775 -0.001099 
0.076916 -0.017995 0.231707 0.999969 -0.007768 0.000454 -0.000816 
0.076915 -0.017990 0.231685 0.999969 -0.007777 0.000912 -0.001083 
0.076911 -0.017993 0.231695 0.999969 -0.007803 0.000523 -0.000959 
0.076951 -0.018045 0.231798 0.999971 -0.007646 0.000017 -0.000583 
0.076871 -0.017968 0.231583 0.999964 -0.008081 0.001449 -0.002190 
0.076894 -0.017928 0.231640 0.999967 -0.007858 0.001076 -0.001756 
0.076828 -0.017896 0.231592 0.999963 -0.008423 0.000379 -0.001852 
0.076669 -0.017934 0.231395 0.999959 -0.008499 -0.000623 -0.002929 
0.076322 -0.017924 0.230918 0.999956 -0.008569 -0.003000 -0.002265 
0.075872 -0.017934 0.230027 0.999946 -0.008603 -0.005008 -0.002816 
0.075305 -0.017951 0.228854 0.999939 -0.008657 -0.006003 -0.003209 
0.075042 -0.017932 0.228301 0.999945 -0.008524 -0.005651 -0.002128 
0.074998 -0.017934 0.228175 0.999938 -0.008910 -0.005950 -0.003030 
0.075061 -0.017991 0.228256 0.999952 -0.007748 -0.005796 -0.001708 
0.075043 -0.017993 0.228205 0.999951 -0.007944 -0.005403 -0.002381 
0.075063 -0.017996 0.228217 0.999955 -0.007749 -0.005288 -0.001385 
0.075038 -0.017977 0.228211 0.999945 -0.008342 -0.005261 -0.003426 
0.075106 -0.017998 0.228405 0.999947 -0.007947 -0.006287 -0.002013 
0.075112 -0.018001 0.228444 0.999943 -0.008277 -0.006542 -0.001453 
0.075154 -0.018005 0.228474 0.999942 -0.008105 -0.006882 -0.001721 
0.075168 -0.018015 0.228515 0.999940 -0.007852 -0.007631 -0.000587 
0.075165 -0.018030 0.228433 0.999942 -0.008019 -0.006969 -0.001891 
0.075179 -0.018042 0.228476 0.999944 -0.007832 -0.006988 -0.000990 
0.075206 -0.018025 0.228541 0.999941 -0.007768 -0.007528 -0.001151 
0.075178 -0.018031 0.228413 0.999944 -0.007738 -0.007187 -0.001135 
0.075157 -0.018032 0.228348 0.999945 -0.007983 -0.006515 -0.001771 
0.075148 -0.018012 0.228313 0.999950 -0.007771 -0.006170 -0.001340 
0.075104 -0.018016 0.228166 0.999949 -0.008074 -0.005523 -0.002361 
0.075103 -0.018009 0.228181 0.999950 -0.008079 -0.005338 -0.002672 
0.075124 -0.018002 0.228246 0.999948 -0.008086 -0.005714 -0.002338 
0.075109 -0.017983 0.228229 0.999950 -0.008030 -0.005731 -0.001614 
0.075151 -0.018005 0.228360 0.999942 -0.008225 -0.006774 -0.001584 
0.075179 -0.018002 0.228420 0.999944 -0.007795 -0.007121 -0.000338 
0.075169 -0.018008 0.228400 0.999945 -0.007727 -0.007043 -0.000268 
0.075216 -0.018032 0.228477 0.999944 -0.007531 -0.007384 -0.000672 
0.075173 -0.018024 0.228327 0.999947 -0.007844 -0.006613 -0.000911 
0.075193 -0.018039 0.228347 0.999946 -0.007876 -0.006617 -0.001233 
0.075190 -0.018029 0.228317 0.999948 -0.007598 -0.006689 -0.001120 
0.075155 -0.018021 0.228185 0.999950 -0.007803 -0.006059 -0.001278 
0.075166 -0.018025 0.228198 0.999950 -0.007876 -0.005916 -0.001593 
0.075156 -0.018003 0.228166 0.999949 -0.008177 -0.005366 -0.002515 
0.075160 -0.017993 0.228141 0.999951 -0.007939 -0.005664 -0.001503 
0.075152 -0.017998 0.228117 0.999954 -0.007947 -0.005259 -0.001407 
0.075174 -0.017996 0.228193 0.999950 -0.007970 -0.005879 -0.001467 
0.075187 -0.017992 0.228241 0.999949 -0.007967 -0.006030 -0.001291 
0.075197 -0.018014 0.228324 0.999947 -0.007931 -0.006561 -0.001010 
0.075231 -0.018005 0.228500 0.999947 -0.007789 -0.006324 -0.002387 
0.075236 -0.018001 0.228886 0.999940 -0.007837 -0.007222 -0.002599 
0.075195 -0.018012 0.229031 0.999938 -0.008022 -0.007075 -0.003062 
0.075196 -0.018001 0.229161 0.999935 -0.007804 -0.008201 -0.001488 
0.075203 -0.018006 0.229183 0.999931 -0.008215 -0.008053 -0.002256 
0.075208 -0.017989 0.229255 0.999928 -0.008161 -0.008616 -0.001734 
0.075224 -0.017995 0.229269 0.999929 -0.007791 -0.008979 -0.001172 
0.075239 -0.018009 0.229331 0.999926 -0.007767 -0.009248 -0.001540 
0.075218 -0.018001 0.229260 0.999930 -0.008047 -0.008456 -0.002037 
0.075220 -0.017985 0.229251 0.999930 -0.007932 -0.008512 -0.001925 
0.075211 -0.017995 0.229231 0.999928 -0.008063 -0.008714 -0.001712 
0.075214 -0.017997 0.229260 0.999929 -0.008055 -0.008623 -0.001632 
0.075212 -0.017999 0.229243 0.999930 -0.007994 -0.008584 -0.001815 
0.075226 -0.018003 0.229292 0.999926 -0.007924 -0.009035 -0.001813 
0.075214 -0.018004 0.229245 0.999931 -0.007918 -0.008615 -0.001320 
0.075229 -0.017998 0.229285 0.999929 -0.008064 -0.008460 -0.002255 
0.075213 -0.018002 0.229242 0.999929 -0.008016 -0.008588 -0.001852 
0.075225 -0.017999 0.229285 0.999926 -0.007994 -0.008895 -0.002033 
0.075230 -0.018001 0.229296 0.999926 -0.007934 -0.009078 -0.001784 
0.075210 -0.017988 0.229234 0.999929 -0.008063 -0.008558 -0.002050 
0.075222 -0.017999 0.229276 0.999926 -0.007979 -0.008955 -0.001865 
0.075207 -0.017996 0.229228 0.999930 -0.008097 -0.008393 -0.002186 
0.075220 -0.017994 0.229271 0.999927 -0.007976 -0.008824 -0.001923 
0.075221 -0.018004 0.229267 0.999930 -0.007931 -0.008610 -0.001538 
0.075227 -0.017993 0.229282 0.999926 -0.008157 -0.008689 -0.002233 
0.075205 -0.017993 0.229226 0.999930 -0.007944 -0.008600 -0.001468 
0.075212 -0.017995 0.229237 0.999931 -0.007983 -0.008462 -0.001292 
0.075213 -0.017994 0.229246 0.999928 -0.008009 -0.008573 -0.002382 
0.075219 -0.017999 0.229258 0.999931 -0.007920 -0.008516 -0.001810 
0.075222 -0.017997 0.229276 0.999927 -0.007908 -0.008944 -0.001810 
0.075219 -0.017993 0.229258 0.999931 -0.007851 -0.008521 -0.001858 
0.075219 -0.017997 0.229266 0.999928 -0.007994 -0.008774 -0.001665 
0.075211 -0.017998 0.229227 0.999932 -0.007879 -0.008479 -0.001089 
0.075221 -0.017995 0.229257 0.999930 -0.007949 -0.008499 -0.001955 
0.075217 -0.017995 0.229249 0.999930 -0.007832 -0.008775 -0.001396 
0.075212 -0.017994 0.229235 0.999932 -0.007881 -0.008389 -0.001678 
0.075227 -0.017995 0.229284 0.999927 -0.007963 -0.008876 -0.001871 
0.075227 -0.018003 0.229278 0.999927 -0.007970 -0.008972 -0.001119 
0.075226 -0.018000 0.229291 0.999928 -0.007960 -0.008897 -0.001358 
0.075229 -0.017997 0.229288 0.999927 -0.008186 -0.008607 -0.002379 
0.075219 -0.018000 0.229260 0.999929 -0.007889 -0.008823 -0.001149 
0.075218 -0.017997 0.229246 0.999932 -0.007925 -0.008481 -0.001188 
0.075232 -0.017994 0.229302 0.999925 -0.008192 -0.008725 -0.002448 
0.075226 -0.017990 0.229279 0.999925 -0.008098 -0.008869 -0.002305 
0.075221 -0.017993 0.229256 0.999926 -0.007984 -0.008986 -0.001655 
0.075230 -0.017993 0.229293 0.999925 -0.008053 -0.008986 -0.001895 
0.075208 -0.017983 0.229232 0.999930 -0.007973 -0.008506 -0.001771 
0.075208 -0.017988 0.229209 0.999932 -0.007906 -0.008430 -0.001560 
0.075216 -0.017986 0.229242 0.999928 -0.007989 -0.008720 -0.001926 
0.075218 -0.017994 0.229246 0.999928 -0.008158 -0.008551 -0.001884 
0.075221 -0.017991 0.229264 0.999930 -0.008037 -0.008433 -0.002005 
0.075219 -0.017996 0.229255 0.999928 -0.007947 -0.008807 -0.001508 
0.075218 -0.017991 0.229256 0.999930 -0.008011 -0.008575 -0.001801 
0.075212 -0.017985 0.229231 0.999931 -0.008026 -0.008333 -0.002151 
0.075218 -0.017996 0.229249 0.999927 -0.007966 -0.008922 -0.001452 
0.075222 -0.017994 0.229279 0.999924 -0.008093 -0.009033 -0.002041 
0.075222 -0.017994 0.229261 0.999928 -0.008023 -0.008688 -0.002014 
0.075217 -0.017997 0.229255 0.999928 -0.007835 -0.008972 -0.001539 
0.075216 -0.017995 0.229245 0.999929 -0.007793 -0.008923 -0.001249 
NaN NaN NaN NaN NaN NaN NaN 
