0.000006 0.000006 -0.000007 -0.000031 0.000024 0.000000 
0.000001 -0.000002 -0.000004 0.000035 -0.000007 -0.000006 
-0.000000 0.000000 0.000006 -0.000032 0.000002 0.000000 
-0.000001 0.000002 -0.000004 0.000016 -0.000010 0.000012 
-0.000001 -0.000002 0.000010 0.000012 -0.000008 -0.000012 
0.000001 0.000003 -0.000002 -0.000022 0.000008 0.000012 
0.000001 0.000002 -0.000013 0.000018 0.000001 0.000012 
-0.000001 0.000002 0.000008 -0.000029 -0.000003 0.000006 
-0.000001 -0.000007 -0.000000 -0.000000 0.000000 -0.000042 
-0.000004 -0.000004 -0.000006 0.000023 -0.000001 0.000006 
0.000004 0.000006 0.000008 -0.000010 -0.000006 0.000030 
0.000000 0.000001 0.000000 0.000010 -0.000001 -0.000006 
-0.000001 -0.000004 -0.000000 -0.000019 0.000003 -0.000018 
0.000002 0.000006 -0.000004 -0.000006 0.000010 0.000012 
0.000006 0.000005 -0.000008 0.000029 0.000003 0.000018 
-0.000001 0.000004 0.000004 -0.000013 -0.000008 0.000018 
-0.000004 -0.000009 -0.000004 0.000013 0.000007 -0.000024 
0.000009 0.000011 0.000010 -0.000017 -0.000010 0.000006 
-0.000010 -0.000009 -0.000002 -0.000012 0.000007 -0.000012 
0.000007 0.000011 0.000000 -0.000000 0.000000 0.000006 
-0.000008 -0.000004 0.000000 0.000017 -0.000015 0.000018 
0.000000 -0.000006 -0.000008 0.000010 0.000006 -0.000012 
-0.000002 -0.000004 0.000008 -0.000020 -0.000004 -0.000006 
-0.000001 -0.000006 -0.000004 0.000005 0.000021 -0.000006 
0.000003 0.000007 -0.000004 0.000015 -0.000016 0.000006 
0.000008 0.000010 0.000008 0.000009 -0.000009 0.000006 
0.000010 0.000019 -0.000004 -0.000025 0.000013 0.000042 
0.000006 0.000008 -0.000000 -0.000003 -0.000018 0.000006 
0.000012 0.000007 -0.000012 -0.000001 0.000047 0.000024 
-0.000016 -0.000016 0.000008 0.000023 -0.000041 -0.000042 
-0.000017 -0.000020 0.000002 -0.000044 0.000002 -0.000036 
-0.000004 -0.000007 -0.000002 0.000016 0.000002 -0.000006 
-0.000007 -0.000015 -0.000000 0.000003 0.000018 -0.000012 
0.000016 0.000023 -0.000008 -0.000009 0.000009 0.000024 
-0.000003 -0.000003 -0.000000 0.000016 -0.000021 -0.000000 
-0.000000 0.000003 0.000004 -0.000033 0.000025 0.000012 
0.000008 0.000002 -0.000012 0.000014 0.000015 0.000000 
-0.000002 0.000006 0.000010 -0.000001 -0.000030 -0.000000 
0.000003 0.000004 -0.000006 -0.000028 0.000018 0.000012 
-0.000003 -0.000006 -0.000010 0.000026 0.000008 -0.000024 
0.000000 -0.000001 0.000004 -0.000026 0.000006 0.000000 
0.000009 0.000013 -0.000007 -0.000021 0.000022 0.000018 
-0.000004 -0.000009 0.000006 0.000028 -0.000018 -0.000012 
-0.000016 -0.000021 0.000000 -0.000002 -0.000012 -0.000036 
-0.000000 0.000003 0.000004 -0.000005 -0.000003 -0.000006 
-0.000004 -0.000008 -0.000004 0.000005 0.000003 -0.000000 
0.000000 0.000001 0.000000 -0.000009 0.000001 -0.000012 
0.000004 0.000007 -0.000006 -0.000012 -0.000002 0.000006 
0.000005 0.000007 -0.000000 0.000000 -0.000000 0.000024 
-0.000005 -0.000007 0.000000 -0.000000 0.000000 -0.000024 
0.000005 0.000009 0.000000 -0.000009 0.000001 0.000012 
0.000004 0.000010 0.000008 -0.000001 -0.000007 0.000030 
-0.000002 -0.000005 -0.000002 0.000019 -0.000010 -0.000018 
0.000001 0.000004 0.000000 -0.000028 0.000004 0.000000 
-0.000003 -0.000000 0.000002 0.000015 -0.000020 0.000018 
-0.000002 -0.000005 -0.000002 -0.000001 0.000017 -0.000006 
-0.000006 -0.000006 -0.000006 -0.000007 -0.000008 -0.000042 
-0.000001 -0.000009 -0.000002 -0.000003 0.000005 -0.000006 
-0.000001 0.000007 0.000010 0.000002 -0.000013 0.000030 
0.000007 0.000004 -0.000012 0.000004 0.000016 -0.000006 
-0.000005 -0.000002 0.000008 -0.000001 -0.000008 0.000012 
0.000004 0.000002 -0.000000 -0.000000 0.000000 -0.000012 
-0.000001 0.000006 -0.000004 -0.000035 -0.000009 0.000000 
0.000002 -0.000004 0.000002 0.000025 0.000010 0.000012 
0.000003 0.000012 -0.000004 0.000003 -0.000015 0.000024 
-0.000008 -0.000012 0.000016 -0.000002 -0.000015 -0.000036 
0.000004 -0.000000 -0.000010 0.000002 0.000024 0.000000 
-0.000001 0.000010 0.000012 -0.000001 -0.000042 0.000030 
-0.000000 -0.000004 -0.000012 -0.000032 0.000034 -0.000005 
-0.000001 -0.000007 -0.000006 0.000018 -0.000001 -0.000024 
-0.000007 0.000006 0.000008 -0.000022 -0.000022 0.000024 
0.000003 -0.000010 -0.000006 0.000027 0.000011 -0.000030 
0.000004 0.000015 0.000004 -0.000019 -0.000013 0.000024 
-0.000007 -0.000008 0.000002 0.000011 -0.000001 -0.000006 
0.000004 0.000007 0.000002 -0.000016 -0.000002 0.000006 
0.000011 0.000015 0.000000 -0.000002 0.000006 0.000012 
-0.000010 -0.000012 -0.000002 -0.000001 -0.000001 -0.000018 
-0.000006 -0.000013 -0.000006 0.000010 -0.000005 -0.000012 
0.000003 0.000005 0.000002 -0.000016 0.000015 0.000018 
-0.000004 -0.000007 0.000002 0.000001 -0.000017 -0.000042 
0.000000 0.000011 -0.000004 -0.000008 -0.000008 0.000048 
0.000001 -0.000004 0.000004 0.000009 0.000007 -0.000018 
-0.000003 -0.000009 -0.000002 -0.000001 0.000017 -0.000018 
0.000005 0.000008 0.000000 0.000010 -0.000001 0.000006 
-0.000000 -0.000001 -0.000000 -0.000010 0.000001 0.000006 
0.000004 0.000004 -0.000000 0.000019 -0.000003 0.000012 
0.000006 0.000009 -0.000008 0.000001 0.000007 0.000018 
-0.000000 0.000001 0.000006 -0.000023 0.000001 -0.000006 
-0.000009 -0.000014 -0.000008 0.000029 0.000003 -0.000012 
0.000001 0.000008 0.000010 -0.000019 -0.000022 0.000006 
0.000002 0.000002 -0.000004 -0.000015 0.000012 0.000012 
-0.000007 -0.000010 0.000006 0.000018 -0.000017 -0.000024 
0.000006 0.000003 -0.000006 0.000012 0.000007 -0.000006 
-0.000004 -0.000001 0.000002 -0.000027 0.000005 0.000006 
0.000003 -0.000004 -0.000004 0.000026 -0.000006 -0.000006 
0.000008 0.000023 0.000004 -0.000026 0.000006 0.000042 
-0.000005 -0.000015 -0.000010 0.000037 0.000001 -0.000018 
-0.000012 -0.000011 0.000008 -0.000050 -0.000012 -0.000036 
0.000012 0.000019 0.000004 0.000016 0.000006 0.000030 
-0.000010 -0.000021 -0.000000 0.000016 -0.000021 -0.000042 
0.000005 0.000009 -0.000008 -0.000025 0.000030 0.000012 
0.000003 0.000009 0.000006 0.000004 -0.000016 -0.000000 
0.000000 -0.000003 -0.000004 0.000005 0.000003 0.000012 
-0.000003 -0.000002 -0.000004 0.000004 -0.000003 -0.000000 
-0.000002 -0.000007 -0.000004 0.000005 0.000003 -0.000012 
0.000004 0.000010 0.000014 -0.000002 -0.000010 0.000018 
-0.000004 -0.000004 -0.000002 -0.000003 0.000005 -0.000006 
0.000007 0.000005 -0.000014 -0.000016 0.000019 0.000012 
0.000001 0.000006 -0.000004 0.000039 -0.000032 0.000012 
-0.000003 -0.000007 0.000017 -0.000032 0.000015 -0.000024 
-0.000001 0.000003 -0.000012 0.000013 -0.000009 0.000024 
-0.000002 -0.000005 0.000006 0.000017 -0.000011 -0.000006 
-0.000708 0.000563 -0.000757 -0.002164 -0.004543 0.000580 
-0.001749 0.005650 -0.025213 -0.025889 -0.004233 0.005887 
-0.002321 0.002952 -0.046230 -0.008409 -0.011694 0.003671 
-0.001379 0.003016 -0.052067 -0.016089 -0.002418 0.002142 
0.000903 -0.000184 -0.053830 -0.005058 0.022593 -0.000400 
0.004908 0.001541 -0.045784 -0.005823 0.039916 0.003378 
0.008314 0.000927 -0.034365 0.009606 0.050711 0.004194 
0.004969 -0.000375 -0.021219 0.017046 0.027075 0.002842 
0.000705 -0.000923 -0.006721 0.018286 -0.004153 0.002657 
-0.002547 0.000668 0.007591 0.017598 -0.031117 0.005531 
-0.007134 -0.003463 0.018226 0.023009 -0.051389 -0.000986 
-0.007740 -0.000947 0.028820 0.019327 -0.059882 0.003496 
-0.010048 -0.000589 0.038845 0.013522 -0.073835 0.002543 
-0.009039 0.000957 0.039062 -0.007147 -0.061733 -0.000393 
-0.004648 0.001845 0.039070 -0.019519 -0.031063 -0.002494 
0.003260 0.003116 0.036990 -0.026169 0.021680 -0.001236 
0.006470 0.001217 0.035700 -0.028593 0.048745 -0.005755 
0.008500 0.000508 0.031898 -0.027891 0.064244 -0.007254 
0.009932 -0.001294 0.022950 -0.018286 0.075956 -0.007540 
0.005220 -0.002691 0.016933 -0.012170 0.049552 -0.008069 
0.000812 -0.001314 0.009839 -0.006077 0.015651 -0.003354 
-0.002212 -0.000208 0.004185 -0.005509 -0.008467 -0.001334 
-0.001935 -0.000468 -0.000352 0.000170 -0.009267 -0.000470 
-0.002449 0.000961 -0.002116 -0.002004 -0.016051 0.001833 
-0.003448 0.000870 -0.006611 -0.003803 -0.021702 0.000590 
-0.002202 0.000819 -0.011516 -0.004336 -0.014085 0.000228 
-0.002633 0.000798 -0.011211 -0.003931 -0.016896 0.000358 
-0.002840 0.000391 -0.009003 -0.001839 -0.017277 0.000260 
0.000004 -0.000454 -0.008837 0.000403 0.002389 -0.000646 
0.001221 -0.001469 -0.008810 0.003813 0.012244 -0.001538 
0.001157 -0.001318 -0.007465 0.004857 0.010804 -0.000966 
0.000855 -0.000767 -0.004611 0.004879 0.006667 0.000171 
0.000428 -0.000570 -0.003918 0.005615 0.002626 0.000589 
0.000336 -0.000355 -0.003013 0.005254 0.001497 0.000982 
-0.000026 0.000209 -0.001017 0.002335 -0.000561 0.001439 
-0.000044 0.000142 -0.000112 0.000494 0.000092 0.000680 
-0.000451 -0.000405 0.000731 0.000961 -0.001596 -0.000379 
-0.000870 -0.000610 0.001748 0.002341 -0.004778 -0.000462 
-0.001144 -0.000509 0.002893 0.003589 -0.007300 0.000193 
-0.001436 -0.000741 0.003550 0.003697 -0.008427 -0.000279 
-0.001232 -0.000492 0.003109 0.002683 -0.007879 -0.000150 
-0.001049 -0.000239 0.003000 0.003181 -0.007933 0.000446 
-0.000804 -0.000191 0.002880 0.003706 -0.007051 0.000569 
-0.000383 -0.000279 0.001881 0.002785 -0.003782 0.000103 
0.000478 0.000179 0.000859 0.000867 0.002162 0.000679 
0.000959 0.000289 0.000116 -0.001337 0.006149 0.000222 
0.001466 0.000523 0.000202 -0.002272 0.009346 0.000473 
0.001515 0.000521 0.000418 -0.002370 0.009580 0.000447 
0.000927 0.000383 0.000182 -0.001268 0.005679 0.000453 
0.000611 0.000192 -0.000064 -0.000605 0.003655 0.000214 
0.000410 0.000335 -0.000243 -0.000769 0.002167 0.000468 
0.000084 0.000328 -0.000151 -0.001011 0.000391 0.000461 
-0.000011 0.000075 -0.000072 -0.000572 0.000118 -0.000006 
-0.000054 -0.000093 -0.000017 -0.000013 -0.000131 -0.000204 
-0.000057 -0.000053 0.000008 -0.000027 -0.000239 -0.000114 
-0.000073 -0.000039 0.000021 -0.000045 -0.000264 -0.000096 
-0.000074 -0.000001 0.000087 -0.000114 -0.000348 -0.000018 
-0.000091 0.000050 0.000284 -0.000417 -0.000581 -0.000030 
-0.000041 0.000146 0.000461 -0.000692 -0.000393 0.000091 
-0.000040 0.000024 0.000257 -0.000349 -0.000239 -0.000054 
-0.000012 0.000013 0.000067 -0.000154 -0.000079 -0.000029 
-0.000000 0.000009 0.000004 -0.000014 0.000016 0.000006 
0.000026 0.000043 -0.000015 -0.000022 0.000018 0.000072 
0.000008 0.000042 -0.000021 -0.000080 -0.000063 0.000061 
0.000029 0.000044 -0.000028 -0.000059 0.000067 0.000049 
-0.000005 0.000015 0.000031 -0.000054 -0.000040 0.000018 
-0.000041 0.000028 0.000149 -0.000186 -0.000246 0.000006 
-0.000048 0.000052 0.000256 -0.000424 -0.000304 -0.000029 
0.000006 0.000077 0.000148 -0.000549 0.000091 0.000016 
0.000016 0.000033 0.000043 -0.000332 0.000155 -0.000039 
0.000011 0.000007 -0.000028 -0.000215 0.000121 -0.000057 
0.000008 0.000014 -0.000002 -0.000113 0.000071 -0.000017 
0.000024 0.000044 0.000013 -0.000231 0.000136 0.000032 
0.000034 0.000064 -0.000047 -0.000357 0.000228 0.000016 
0.000023 0.000050 -0.000003 -0.000337 0.000150 0.000009 
-0.000000 0.000046 0.000081 -0.000330 0.000027 0.000002 
-0.000014 0.000049 0.000149 -0.000241 -0.000145 0.000024 
0.000012 0.000050 0.000099 -0.000219 -0.000016 0.000007 
0.000029 0.000050 0.000002 -0.000283 0.000172 0.000015 
0.000041 0.000047 -0.000033 -0.000351 0.000296 -0.000008 
0.000089 0.000086 -0.000133 -0.000455 0.000540 0.000036 
0.000033 0.000026 -0.000054 -0.000272 0.000256 -0.000014 
-0.000007 0.000012 0.000004 -0.000181 0.000034 -0.000040 
0.000005 0.000010 -0.000003 -0.000133 0.000078 -0.000017 
0.000007 0.000010 -0.000014 -0.000261 0.000172 -0.000039 
-0.000013 0.000054 0.000064 -0.000351 -0.000083 -0.000009 
-0.000024 0.000017 0.000081 -0.000162 -0.000124 0.000018 
0.000004 -0.000009 0.000040 -0.000118 0.000013 -0.000107 
-0.000004 -0.000018 0.000010 -0.000040 -0.000026 -0.000048 
0.000018 0.000021 -0.000029 -0.000152 0.000096 -0.000016 
0.000042 0.000036 -0.000093 -0.000197 0.000271 0.000003 
0.000037 0.000054 -0.000064 -0.000215 0.000183 0.000045 
0.000020 0.000037 0.000017 -0.000091 0.000044 0.000043 
-0.000016 0.000000 0.000035 -0.000035 -0.000077 0.000006 
-0.000016 -0.000010 0.000033 -0.000054 -0.000051 -0.000066 
-0.000004 0.000018 0.000030 -0.000102 -0.000029 0.000043 
-0.000006 0.000002 0.000009 -0.000072 -0.000005 -0.000035 
-0.000030 -0.000056 0.000006 -0.000058 -0.000043 -0.000143 
-0.000020 -0.000037 0.000017 -0.000028 -0.000076 -0.000120 
-0.000010 -0.000050 0.000010 -0.000004 -0.000030 -0.000114 
-0.000007 0.000011 0.000021 -0.000043 -0.000072 0.000006 
0.000001 0.000022 0.000023 -0.000034 -0.000036 0.000036 
0.000004 0.000016 0.000028 -0.000081 0.000009 0.000018 
-0.000003 0.000023 0.000027 -0.000030 -0.000064 0.000030 
0.000004 0.000022 0.000020 -0.000038 -0.000014 0.000036 
0.000003 0.000018 0.000029 -0.000046 -0.000031 0.000000 
-0.000007 0.000009 0.000027 -0.000039 -0.000039 0.000030 
-0.000016 -0.000008 0.000028 -0.000080 -0.000021 -0.000036 
-0.000000 -0.000002 0.000004 -0.000016 0.000004 -0.000030 
-0.000011 -0.000014 0.000020 -0.000021 -0.000028 -0.000018 
-0.000002 -0.000001 0.000018 -0.000023 -0.000035 -0.000018 
-0.000005 -0.000009 0.000008 -0.000022 0.000001 -0.000024 
0.000013 0.000014 -0.000005 -0.000052 0.000039 0.000007 
0.000006 0.000014 -0.000011 -0.000052 0.000047 0.000019 
0.000009 0.000014 -0.000007 -0.000053 0.000038 0.000013 
0.000008 0.000010 -0.000013 -0.000036 0.000050 0.000013 
0.000004 0.000004 0.000006 -0.000013 -0.000001 0.000000 
-0.000000 0.000011 0.000012 -0.000040 -0.000006 0.000024 
0.000002 0.000008 -0.000007 -0.000034 0.000035 0.000000 
0.000002 0.000006 0.000014 -0.000025 -0.000013 0.000018 
-0.000003 -0.000011 -0.000009 -0.000049 0.000048 -0.000053 
0.000001 -0.000004 -0.000004 -0.000006 0.000010 -0.000012 
-0.000003 -0.000038 -0.000017 -0.000050 0.000062 -0.000107 
0.000012 0.000024 -0.000017 -0.000021 0.000021 0.000060 
0.000022 0.000015 -0.000041 -0.000074 0.000127 -0.000011 
0.000011 0.000019 -0.000028 -0.000060 0.000061 0.000025 
-0.000005 0.000000 0.000010 -0.000018 -0.000004 0.000000 
0.000002 0.000006 0.000008 -0.000001 -0.000007 0.000030 
-0.000000 0.000003 0.000012 -0.000025 0.000010 -0.000006 
-0.000007 -0.000000 0.000019 -0.000030 -0.000039 -0.000024 
0.000003 0.000003 -0.000004 -0.000017 0.000018 0.000012 
-0.000005 -0.000006 0.000000 -0.000022 0.000003 -0.000018 
0.000014 0.000011 -0.000013 0.000007 0.000032 0.000006 
0.000002 0.000004 -0.000011 -0.000028 0.000015 0.000012 
0.000009 0.000011 -0.000005 -0.000017 0.000041 0.000006 
-0.000004 -0.000003 -0.000011 -0.000032 0.000021 -0.000012 
0.000008 0.000022 0.000008 -0.000010 -0.000006 0.000042 
-0.000006 -0.000008 0.000004 0.000012 -0.000018 0.000018 
0.000000 0.000015 0.000008 -0.000018 -0.000011 0.000012 
-0.000007 -0.000015 0.000019 -0.000017 -0.000016 -0.000036 
-0.000001 0.000007 0.000014 -0.000043 -0.000004 -0.000006 
0.000002 -0.000002 -0.000002 0.000006 0.000004 -0.000000 
0.000001 -0.000004 -0.000004 -0.000006 0.000010 -0.000030 
0.000006 0.000010 0.000002 0.000022 -0.000008 0.000036 
-0.000002 -0.000002 -0.000004 -0.000018 -0.000006 -0.000024 
-0.000004 -0.000001 0.000000 -0.000009 0.000001 0.000012 
0.000003 0.000008 -0.000002 0.000008 0.000010 0.000012 
-0.000002 0.000001 0.000006 0.000006 -0.000016 0.000018 
-0.000003 0.000018 0.000004 -0.000014 -0.000020 0.000042 
-0.000003 -0.000014 0.000016 -0.000000 -0.000003 -0.000030 
-0.000012 -0.000011 0.000006 -0.000023 -0.000017 -0.000030 
0.000001 -0.000005 0.000012 0.000003 -0.000012 -0.000012 
0.000002 -0.000004 0.000004 -0.000034 0.000019 -0.000030 
0.000005 0.000008 -0.000004 -0.000008 -0.000001 0.000018 
-0.000003 -0.000008 -0.000000 -0.000000 0.000000 -0.000006 
0.000027 -0.000022 -0.000163 0.000451 0.000046 0.000225 
0.001738 0.000426 -0.005912 0.009301 0.004536 0.005650 
0.003119 -0.000102 -0.012781 0.017819 0.009567 0.004325 
0.003195 -0.000920 -0.015931 0.022216 0.011673 0.004226 
0.003472 0.000282 -0.015027 0.020155 0.011439 0.006135 
0.003952 0.001090 -0.015235 0.019902 0.012059 0.007435 
0.004498 0.001516 -0.016655 0.021412 0.013437 0.008147 
0.005353 0.003147 -0.017143 0.020971 0.014485 0.009981 
0.006510 0.005721 -0.016690 0.020261 0.014214 0.000671 
0.008265 0.010977 -0.013891 0.016903 0.012072 -0.010220 
0.010219 0.019319 -0.010112 0.012217 0.008800 -0.009211 
0.012528 0.028281 -0.006935 0.008371 0.006111 -0.002677 
0.015631 0.039436 -0.003868 0.003174 0.004616 -0.002086 
0.019849 0.053456 -0.000624 -0.000885 0.002008 -0.001603 
0.022656 0.063026 0.002094 -0.002105 -0.001674 -0.010938 
0.026004 0.076129 0.006325 -0.004693 -0.006811 -0.016637 
0.030095 0.090300 0.011413 -0.010564 -0.011368 -0.019368 
0.036023 0.106514 0.012356 -0.012736 -0.011245 -0.019096 
0.042282 0.122813 0.012908 -0.014788 -0.010795 -0.015615 
0.047720 0.137843 0.012770 -0.014738 -0.010612 -0.014138 
0.054594 0.156166 0.011713 -0.012981 -0.010085 -0.008292 
0.060512 0.172962 0.011141 -0.011332 -0.009937 -0.004124 
0.066589 0.190547 0.011710 -0.012071 -0.010261 0.001499 
0.071726 0.207728 0.011623 -0.012087 -0.010352 0.005414 
0.076933 0.223685 0.011008 -0.010470 -0.010376 0.010824 
0.081711 0.239462 0.011372 -0.010347 -0.010336 0.013697 
0.086308 0.253743 0.010875 -0.003212 -0.008840 0.021683 
0.089230 0.263176 0.010282 -0.003486 -0.005684 0.009042 
0.091698 0.269321 0.009144 -0.002768 -0.000278 -0.000660 
0.091847 0.277729 0.008796 -0.003372 -0.000327 -0.000464 
0.091479 0.285086 0.007602 -0.001276 -0.000051 -0.004879 
0.091219 0.292156 0.006619 -0.000955 0.001104 0.002992 
0.092196 0.298596 0.006487 -0.000984 0.001264 0.010844 
0.092702 0.302848 0.007089 -0.002441 0.001178 0.011820 
0.092239 0.308020 0.007154 -0.004387 -0.000606 0.012500 
0.091356 0.310190 0.006108 -0.002478 -0.000062 0.018679 
0.089523 0.311794 0.007129 -0.004361 -0.001560 0.022667 
0.086665 0.309693 0.006785 -0.003496 -0.005418 0.016407 
0.083288 0.304388 0.006004 -0.001879 -0.005101 0.006359 
0.079909 0.299525 0.005078 -0.000155 -0.004030 0.000699 
0.077383 0.299135 0.005042 -0.000074 -0.005027 0.001826 
0.076595 0.301178 0.005233 -0.000506 -0.003992 0.004925 
0.075445 0.301330 0.005210 -0.000689 -0.003322 0.004172 
0.072838 0.298797 0.005334 -0.000950 -0.003668 -0.001717 
0.070564 0.296134 0.004249 0.000733 -0.001298 -0.005392 
0.068077 0.293847 0.004148 0.000609 -0.000642 -0.009758 
0.066169 0.292120 0.004010 0.002863 -0.001812 -0.013543 
0.064557 0.291826 0.003300 0.005411 0.000231 -0.012788 
0.061872 0.289762 0.003740 0.004087 0.000226 -0.017900 
0.060134 0.290970 0.004107 0.004114 -0.001533 -0.015620 
0.059479 0.295654 0.004336 0.002236 -0.001416 -0.006769 
0.059520 0.297146 0.004455 0.002923 0.000772 -0.005254 
0.058478 0.298339 0.004729 0.001984 -0.000200 -0.004063 
0.056402 0.298767 0.004001 0.002486 -0.000294 -0.002256 
0.054515 0.298066 0.003007 0.004540 0.001124 -0.002356 
0.052657 0.298031 0.003283 0.003136 0.000903 -0.003871 
0.051057 0.297671 0.003289 0.004847 -0.000099 -0.004152 
0.049273 0.295788 0.003841 0.008279 0.001170 -0.007748 
0.046258 0.295667 0.005389 0.006473 -0.002623 -0.006527 
0.044834 0.299697 0.005407 0.005229 -0.004547 0.002100 
0.044142 0.302245 0.005424 0.001398 -0.003724 0.005681 
0.043049 0.303380 0.006036 -0.001175 -0.005173 0.005801 
0.041580 0.303308 0.006101 -0.002136 -0.005389 0.003243 
0.039233 0.302002 0.004542 -0.001849 -0.003385 0.002411 
0.036864 0.300393 0.004118 -0.002118 -0.004017 0.001788 
0.035001 0.300368 0.004903 -0.003613 -0.004909 0.000293 
0.033532 0.299221 0.004460 -0.002537 -0.003446 -0.001083 
0.031829 0.298243 0.005363 -0.004364 -0.002700 -0.004118 
0.030164 0.300570 0.005064 -0.005663 -0.003209 0.000010 
0.028897 0.302731 0.003856 -0.005030 -0.003188 0.004554 
0.028449 0.302909 0.003983 -0.004040 -0.001688 0.005048 
0.027342 0.302337 0.003681 -0.002967 -0.001742 0.003084 
0.024862 0.300125 0.002678 -0.000999 -0.001917 -0.000178 
0.022837 0.297519 0.001894 0.000895 -0.000481 -0.002550 
0.020343 0.296712 0.002665 0.001108 -0.002459 -0.005014 
0.018852 0.296052 0.003074 0.001436 -0.002223 -0.006021 
0.017799 0.295591 0.004091 0.000939 -0.000917 -0.006838 
0.015542 0.297536 0.004766 -0.001501 -0.004079 -0.003530 
0.013827 0.298325 0.003650 0.000137 -0.003326 0.001150 
0.012881 0.298839 0.003594 0.000108 -0.000982 0.001609 
0.011910 0.298055 0.003845 0.003270 -0.001132 -0.000905 
0.010920 0.297324 0.003605 0.005335 0.002568 -0.001411 
0.008800 0.295282 0.002992 0.005445 0.006249 -0.003484 
0.006379 0.293731 0.003033 0.005662 0.003907 -0.004914 
0.004416 0.294255 0.003742 0.003354 0.001984 -0.003892 
0.003010 0.294767 0.004146 0.002503 0.000857 -0.002625 
0.002173 0.296348 0.004775 0.000933 0.001053 -0.001298 
-0.000393 0.297555 0.004234 0.001885 -0.001717 0.002438 
-0.001615 0.296919 0.003002 0.003266 0.000441 0.002188 
-0.002561 0.297169 0.003364 0.000648 0.001400 0.002426 
-0.004137 0.297292 0.003506 -0.001000 0.000669 0.001632 
-0.005995 0.295149 0.003315 -0.000854 0.002135 -0.000994 
-0.008291 0.292915 0.003199 -0.000773 0.002297 -0.003265 
-0.010865 0.292845 0.003559 -0.000925 0.000008 -0.003306 
-0.012146 0.294278 0.003988 -0.001482 0.001159 0.000298 
-0.012773 0.295659 0.004036 -0.002686 0.002430 0.003292 
-0.014830 0.295727 0.004215 -0.002912 0.000574 0.003701 
-0.016757 0.294876 0.003307 -0.001291 0.000960 0.004803 
-0.017949 0.294378 0.003331 -0.002517 0.002814 0.004213 
-0.019188 0.293490 0.003955 -0.002518 0.001459 0.000332 
-0.020769 0.292407 0.003691 -0.001649 0.001395 -0.000641 
-0.022845 0.290410 0.003702 -0.002378 0.002272 -0.002605 
-0.024724 0.289031 0.003519 -0.001622 0.002033 -0.003679 
-0.026458 0.290572 0.003572 -0.002497 0.002404 0.000799 
-0.027220 0.291888 0.003479 -0.002576 0.003600 0.003506 
-0.028170 0.290522 0.003666 -0.001281 0.000682 -0.001069 
-0.030961 0.290343 0.003109 -0.000230 -0.002543 0.001160 
-0.032037 0.288729 0.002074 0.002130 -0.000397 -0.000206 
-0.033448 0.287261 0.002669 0.000664 -0.000845 -0.003297 
-0.035460 0.287223 0.003378 0.001015 -0.002268 -0.001635 
-0.036640 0.284763 0.003080 0.002067 -0.000951 -0.004941 
-0.038977 0.283083 0.003334 0.001211 -0.001665 -0.006945 
-0.040990 0.283785 0.003381 0.002817 -0.002902 -0.004270 
-0.042122 0.285622 0.003076 0.001445 -0.001264 0.000043 
-0.043125 0.286220 0.003279 0.001231 -0.001578 0.001547 
-0.044784 0.285553 0.003826 0.000958 -0.002658 0.000695 
-0.046567 0.284786 0.003064 0.000448 -0.000454 0.001970 
-0.048194 0.282806 0.003782 -0.000236 -0.001784 -0.000835 
-0.049390 0.281913 0.004141 0.000335 -0.001679 -0.003652 
-0.050711 0.281179 0.003528 0.001735 0.000312 -0.003585 
-0.052202 0.279691 0.003648 0.000805 0.000605 -0.004098 
-0.054139 0.279805 0.003413 0.001326 0.000053 -0.002431 
-0.056864 0.282195 0.002860 0.001154 0.000183 0.005820 
-0.057665 0.282297 0.003030 0.000999 0.000625 0.006723 
-0.058664 0.281821 0.003272 0.000770 -0.000198 0.003967 
-0.061017 0.281215 0.003561 -0.000357 -0.001150 0.004288 
-0.062023 0.278690 0.002883 0.001135 0.000640 0.002955 
-0.063490 0.277630 0.003549 -0.001101 0.000240 0.000202 
-0.064200 0.276485 0.003345 -0.002579 0.003512 -0.001110 
-0.064388 0.273869 0.003217 -0.002918 0.005677 -0.005661 
-0.066823 0.274463 0.003948 -0.004130 0.002976 -0.004812 
-0.069041 0.274881 0.002808 -0.002019 0.002596 0.000050 
-0.070509 0.275340 0.002729 -0.001840 0.002653 0.002596 
-0.071415 0.274773 0.003012 -0.001451 0.001444 0.001612 
-0.072927 0.273666 0.003204 -0.001092 -0.000055 -0.000120 
-0.074924 0.272076 0.002964 -0.001196 0.000693 0.000690 
-0.076089 0.269711 0.002835 -0.000493 0.000272 -0.003091 
-0.077846 0.269076 0.003227 -0.001868 -0.000223 -0.004216 
-0.078892 0.267958 0.002741 -0.000698 0.001064 -0.004183 
-0.079996 0.267393 0.003194 -0.000076 -0.000330 -0.004521 
-0.082592 0.268229 0.002860 -0.000187 -0.001065 0.000433 
-0.084400 0.268445 0.002321 0.000821 -0.000129 0.004064 
-0.085006 0.268029 0.002968 -0.000164 -0.000297 0.002941 
-0.086234 0.268050 0.003434 -0.001124 -0.001483 0.001804 
-0.087885 0.265971 0.003542 -0.001391 -0.001279 -0.000815 
-0.088539 0.261470 0.002598 0.000327 0.000694 -0.004316 
-0.089802 0.258759 0.002642 -0.000939 0.000524 -0.004972 
-0.089524 0.255070 0.002605 -0.004342 0.005479 -0.000359 
-0.087965 0.249610 0.002196 -0.004719 0.008079 0.003749 
-0.086859 0.242318 0.002498 -0.005472 0.004629 0.005248 
-0.085306 0.234974 0.001921 -0.004594 0.005681 0.014860 
-0.082062 0.224398 0.002508 -0.005928 0.005271 0.014128 
-0.078127 0.213483 0.003378 -0.007334 0.003380 0.012906 
-0.074816 0.201064 0.003343 -0.006724 0.002054 0.014561 
-0.069932 0.186648 0.003263 -0.005946 0.001491 0.010079 
-0.065754 0.171375 0.002577 -0.002551 -0.001486 0.008829 
-0.060841 0.155845 0.001843 -0.000038 -0.002006 0.003748 
-0.055196 0.139704 0.001055 0.001400 -0.000206 -0.002792 
-0.050223 0.125381 0.000217 0.002000 0.001179 -0.004480 
-0.045593 0.109984 0.000066 0.002056 0.001393 -0.007601 
-0.040405 0.096857 0.000169 0.001884 0.001287 -0.007164 
-0.035430 0.084330 0.000243 0.001299 0.000830 -0.007342 
-0.030762 0.072365 0.000314 0.001034 0.000556 -0.005968 
-0.025211 0.059977 0.000335 0.001313 0.000674 -0.005700 
-0.019968 0.048181 -0.000075 0.001288 0.001202 -0.007167 
-0.015572 0.037602 -0.000060 0.000973 0.001009 -0.001707 
-0.010881 0.027139 -0.000105 0.000812 0.000930 -0.002383 
-0.007299 0.018484 -0.000055 0.000662 0.000754 -0.009465 
-0.005328 0.011611 0.000079 0.000960 0.000603 -0.000191 
-0.004345 0.006325 0.000142 0.001170 0.000546 0.001247 
-0.003557 0.002477 0.000120 0.000906 0.000499 -0.001029 
-0.000327 -0.002855 -0.000010 0.000661 0.000541 -0.012413 
0.000437 -0.003716 0.000024 0.000677 0.000578 -0.012941 
0.000568 -0.003675 -0.000026 0.000726 0.000683 -0.011970 
0.000150 -0.004161 -0.000078 0.000259 0.000344 -0.011015 
-0.000045 -0.003805 0.000030 -0.000176 -0.000221 -0.006938 
0.000264 -0.003004 0.000034 -0.000116 -0.000169 -0.004559 
0.000157 -0.001808 0.000025 -0.000021 -0.000021 -0.003170 
0.000052 -0.000614 -0.000016 0.000009 0.000004 -0.000959 
-0.000017 0.000611 -0.000045 -0.000105 0.000083 0.001139 
-0.000005 0.001456 -0.000010 0.000022 0.000021 0.002523 
0.000010 0.001238 -0.000002 -0.000036 -0.000019 0.002097 
-0.000039 0.001750 0.000012 0.000007 -0.000027 0.003110 
0.000033 0.001701 0.000092 0.000155 -0.000137 0.002834 
0.000042 0.001648 0.000023 -0.000034 -0.000052 0.002726 
0.000027 0.001450 0.000004 0.000026 -0.000007 0.002421 
0.000019 0.001304 -0.000029 -0.000021 0.000071 0.002217 
0.000030 0.001154 -0.000072 -0.000058 0.000109 0.001924 
0.000004 0.001176 -0.000025 -0.000024 0.000029 0.002013 
-0.000010 0.001222 0.000028 0.000012 -0.000034 0.002103 
0.000015 0.001161 0.000074 0.000127 -0.000120 0.001947 
0.000010 0.000900 0.000017 -0.000042 -0.000037 0.001474 
0.000008 0.000603 0.000017 0.000001 -0.000038 0.001001 
0.000006 0.000562 -0.000024 -0.000020 0.000048 0.000995 
0.000006 0.000584 -0.000054 -0.000039 0.000098 0.000977 
0.000008 0.000550 -0.000003 0.000028 0.000002 0.000929 
0.000012 0.000363 -0.000002 -0.000020 0.000007 0.000617 
0.000005 0.000206 0.000039 0.000053 -0.000066 0.000311 
0.000005 0.000201 0.000015 -0.000007 -0.000026 0.000389 
0.000000 0.000179 0.000007 0.000022 -0.000012 0.000264 
-0.000000 0.000166 -0.000009 -0.000012 0.000029 0.000306 
0.000004 0.000119 -0.000017 -0.000028 0.000016 0.000204 
-0.000004 0.000274 0.000002 -0.000003 0.000005 0.000461 
-0.000000 0.000329 -0.000005 0.000006 0.000005 0.000563 
0.000003 0.000301 0.000017 0.000024 -0.000035 0.000503 
0.000009 0.000196 0.000003 -0.000011 -0.000011 0.000324 
0.000006 0.000109 -0.000013 0.000011 0.000028 0.000186 
0.000005 0.000110 -0.000007 0.000001 0.000025 0.000198 
-0.000005 0.000062 -0.000010 -0.000018 0.000016 0.000102 
-0.000004 0.000134 0.000000 -0.000014 -0.000013 0.000228 
-0.000007 0.000103 0.000027 0.000015 -0.000046 0.000192 
0.000001 0.000012 0.000014 0.000026 -0.000024 0.000018 
0.000004 -0.000048 -0.000004 -0.000025 0.000001 -0.000096 
0.000007 -0.000109 -0.000005 0.000015 0.000015 -0.000204 
-0.000002 -0.000139 -0.000007 -0.000021 0.000021 -0.000222 
0.000006 -0.000127 -0.000029 -0.000012 0.000047 -0.000228 
-0.000008 -0.000016 0.000000 0.000000 0.000000 -0.000000 
0.000002 -0.000003 0.000002 -0.000003 -0.000010 -0.000012 
-0.000004 -0.000012 0.000027 0.000030 -0.000024 -0.000024 
-0.000004 -0.000018 0.000002 -0.000002 -0.000026 -0.000018 
-0.000002 -0.000041 0.000012 0.000014 -0.000011 -0.000066 
0.000001 -0.000016 -0.000010 -0.000010 0.000007 -0.000030 
-0.000003 -0.000003 -0.000002 -0.000004 0.000004 0.000000 
0.000006 -0.000008 -0.000005 -0.000017 0.000017 -0.000024 
-0.000000 0.000005 -0.000003 0.000005 -0.000011 0.000006 
0.000008 -0.000025 0.000005 0.000022 0.000010 -0.000060 
-0.000001 -0.000007 -0.000005 -0.000023 -0.000005 -0.000006 
-0.000004 0.000005 0.000005 -0.000006 -0.000005 0.000000 
-0.000004 0.000028 -0.000010 -0.000010 0.000023 0.000060 
-0.000007 0.000010 0.000007 0.000013 -0.000012 0.000042 
-0.000003 0.000018 0.000007 0.000019 0.000000 0.000042 
0.000004 -0.000011 -0.000003 0.000004 0.000004 -0.000024 
0.000006 -0.000009 0.000005 -0.000002 -0.000010 -0.000030 
0.000000 -0.000019 -0.000004 -0.000018 0.000023 -0.000030 
0.000002 -0.000051 -0.000000 0.000020 -0.000013 -0.000078 
0.000007 -0.000006 -0.000017 -0.000030 0.000022 -0.000036 
-0.000001 0.000005 0.000007 0.000012 -0.000006 0.000012 
-0.000002 0.000006 -0.000003 -0.000003 -0.000002 0.000012 
-0.000003 0.000016 0.000005 0.000000 -0.000008 0.000030 
-0.000000 0.000005 0.000005 0.000016 -0.000002 0.000024 
-0.000003 0.000000 0.000005 0.000009 -0.000008 0.000012 
-0.000004 0.000020 0.000000 0.000008 -0.000009 0.000036 
-0.000001 0.000020 -0.000002 -0.000012 0.000013 0.000036 
0.000007 -0.000015 -0.000003 0.000004 0.000004 -0.000048 
-0.000001 -0.000023 0.000000 -0.000016 -0.000007 -0.000042 
0.000009 -0.000017 -0.000002 0.000003 0.000010 -0.000030 
-0.000005 -0.000005 0.000000 0.000008 -0.000009 0.000006 
0.000002 -0.000000 0.000002 0.000001 0.000010 0.000012 
-0.000003 0.000004 -0.000002 -0.000004 0.000004 0.000000 
-0.000001 0.000009 0.000005 -0.000003 -0.000019 0.000006 
-0.000007 0.000038 -0.000003 0.000011 0.000011 0.000084 
-0.000004 0.000005 0.000003 -0.000018 -0.000017 0.000006 
0.000007 0.000007 -0.000000 0.000014 0.000013 -0.000006 
0.000004 -0.000017 -0.000002 -0.000004 0.000004 -0.000024 
-0.000003 -0.000003 -0.000002 -0.000004 0.000004 0.000006 
0.000003 -0.000011 0.000002 0.000012 -0.000013 -0.000024 
-0.000003 -0.000008 0.000000 -0.000008 0.000009 -0.000024 
0.000008 -0.000015 -0.000002 -0.000005 0.000004 -0.000036 
-0.000005 0.000005 0.000000 0.000000 0.000000 0.000030 
-0.000001 0.000006 0.000005 0.000009 -0.000008 0.000006 
-0.000003 0.000006 0.000003 -0.000018 -0.000017 0.000012 
-0.000003 0.000012 -0.000005 0.000014 0.000021 0.000036 
0.000004 0.000002 -0.000000 -0.000015 -0.000013 -0.000018 
0.000001 -0.000012 -0.000004 -0.000017 0.000008 -0.000006 
-0.000007 0.000015 0.000005 0.000017 -0.000008 0.000024 
0.000007 -0.000010 -0.000002 -0.000005 0.000004 -0.000036 
0.000002 -0.000011 -0.000000 0.000023 0.000013 -0.000000 
-0.000001 -0.000004 0.000005 -0.000007 -0.000015 -0.000012 
0.000000 0.000001 0.000000 0.000003 0.000011 0.000006 
-0.000005 0.000007 -0.000005 -0.000019 -0.000009 0.000012 
0.000002 0.000003 0.000005 0.000000 -0.000008 -0.000006 
-0.000002 -0.000012 0.000003 0.000010 0.000008 -0.000006 
0.000001 0.000014 -0.000003 0.000004 0.000004 0.000024 
0.000002 0.000006 0.000000 0.000006 0.000012 0.000012 
0.000002 0.000000 -0.000003 -0.000002 -0.000008 0.000006 
-0.000004 -0.000004 0.000002 0.000004 -0.000004 0.000000 
0.000000 -0.000007 0.000003 -0.000027 -0.000017 -0.000036 
-0.000001 -0.000004 -0.000000 0.000023 0.000013 -0.000012 
0.000010 0.000002 -0.000012 -0.000014 0.000021 0.000000 
-0.000006 0.000002 0.000010 0.000009 -0.000017 0.000018 
-0.000002 -0.000002 0.000005 -0.000007 -0.000015 -0.000006 
0.000000 -0.000004 -0.000005 0.000001 0.000003 -0.000012 
0.000002 0.000007 -0.000002 0.000003 0.000010 0.000018 
0.000001 0.000010 -0.000000 0.000007 0.000006 0.000018 
-0.000002 0.000007 0.000005 -0.000020 0.000005 0.000024 
0.000002 -0.000007 -0.000005 0.000020 -0.000005 -0.000012 
-0.000006 0.000007 0.000000 0.000000 0.000000 0.000024 
0.000004 -0.000001 0.000002 -0.000015 0.000003 -0.000024 
-0.000002 -0.000007 0.000002 0.000023 -0.000011 -0.000006 
-0.000003 -0.000006 -0.000002 -0.000004 0.000004 0.000018 
0.000006 -0.000002 0.000000 -0.000009 -0.000000 -0.000030 
-0.000003 0.000007 0.000000 0.000000 0.000000 0.000000 
0.000000 0.000004 -0.000000 0.000000 0.000000 0.000024 
-0.000003 0.000002 0.000005 -0.000014 -0.000021 0.000000 
0.000001 -0.000005 -0.000005 0.000008 0.000009 -0.000006 
0.000000 0.000004 0.000005 -0.000005 0.000002 0.000006 
-0.000006 0.000006 0.000000 -0.000003 -0.000011 0.000006 
0.000001 0.000004 -0.000002 -0.000004 0.000004 0.000006 
0.000006 -0.000006 -0.000003 0.000007 0.000031 -0.000012 
0.000001 -0.000017 -0.000000 0.000020 -0.000013 -0.000018 
0.000001 0.000005 0.000000 -0.000012 0.000004 -0.000006 
0.000002 -0.000007 -0.000003 0.000001 -0.000006 -0.000024 
-0.000004 0.000005 0.000000 -0.000007 -0.000006 0.000018 
0.000001 -0.000002 0.000003 0.000010 0.000008 -0.000000 
0.000005 -0.000001 -0.000003 0.000007 0.000031 -0.000018 
-0.000005 0.000012 0.000008 -0.000010 -0.000035 0.000036 
-0.000005 0.000015 0.000000 0.000004 -0.000004 0.000036 
-0.000001 0.000006 0.000002 -0.000002 -0.000016 0.000006 
0.000005 -0.000008 -0.000007 0.000006 0.000030 -0.000000 
-0.000000 -0.000007 -0.000002 -0.000000 -0.000000 -0.000030 
-0.000002 0.000002 0.000008 -0.000015 -0.000015 0.000000 
0.000003 -0.000008 -0.000003 0.000008 -0.000000 -0.000012 
0.000007 -0.000004 -0.000003 -0.000001 0.000024 -0.000000 
-0.000006 0.000012 0.000003 -0.000005 0.000002 0.000018 
-0.000001 -0.000005 0.000002 0.000009 -0.000024 -0.000012 
-0.000003 0.000013 -0.000005 -0.000004 0.000013 0.000042 
-0.000001 0.000007 0.000005 0.000000 -0.000008 0.000012 
0.000001 0.000006 -0.000005 0.000008 0.000009 -0.000006 
-0.000002 0.000001 0.000005 -0.000004 -0.000013 -0.000000 
0.000007 -0.000008 -0.000003 -0.000008 0.000018 -0.000018 
-0.000001 -0.000002 0.000000 0.000014 0.000013 0.000006 
-0.000005 -0.000017 0.000003 -0.000007 -0.000031 -0.000036 
0.000005 0.000001 -0.000002 -0.000008 0.000009 0.000012 
0.000001 -0.000006 -0.000000 -0.000008 0.000009 -0.000024 
-0.000003 0.000001 0.000002 0.000016 -0.000018 0.000018 
-0.000002 0.000008 0.000000 -0.000004 0.000005 0.000030 
-0.000000 0.000000 0.000000 -0.000000 -0.000000 -0.000012 
-0.000002 0.000001 0.000000 0.000004 -0.000005 0.000006 
0.000003 -0.000002 -0.000005 -0.000000 0.000008 -0.000018 
0.000001 0.000003 0.000007 0.000005 -0.000013 -0.000000 
0.000002 0.000001 -0.000007 -0.000005 0.000013 0.000036 
-0.000002 0.000005 0.000002 -0.000007 0.000009 -0.000024 
0.000004 -0.000016 -0.000000 0.000012 -0.000014 -0.000024 
-0.000004 0.000003 0.000000 -0.000020 0.000013 0.000000 
0.000004 -0.000007 -0.000000 0.000020 -0.000013 -0.000018 
-0.000006 0.000011 0.000000 -0.000004 0.000005 0.000030 
0.000008 0.000001 -0.000000 -0.000008 0.000009 -0.000018 
-0.000009 0.000006 0.000003 0.000008 -0.000018 0.000030 
0.000003 0.000001 -0.000003 -0.000008 0.000018 0.000000 
0.000001 -0.000001 -0.000003 0.000004 0.000004 0.000012 
-0.000003 -0.000007 0.000005 -0.000000 -0.000018 -0.000024 
0.000003 0.000003 -0.000000 0.000004 -0.000005 -0.000006 
0.000005 -0.000002 0.000002 -0.000007 0.000009 -0.000006 
-0.000006 0.000003 -0.000007 -0.000005 0.000013 0.000030 
0.000007 -0.000006 0.000007 0.000027 -0.000009 -0.000048 
-0.000005 -0.000001 -0.000002 -0.000015 -0.000013 0.000018 
-0.000000 0.000000 0.000000 -0.000000 -0.000000 -0.000006 
0.000003 0.000008 -0.000003 -0.000008 0.000018 0.000012 
-0.000006 0.000010 0.000003 0.000008 -0.000018 0.000042 
0.000001 0.000002 0.000003 -0.000016 0.000009 -0.000012 
-0.000001 -0.000002 -0.000005 0.000011 -0.000005 0.000000 
0.000000 0.000004 -0.000000 -0.000026 0.000001 0.000012 
0.000001 -0.000009 0.000005 0.000015 0.000004 -0.000024 
0.000004 -0.000015 -0.000003 0.000030 0.000003 -0.000042 
0.000000 0.000010 -0.000000 -0.000018 0.000001 0.000030 
-0.000002 -0.000008 0.000000 0.000003 -0.000014 -0.000012 
-0.000001 0.000005 0.000000 -0.000012 0.000014 0.000024 
0.000002 -0.000005 -0.000005 0.000011 -0.000005 -0.000024 
-0.000004 0.000004 0.000005 -0.000004 -0.000004 0.000024 
0.000004 0.000007 -0.000002 0.000002 0.000026 0.000012 
-0.000002 0.000008 -0.000000 -0.000006 -0.000012 0.000000 
-0.000001 -0.000007 0.000003 -0.000004 -0.000004 -0.000018 
-0.000000 0.000008 -0.000003 -0.000003 -0.000002 0.000018 
-0.000003 -0.000007 0.000000 0.000011 -0.000008 -0.000006 
0.000000 0.000006 -0.000003 -0.000002 -0.000008 0.000018 
0.000006 -0.000010 0.000005 -0.000006 0.000017 -0.000024 
-0.000005 0.000002 0.000000 0.000012 -0.000013 0.000012 
-0.000000 0.000000 0.000000 -0.000000 -0.000000 -0.000012 
-0.000000 0.000003 -0.000005 -0.000009 0.000008 0.000018 
0.000000 -0.000003 0.000005 0.000009 -0.000008 -0.000018 
-0.000000 -0.000004 0.000002 -0.000007 0.000009 0.000018 
-0.000003 0.000012 0.000002 0.000016 -0.000018 0.000012 
0.000001 0.000003 -0.000002 -0.000017 0.000008 0.000000 
0.000003 -0.000000 -0.000003 -0.000011 0.000007 -0.000006 
0.000003 -0.000011 -0.000000 0.000022 0.000019 -0.000012 
