0.595537 -0.406610 0.488756 1.571570 -0.000481 3.141370 
0.595537 -0.406610 0.488756 1.571570 -0.000482 3.141370 
0.595537 -0.406610 0.488756 1.571570 -0.000481 3.141370 
0.595537 -0.406610 0.488756 1.571570 -0.000482 3.141370 
0.595538 -0.406610 0.488756 1.571570 -0.000481 3.141370 
0.595537 -0.406610 0.488756 1.571570 -0.000481 3.141370 
0.595538 -0.406610 0.488756 1.571570 -0.000481 3.141370 
0.595538 -0.406610 0.488756 1.571570 -0.000481 3.141370 
0.595538 -0.406610 0.488756 1.571570 -0.000482 3.141370 
0.595537 -0.406610 0.488756 1.571570 -0.000481 3.141370 
0.595538 -0.406610 0.488756 1.571570 -0.000481 3.141370 
0.595538 -0.406610 0.488756 1.571570 -0.000481 3.141370 
0.595538 -0.406610 0.488756 1.571570 -0.000481 3.141370 
0.595537 -0.406610 0.488756 1.571570 -0.000481 3.141370 
0.595538 -0.406610 0.488756 1.571570 -0.000481 3.141370 
0.595538 -0.406610 0.488756 1.571570 -0.000481 3.141370 
0.595537 -0.406610 0.488756 1.571570 -0.000481 3.141370 
0.595538 -0.406610 0.488756 1.571570 -0.000481 3.141370 
0.595538 -0.406610 0.488756 1.571570 -0.000481 3.141370 
0.595538 -0.406610 0.488756 1.571570 -0.000481 3.141370 
0.595538 -0.406610 0.488756 1.571570 -0.000481 3.141370 
0.595538 -0.406610 0.488756 1.571570 -0.000481 3.141370 
0.595538 -0.406610 0.488756 1.571570 -0.000481 3.141370 
0.595537 -0.406610 0.488756 1.571570 -0.000481 3.141370 
0.595537 -0.406610 0.488756 1.571570 -0.000481 3.141370 
0.595537 -0.406610 0.488756 1.571570 -0.000481 3.141370 
0.595537 -0.406610 0.488756 1.571570 -0.000481 3.141370 
0.595538 -0.406610 0.488756 1.571570 -0.000481 3.141370 
0.595538 -0.406610 0.488756 1.571570 -0.000481 3.141370 
0.595538 -0.406610 0.488756 1.571570 -0.000481 3.141370 
0.595538 -0.406610 0.488756 1.571570 -0.000481 3.141370 
0.595538 -0.406610 0.488756 1.571570 -0.000481 3.141370 
0.595538 -0.406610 0.488756 1.571570 -0.000481 3.141370 
0.595538 -0.406610 0.488756 1.571570 -0.000481 3.141370 
0.595538 -0.406610 0.488756 1.571570 -0.000481 3.141370 
0.595538 -0.406610 0.488756 1.571570 -0.000481 3.141370 
0.595538 -0.406610 0.488756 1.571570 -0.000481 3.141370 
0.595538 -0.406610 0.488755 1.571570 -0.000481 3.141370 
0.595538 -0.406610 0.488756 1.571570 -0.000481 3.141370 
0.595538 -0.406610 0.488756 1.571570 -0.000481 3.141370 
0.595538 -0.406610 0.488755 1.571570 -0.000481 3.141370 
0.595538 -0.406610 0.488756 1.571570 -0.000482 3.141370 
0.595538 -0.406610 0.488755 1.571570 -0.000481 3.141370 
0.595538 -0.406610 0.488756 1.571570 -0.000481 3.141370 
0.595538 -0.406610 0.488756 1.571570 -0.000482 3.141370 
0.595538 -0.406610 0.488756 1.571570 -0.000481 3.141370 
0.595538 -0.406610 0.488756 1.571570 -0.000481 3.141370 
0.595538 -0.406610 0.488755 1.571570 -0.000481 3.141370 
0.595538 -0.406610 0.488755 1.571570 -0.000481 3.141370 
0.595538 -0.406610 0.488755 1.571570 -0.000481 3.141369 
0.595552 -0.406564 0.488681 1.571633 -0.000645 3.141264 
0.595691 -0.406434 0.488078 1.571808 -0.001130 3.140211 
0.595845 -0.406316 0.487121 1.572017 -0.001319 3.139148 
0.595971 -0.406218 0.485998 1.572228 -0.001496 3.138168 
0.595994 -0.406157 0.484980 1.572333 -0.001503 3.137868 
0.595880 -0.406094 0.484288 1.572210 -0.001550 3.138633 
0.595713 -0.406063 0.483775 1.571781 -0.001411 3.139867 
0.595568 -0.406061 0.483480 1.571102 -0.001126 3.141069 
0.595445 -0.406105 0.483435 1.570537 -0.000699 -3.141042 
0.595369 -0.406174 0.483643 1.570331 -0.000199 -3.140291 
0.595297 -0.406328 0.484034 1.570251 0.000343 -3.139831 
0.595280 -0.406416 0.484609 1.570456 0.000692 -3.139721 
0.595284 -0.406492 0.485344 1.570571 0.000849 -3.139865 
0.595321 -0.406546 0.486138 1.570599 0.000826 -3.140266 
0.595385 -0.406592 0.486928 1.570639 0.000736 -3.140820 
0.595476 -0.406623 0.487639 1.570671 0.000567 -3.141533 
0.595540 -0.406622 0.488272 1.570702 0.000319 3.141183 
0.595554 -0.406588 0.488814 1.570720 -0.000006 3.141074 
0.595526 -0.406540 0.489229 1.570748 -0.000309 3.141246 
0.595481 -0.406492 0.489499 1.570793 -0.000500 3.141570 
0.595444 -0.406452 0.489652 1.570841 -0.000655 -3.141362 
0.595423 -0.406428 0.489757 1.570868 -0.000764 -3.141254 
0.595426 -0.406429 0.489747 1.570857 -0.000827 -3.141345 
0.595458 -0.406426 0.489657 1.570840 -0.000874 -3.141572 
0.595505 -0.406422 0.489498 1.570841 -0.000876 3.141316 
0.595553 -0.406433 0.489280 1.570842 -0.000824 3.140995 
0.595592 -0.406448 0.489054 1.570809 -0.000759 3.140728 
0.595602 -0.406453 0.488843 1.570816 -0.000704 3.140662 
0.595570 -0.406456 0.488656 1.570819 -0.000670 3.140854 
0.595529 -0.406461 0.488488 1.570820 -0.000630 3.141104 
0.595493 -0.406469 0.488352 1.570815 -0.000588 3.141331 
0.595460 -0.406465 0.488273 1.570830 -0.000562 3.141566 
0.595444 -0.406470 0.488222 1.570831 -0.000510 -3.141503 
0.595450 -0.406471 0.488204 1.570843 -0.000467 -3.141517 
0.595452 -0.406470 0.488218 1.570851 -0.000431 -3.141510 
0.595446 -0.406472 0.488241 1.570853 -0.000405 -3.141456 
0.595432 -0.406477 0.488285 1.570854 -0.000375 -3.141367 
0.595420 -0.406481 0.488350 1.570861 -0.000321 -3.141276 
0.595416 -0.406489 0.488431 1.570860 -0.000277 -3.141245 
0.595429 -0.406494 0.488505 1.570859 -0.000247 -3.141321 
0.595462 -0.406499 0.488567 1.570858 -0.000213 -3.141523 
0.595501 -0.406505 0.488623 1.570857 -0.000184 3.141411 
0.595521 -0.406505 0.488683 1.570855 -0.000186 3.141285 
0.595522 -0.406499 0.488726 1.570855 -0.000226 3.141281 
0.595519 -0.406489 0.488750 1.570858 -0.000283 3.141308 
0.595510 -0.406481 0.488766 1.570862 -0.000334 3.141362 
0.595509 -0.406476 0.488781 1.570860 -0.000363 3.141371 
0.595508 -0.406475 0.488795 1.570855 -0.000382 3.141378 
0.595507 -0.406473 0.488801 1.570857 -0.000396 3.141378 
0.595508 -0.406472 0.488799 1.570856 -0.000402 3.141374 
0.595509 -0.406473 0.488796 1.570855 -0.000404 3.141365 
0.595509 -0.406474 0.488794 1.570852 -0.000405 3.141361 
0.595509 -0.406476 0.488793 1.570850 -0.000400 3.141361 
0.595508 -0.406476 0.488789 1.570851 -0.000398 3.141361 
0.595509 -0.406475 0.488783 1.570850 -0.000407 3.141353 
0.595512 -0.406473 0.488772 1.570846 -0.000425 3.141326 
0.595514 -0.406471 0.488763 1.570846 -0.000440 3.141313 
0.595510 -0.406470 0.488762 1.570846 -0.000449 3.141340 
0.595504 -0.406468 0.488762 1.570847 -0.000453 3.141379 
0.595500 -0.406467 0.488762 1.570847 -0.000457 3.141403 
0.595498 -0.406467 0.488762 1.570846 -0.000459 3.141419 
0.595496 -0.406467 0.488761 1.570844 -0.000461 3.141433 
0.595495 -0.406468 0.488760 1.570841 -0.000462 3.141431 
0.595495 -0.406471 0.488757 1.570833 -0.000463 3.141425 
0.595496 -0.406472 0.488753 1.570830 -0.000466 3.141417 
0.595497 -0.406472 0.488752 1.570830 -0.000467 3.141414 
0.595497 -0.406472 0.488749 1.570829 -0.000469 3.141409 
0.595498 -0.406471 0.488748 1.570830 -0.000471 3.141407 
0.595497 -0.406470 0.488747 1.570832 -0.000473 3.141412 
0.595497 -0.406469 0.488747 1.570835 -0.000474 3.141417 
0.595497 -0.406469 0.488747 1.570834 -0.000474 3.141417 
0.595497 -0.406469 0.488747 1.570834 -0.000474 3.141418 
0.595496 -0.406469 0.488747 1.570834 -0.000474 3.141422 
0.595496 -0.406469 0.488745 1.570833 -0.000473 3.141421 
0.595496 -0.406470 0.488744 1.570832 -0.000471 3.141420 
0.595496 -0.406471 0.488743 1.570830 -0.000470 3.141420 
0.595495 -0.406471 0.488742 1.570830 -0.000470 3.141421 
0.595495 -0.406471 0.488742 1.570829 -0.000470 3.141422 
0.595496 -0.406470 0.488742 1.570831 -0.000470 3.141421 
0.595496 -0.406469 0.488741 1.570834 -0.000470 3.141423 
0.595496 -0.406469 0.488741 1.570834 -0.000469 3.141424 
0.595496 -0.406469 0.488740 1.570834 -0.000469 3.141424 
0.595496 -0.406469 0.488740 1.570834 -0.000469 3.141424 
0.595495 -0.406470 0.488740 1.570833 -0.000469 3.141427 
0.595495 -0.406471 0.488740 1.570831 -0.000469 3.141427 
0.595494 -0.406472 0.488740 1.570828 -0.000469 3.141427 
0.595494 -0.406473 0.488739 1.570827 -0.000468 3.141427 
0.595495 -0.406473 0.488738 1.570828 -0.000466 3.141426 
0.595495 -0.406472 0.488736 1.570829 -0.000465 3.141424 
0.595496 -0.406472 0.488735 1.570831 -0.000463 3.141423 
0.595496 -0.406471 0.488734 1.570831 -0.000462 3.141423 
0.595496 -0.406471 0.488733 1.570832 -0.000462 3.141423 
0.595496 -0.406471 0.488733 1.570832 -0.000461 3.141423 
0.595495 -0.406472 0.488733 1.570831 -0.000462 3.141424 
0.595495 -0.406472 0.488733 1.570830 -0.000462 3.141425 
0.595494 -0.406473 0.488733 1.570828 -0.000462 3.141426 
0.595494 -0.406473 0.488733 1.570828 -0.000461 3.141425 
0.595494 -0.406474 0.488733 1.570827 -0.000461 3.141425 
0.595495 -0.406474 0.488732 1.570827 -0.000460 3.141425 
0.595495 -0.406474 0.488731 1.570827 -0.000459 3.141424 
0.595496 -0.406473 0.488730 1.570830 -0.000458 3.141423 
0.595496 -0.406472 0.488729 1.570831 -0.000457 3.141423 
0.595496 -0.406472 0.488729 1.570832 -0.000457 3.141424 
0.595496 -0.406472 0.488729 1.570832 -0.000457 3.141424 
0.595495 -0.406472 0.488730 1.570832 -0.000457 3.141425 
0.595495 -0.406472 0.488730 1.570831 -0.000457 3.141427 
0.595495 -0.406473 0.488730 1.570830 -0.000458 3.141428 
0.595494 -0.406473 0.488730 1.570828 -0.000458 3.141428 
0.595494 -0.406474 0.488729 1.570827 -0.000457 3.141428 
0.595495 -0.406474 0.488729 1.570828 -0.000457 3.141427 
0.595495 -0.406473 0.488728 1.570829 -0.000456 3.141427 
0.595496 -0.406472 0.488728 1.570832 -0.000455 3.141426 
0.595496 -0.406472 0.488727 1.570832 -0.000455 3.141426 
0.595496 -0.406471 0.488727 1.570834 -0.000455 3.141426 
0.595496 -0.406471 0.488728 1.570834 -0.000455 3.141428 
0.595495 -0.406471 0.488728 1.570833 -0.000455 3.141429 
0.595495 -0.406472 0.488728 1.570832 -0.000455 3.141430 
0.595495 -0.406473 0.488728 1.570831 -0.000455 3.141430 
0.595494 -0.406473 0.488728 1.570829 -0.000455 3.141430 
0.595494 -0.406474 0.488728 1.570828 -0.000455 3.141430 
0.595495 -0.406473 0.488727 1.570829 -0.000455 3.141429 
0.595495 -0.406473 0.488726 1.570830 -0.000454 3.141429 
0.595495 -0.406473 0.488726 1.570830 -0.000453 3.141428 
0.595496 -0.406472 0.488726 1.570832 -0.000453 3.141428 
0.595496 -0.406471 0.488726 1.570834 -0.000453 3.141429 
0.595495 -0.406471 0.488726 1.570833 -0.000453 3.141430 
0.595495 -0.406472 0.488727 1.570833 -0.000454 3.141431 
0.595495 -0.406473 0.488727 1.570831 -0.000454 3.141431 
0.595494 -0.406473 0.488726 1.570830 -0.000454 3.141431 
0.595494 -0.406474 0.488726 1.570829 -0.000454 3.141431 
0.595494 -0.406474 0.488726 1.570827 -0.000453 3.141431 
0.595494 -0.406474 0.488725 1.570828 -0.000453 3.141430 
0.595495 -0.406474 0.488724 1.570829 -0.000452 3.141429 
0.595495 -0.406473 0.488724 1.570830 -0.000451 3.141429 
0.595495 -0.406472 0.488724 1.570832 -0.000451 3.141429 
0.595495 -0.406472 0.488724 1.570833 -0.000451 3.141429 
0.595495 -0.406472 0.488725 1.570834 -0.000451 3.141430 
0.595495 -0.406473 0.488725 1.570832 -0.000451 3.141431 
0.595495 -0.406473 0.488725 1.570831 -0.000451 3.141431 
0.595494 -0.406474 0.488725 1.570830 -0.000451 3.141432 
0.595494 -0.406474 0.488725 1.570828 -0.000451 3.141431 
0.595494 -0.406474 0.488724 1.570828 -0.000451 3.141431 
0.595494 -0.406474 0.488724 1.570828 -0.000451 3.141430 
0.595495 -0.406474 0.488723 1.570830 -0.000450 3.141430 
0.595495 -0.406473 0.488723 1.570831 -0.000450 3.141430 
0.595495 -0.406472 0.488724 1.570833 -0.000450 3.141430 
0.595495 -0.406471 0.488724 1.570835 -0.000450 3.141431 
0.595495 -0.406471 0.488724 1.570835 -0.000450 3.141432 
0.595495 -0.406472 0.488725 1.570834 -0.000450 3.141433 
0.595494 -0.406473 0.488725 1.570832 -0.000451 3.141433 
0.595494 -0.406473 0.488725 1.570830 -0.000451 3.141433 
0.595494 -0.406474 0.488724 1.570830 -0.000450 3.141433 
0.595494 -0.406474 0.488724 1.570829 -0.000450 3.141432 
0.595494 -0.406474 0.488724 1.570830 -0.000450 3.141432 
0.595495 -0.406473 0.488723 1.570831 -0.000450 3.141431 
0.595495 -0.406473 0.488723 1.570832 -0.000450 3.141431 
0.595495 -0.406472 0.488724 1.570834 -0.000450 3.141432 
0.595495 -0.406472 0.488724 1.570834 -0.000450 3.141432 
0.595495 -0.406472 0.488724 1.570834 -0.000450 3.141433 
0.595495 -0.406472 0.488725 1.570833 -0.000450 3.141434 
0.595494 -0.406473 0.488725 1.570832 -0.000450 3.141434 
0.595494 -0.406474 0.488725 1.570830 -0.000450 3.141434 
0.595494 -0.406474 0.488724 1.570829 -0.000450 3.141433 
0.595494 -0.406474 0.488724 1.570829 -0.000450 3.141433 
0.595494 -0.406474 0.488724 1.570829 -0.000450 3.141432 
0.595495 -0.406473 0.488723 1.570830 -0.000450 3.141432 
0.595495 -0.406473 0.488723 1.570832 -0.000450 3.141432 
0.595495 -0.406472 0.488723 1.570833 -0.000450 3.141432 
0.595495 -0.406472 0.488724 1.570834 -0.000450 3.141432 
0.595495 -0.406472 0.488724 1.570834 -0.000450 3.141433 
0.595494 -0.406472 0.488725 1.570833 -0.000450 3.141434 
0.595494 -0.406473 0.488725 1.570833 -0.000450 3.141434 
0.595494 -0.406474 0.488725 1.570830 -0.000450 3.141434 
0.595494 -0.406474 0.488724 1.570830 -0.000450 3.141433 
0.595494 -0.406474 0.488724 1.570829 -0.000450 3.141433 
0.595494 -0.406474 0.488724 1.570830 -0.000450 3.141432 
0.595495 -0.406473 0.488723 1.570831 -0.000450 3.141432 
0.595495 -0.406473 0.488723 1.570832 -0.000450 3.141432 
0.595495 -0.406472 0.488724 1.570834 -0.000450 3.141432 
0.595495 -0.406472 0.488724 1.570833 -0.000450 3.141433 
0.595495 -0.406472 0.488725 1.570834 -0.000451 3.141434 
0.595494 -0.406472 0.488725 1.570833 -0.000450 3.141435 
0.595494 -0.406473 0.488725 1.570832 -0.000451 3.141435 
0.595494 -0.406473 0.488725 1.570832 -0.000450 3.141435 
0.595494 -0.406473 0.488725 1.570830 -0.000450 3.141435 
0.595494 -0.406474 0.488724 1.570829 -0.000450 3.141434 
0.595494 -0.406473 0.488724 1.570831 -0.000450 3.141433 
0.595495 -0.406473 0.488724 1.570831 -0.000450 3.141433 
0.595495 -0.406472 0.488724 1.570832 -0.000450 3.141433 
0.595495 -0.406472 0.488724 1.570833 -0.000451 3.141433 
0.595495 -0.406472 0.488724 1.570834 -0.000451 3.141434 
0.595495 -0.406471 0.488725 1.570834 -0.000451 3.141435 
0.595494 -0.406472 0.488725 1.570834 -0.000451 3.141435 
0.595494 -0.406472 0.488725 1.570833 -0.000451 3.141435 
0.595494 -0.406473 0.488725 1.570831 -0.000451 3.141435 
0.595494 -0.406473 0.488725 1.570830 -0.000451 3.141435 
0.595494 -0.406474 0.488724 1.570830 -0.000451 3.141434 
0.595494 -0.406474 0.488724 1.570829 -0.000450 3.141433 
0.595494 -0.406473 0.488724 1.570831 -0.000451 3.141433 
0.595495 -0.406472 0.488724 1.570832 -0.000451 3.141433 
0.595495 -0.406472 0.488724 1.570833 -0.000451 3.141433 
0.595495 -0.406472 0.488724 1.570834 -0.000451 3.141434 
0.595495 -0.406472 0.488725 1.570833 -0.000451 3.141435 
0.595494 -0.406472 0.488725 1.570833 -0.000451 3.141435 
0.595494 -0.406473 0.488725 1.570831 -0.000451 3.141436 
0.595494 -0.406473 0.488725 1.570831 -0.000451 3.141435 
0.595494 -0.406474 0.488725 1.570829 -0.000451 3.141435 
0.595494 -0.406474 0.488724 1.570829 -0.000451 3.141434 
0.595494 -0.406474 0.488724 1.570830 -0.000450 3.141433 
0.595494 -0.406473 0.488724 1.570830 -0.000451 3.141433 
0.595495 -0.406473 0.488724 1.570832 -0.000450 3.141434 
0.595495 -0.406472 0.488724 1.570833 -0.000451 3.141434 
0.595495 -0.406472 0.488725 1.570833 -0.000451 3.141435 
0.595495 -0.406472 0.488725 1.570834 -0.000451 3.141436 
0.595494 -0.406472 0.488725 1.570833 -0.000451 3.141436 
0.595494 -0.406473 0.488725 1.570831 -0.000451 3.141436 
0.595494 -0.406473 0.488725 1.570831 -0.000451 3.141436 
0.595494 -0.406474 0.488725 1.570830 -0.000451 3.141435 
0.595494 -0.406473 0.488724 1.570830 -0.000451 3.141434 
0.595494 -0.406473 0.488724 1.570830 -0.000451 3.141434 
0.595495 -0.406473 0.488724 1.570831 -0.000451 3.141434 
0.595495 -0.406472 0.488724 1.570833 -0.000451 3.141434 
0.595504 -0.406468 0.488722 1.570845 -0.000445 3.141386 
0.595524 -0.406458 0.488716 1.570868 -0.000439 3.141302 
0.595538 -0.406442 0.488710 1.570895 -0.000443 3.141266 
0.595561 -0.406409 0.488705 1.570951 -0.000446 3.141238 
0.595608 -0.406328 0.488701 1.571073 -0.000449 3.141218 
0.595692 -0.406170 0.488696 1.571149 -0.000450 3.141201 
0.595838 -0.405850 0.488695 1.571193 -0.000448 3.141189 
0.596063 -0.405298 0.488696 1.571226 -0.000442 3.141186 
0.596351 -0.404545 0.488697 1.571092 -0.000433 3.141192 
0.596711 -0.403572 0.488694 1.570757 -0.000411 3.141198 
0.597157 -0.402346 0.488682 1.570332 -0.000375 3.141196 
0.597710 -0.400806 0.488673 1.569956 -0.000338 3.141203 
0.598371 -0.398955 0.488674 1.569624 -0.000307 3.141220 
0.599145 -0.396778 0.488683 1.569327 -0.000283 3.141242 
0.600031 -0.394276 0.488697 1.569091 -0.000259 3.141272 
0.601021 -0.391456 0.488716 1.568874 -0.000225 3.141307 
0.602129 -0.388263 0.488741 1.568845 -0.000188 3.141349 
0.603354 -0.384694 0.488774 1.568980 -0.000128 3.141389 
0.604688 -0.380758 0.488830 1.569234 -0.000073 3.141448 
0.606096 -0.376523 0.488897 1.569439 -0.000037 3.141508 
0.607553 -0.372015 0.488951 1.569613 -0.000000 3.141546 
0.609056 -0.367218 0.488997 1.569748 0.000020 3.141563 
0.610627 -0.362124 0.489086 1.569854 0.000017 3.141502 
0.612249 -0.356680 0.489188 1.570077 -0.000010 3.141400 
0.613879 -0.350973 0.489286 1.570301 -0.000028 3.141315 
0.615462 -0.345187 0.489405 1.570322 -0.000059 3.141266 
0.617002 -0.339286 0.489510 1.570271 -0.000056 3.141189 
0.618529 -0.333241 0.489625 1.570247 -0.000049 3.141024 
0.620022 -0.327046 0.489756 1.570515 -0.000114 3.140874 
0.621448 -0.320820 0.489872 1.570883 -0.000149 3.140819 
0.622761 -0.314671 0.489998 1.571083 -0.000174 3.140901 
0.624015 -0.308460 0.490101 1.571482 -0.000156 3.140980 
0.625219 -0.302206 0.490216 1.571959 -0.000148 3.141068 
0.626340 -0.295977 0.490319 1.572368 -0.000168 3.141155 
0.627363 -0.289910 0.490398 1.572490 -0.000132 3.141226 
0.628287 -0.283892 0.490485 1.572517 -0.000107 3.141335 
0.629154 -0.277839 0.490564 1.572618 -0.000067 3.141444 
0.629945 -0.271817 0.490654 1.572655 -0.000051 3.141575 
0.630636 -0.265895 0.490730 1.572534 -0.000001 -3.141482 
0.631252 -0.260100 0.490801 1.572146 0.000081 -3.141375 
0.631806 -0.254248 0.490887 1.571888 0.000119 -3.141270 
0.632315 -0.248312 0.490952 1.571827 0.000197 -3.141182 
0.632750 -0.242402 0.491028 1.571703 0.000245 -3.141095 
0.633106 -0.236564 0.491091 1.571485 0.000324 -3.141022 
0.633409 -0.230732 0.491160 1.571233 0.000401 -3.140950 
0.633654 -0.224801 0.491237 1.571199 0.000456 -3.140876 
0.633847 -0.218828 0.491302 1.571256 0.000506 -3.140807 
0.633960 -0.212930 0.491383 1.571173 0.000492 -3.140745 
0.634019 -0.207088 0.491444 1.571012 0.000499 -3.140771 
0.634040 -0.201200 0.491517 1.570900 0.000467 -3.140865 
0.634005 -0.195233 0.491587 1.570984 0.000426 -3.140962 
0.633909 -0.189303 0.491652 1.571013 0.000393 -3.141063 
0.633731 -0.183474 0.491732 1.570861 0.000327 -3.141164 
0.633497 -0.177648 0.491796 1.570742 0.000294 -3.141290 
0.633178 -0.171752 0.491876 1.570806 0.000269 -3.141298 
0.632778 -0.165829 0.491946 1.570963 0.000273 -3.141228 
0.632313 -0.160002 0.492012 1.570970 0.000290 -3.141159 
0.631777 -0.154250 0.492080 1.570874 0.000304 -3.141098 
0.631194 -0.148459 0.492136 1.570879 0.000375 -3.141076 
0.630539 -0.142612 0.492210 1.571034 0.000404 -3.141023 
0.629827 -0.136802 0.492273 1.571159 0.000423 -3.141003 
0.629060 -0.131133 0.492347 1.571006 0.000424 -3.140968 
0.628227 -0.125468 0.492422 1.570899 0.000431 -3.140924 
0.627347 -0.119736 0.492495 1.570952 0.000406 -3.140952 
0.626396 -0.113997 0.492570 1.571058 0.000356 -3.140972 
0.625390 -0.108369 0.492627 1.571009 0.000339 -3.141000 
0.624330 -0.102832 0.492690 1.570804 0.000320 -3.141021 
0.623197 -0.097240 0.492749 1.570775 0.000318 -3.141023 
0.622010 -0.091629 0.492804 1.570835 0.000351 -3.141033 
0.620763 -0.086061 0.492864 1.570850 0.000345 -3.141057 
0.619475 -0.080607 0.492916 1.570692 0.000337 -3.141133 
0.618119 -0.075156 0.492987 1.570553 0.000290 -3.141186 
0.616683 -0.069635 0.493043 1.570664 0.000266 -3.141246 
0.615190 -0.064153 0.493106 1.570750 0.000218 -3.141286 
0.613661 -0.058845 0.493162 1.570660 0.000163 -3.141353 
0.612132 -0.053749 0.493211 1.570517 0.000108 -3.141455 
0.610600 -0.048782 0.493270 1.570601 0.000011 -3.141532 
0.609071 -0.043949 0.493319 1.570992 -0.000056 -3.141581 
0.607579 -0.039405 0.493381 1.571405 -0.000097 -3.141526 
0.606159 -0.035221 0.493444 1.571658 -0.000130 -3.141450 
0.604812 -0.031341 0.493497 1.571885 -0.000143 -3.141393 
0.603533 -0.027709 0.493562 1.572144 -0.000179 -3.141325 
0.602333 -0.024357 0.493612 1.572416 -0.000215 -3.141285 
0.601215 -0.021305 0.493649 1.572635 -0.000251 -3.141264 
0.600197 -0.018599 0.493673 1.572705 -0.000239 -3.141264 
0.599283 -0.016239 0.493687 1.572611 -0.000194 -3.141280 
0.598468 -0.014194 0.493694 1.572418 -0.000149 -3.141302 
0.597750 -0.012442 0.493699 1.572141 -0.000127 -3.141332 
0.597124 -0.010960 0.493707 1.571868 -0.000111 -3.141356 
0.596591 -0.009707 0.493710 1.571670 -0.000084 -3.141380 
0.596154 -0.008689 0.493711 1.571521 -0.000054 -3.141403 
0.595820 -0.007914 0.493707 1.571371 -0.000033 -3.141430 
0.595592 -0.007398 0.493703 1.571208 -0.000024 -3.141464 
0.595458 -0.007085 0.493695 1.571111 -0.000007 -3.141494 
0.595392 -0.006903 0.493679 1.571196 0.000025 -3.141535 
0.595378 -0.006846 0.493661 1.571193 0.000066 -3.141579 
0.595390 -0.006865 0.493646 1.571076 0.000096 3.141569 
0.595407 -0.006930 0.493636 1.570907 0.000116 3.141540 
0.595425 -0.007035 0.493621 1.570685 0.000150 3.141503 
0.595446 -0.007164 0.493599 1.570422 0.000192 3.141458 
0.595486 -0.007322 0.493575 1.570081 0.000227 3.141419 
0.595527 -0.007464 0.493562 1.569787 0.000243 3.141400 
0.595564 -0.007577 0.493561 1.569532 0.000237 3.141402 
0.595591 -0.007660 0.493562 1.569340 0.000235 3.141404 
0.595606 -0.007709 0.493565 1.569226 0.000232 3.141410 
0.595611 -0.007726 0.493568 1.569188 0.000227 3.141414 
0.595607 -0.007712 0.493576 1.569210 0.000212 3.141426 
0.595600 -0.007674 0.493587 1.569279 0.000192 3.141442 
0.595587 -0.007620 0.493594 1.569388 0.000177 3.141452 
0.595566 -0.007554 0.493597 1.569537 0.000171 3.141458 
0.595542 -0.007488 0.493604 1.569689 0.000164 3.141468 
0.595515 -0.007429 0.493618 1.569828 0.000144 3.141492 
0.595490 -0.007377 0.493642 1.569944 0.000109 3.141531 
0.595468 -0.007330 0.493665 1.570043 0.000074 3.141570 
0.595450 -0.007285 0.493684 1.570136 0.000046 -3.141584 
0.595434 -0.007241 0.493699 1.570229 0.000023 -3.141560 
0.595424 -0.007201 0.493707 1.570309 0.000008 -3.141546 
0.595415 -0.007165 0.493711 1.570383 0.000003 -3.141540 
0.595410 -0.007136 0.493710 1.570442 0.000003 -3.141541 
0.595410 -0.007117 0.493710 1.570476 0.000004 -3.141542 
0.595409 -0.007105 0.493708 1.570500 0.000007 -3.141545 
0.595408 -0.007092 0.493705 1.570527 0.000012 -3.141550 
0.595406 -0.007081 0.493701 1.570551 0.000018 -3.141557 
0.595404 -0.007073 0.493697 1.570572 0.000024 -3.141563 
0.595403 -0.007068 0.493690 1.570589 0.000035 -3.141576 
0.595404 -0.007063 0.493681 1.570604 0.000050 -3.141591 
0.595404 -0.007058 0.493670 1.570621 0.000066 3.141577 
0.595404 -0.007052 0.493661 1.570640 0.000080 3.141561 
0.595405 -0.007048 0.493652 1.570652 0.000094 3.141546 
0.595406 -0.007044 0.493645 1.570664 0.000103 3.141535 
0.595406 -0.007038 0.493639 1.570679 0.000112 3.141526 
0.595406 -0.007029 0.493636 1.570696 0.000118 3.141519 
0.595407 -0.007022 0.493632 1.570711 0.000123 3.141513 
0.595407 -0.007015 0.493629 1.570724 0.000128 3.141508 
0.595407 -0.007008 0.493628 1.570738 0.000130 3.141506 
0.595405 -0.007000 0.493628 1.570754 0.000130 3.141506 
0.595403 -0.006994 0.493628 1.570768 0.000129 3.141507 
0.595402 -0.006991 0.493629 1.570775 0.000128 3.141508 
0.595401 -0.006991 0.493630 1.570778 0.000127 3.141509 
0.595399 -0.006990 0.493631 1.570780 0.000125 3.141512 
0.595398 -0.006992 0.493632 1.570778 0.000124 3.141512 
0.595398 -0.006996 0.493634 1.570770 0.000120 3.141517 
0.595397 -0.007002 0.493637 1.570759 0.000115 3.141522 
0.595396 -0.007007 0.493639 1.570750 0.000113 3.141524 
0.595396 -0.007010 0.493639 1.570745 0.000112 3.141525 
0.595395 -0.007011 0.493640 1.570744 0.000111 3.141525 
0.595395 -0.007013 0.493640 1.570741 0.000111 3.141526 
0.595394 -0.007015 0.493641 1.570739 0.000110 3.141527 
0.595394 -0.007016 0.493641 1.570738 0.000109 3.141528 
0.595393 -0.007015 0.493641 1.570739 0.000109 3.141528 
0.595393 -0.007016 0.493641 1.570740 0.000109 3.141528 
0.595392 -0.007017 0.493641 1.570738 0.000109 3.141528 
0.595392 -0.007018 0.493642 1.570736 0.000109 3.141528 
0.595392 -0.007018 0.493642 1.570737 0.000109 3.141528 
0.595392 -0.007018 0.493641 1.570737 0.000108 3.141528 
0.595392 -0.007018 0.493641 1.570737 0.000108 3.141528 
0.595392 -0.007017 0.493641 1.570738 0.000108 3.141528 
0.595392 -0.007016 0.493642 1.570740 0.000108 3.141529 
0.595391 -0.007015 0.493642 1.570743 0.000108 3.141529 
0.595391 -0.007013 0.493642 1.570747 0.000108 3.141529 
0.595391 -0.007012 0.493642 1.570749 0.000108 3.141529 
0.595390 -0.007012 0.493642 1.570750 0.000108 3.141529 
0.595390 -0.007011 0.493642 1.570751 0.000108 3.141529 
0.595390 -0.007011 0.493642 1.570751 0.000108 3.141529 
0.595390 -0.007011 0.493642 1.570751 0.000108 3.141529 
0.595390 -0.007011 0.493642 1.570751 0.000108 3.141529 
0.595390 -0.007011 0.493642 1.570752 0.000108 3.141529 
0.595390 -0.007010 0.493642 1.570753 0.000108 3.141529 
0.595390 -0.007009 0.493642 1.570755 0.000107 3.141529 
0.595390 -0.007009 0.493642 1.570756 0.000107 3.141529 
0.595389 -0.007008 0.493642 1.570758 0.000108 3.141529 
0.595389 -0.007008 0.493642 1.570760 0.000108 3.141529 
0.595389 -0.007008 0.493642 1.570760 0.000107 3.141529 
0.595389 -0.007008 0.493642 1.570760 0.000107 3.141529 
0.595389 -0.007008 0.493642 1.570759 0.000107 3.141529 
0.595389 -0.007009 0.493642 1.570759 0.000107 3.141529 
0.595389 -0.007008 0.493642 1.570759 0.000107 3.141529 
0.595389 -0.007008 0.493642 1.570759 0.000107 3.141529 
0.595389 -0.007008 0.493642 1.570760 0.000107 3.141529 
0.595389 -0.007007 0.493642 1.570761 0.000107 3.141529 
0.595388 -0.007007 0.493642 1.570763 0.000107 3.141529 
0.595388 -0.007006 0.493642 1.570765 0.000107 3.141529 
0.595388 -0.007006 0.493642 1.570766 0.000107 3.141529 
0.595387 -0.007006 0.493642 1.570766 0.000107 3.141529 
0.595387 -0.007006 0.493642 1.570765 0.000107 3.141529 
0.595387 -0.007006 0.493642 1.570765 0.000107 3.141529 
0.595388 -0.007006 0.493642 1.570764 0.000107 3.141529 
0.595387 -0.007007 0.493642 1.570764 0.000107 3.141529 
