0.000009 0.000006 0.000006 0.000017 -0.000011 -0.000024 
-0.000001 0.000001 -0.000004 -0.000014 0.000006 0.000030 
-0.000002 -0.000001 -0.000010 0.000008 0.000011 -0.000024 
0.000004 0.000002 0.000010 -0.000008 -0.000011 -0.000006 
0.000005 0.000006 -0.000011 0.000025 0.000025 0.000042 
-0.000005 -0.000001 0.000002 -0.000018 -0.000014 -0.000006 
0.000012 0.000004 -0.000008 -0.000001 0.000014 -0.000006 
-0.000010 -0.000002 0.000002 0.000014 -0.000013 0.000012 
-0.000001 -0.000006 0.000014 -0.000022 0.000005 -0.000024 
-0.000001 0.000003 -0.000006 0.000012 -0.000011 -0.000006 
0.000004 0.000001 -0.000006 -0.000007 0.000027 0.000018 
-0.000003 0.000000 0.000004 0.000006 -0.000010 -0.000012 
0.000006 0.000006 0.000002 0.000003 -0.000005 0.000006 
-0.000008 -0.000015 -0.000000 -0.000000 0.000000 -0.000012 
0.000003 0.000005 0.000000 0.000019 -0.000003 0.000018 
0.000001 -0.000003 -0.000008 -0.000009 0.000009 -0.000030 
-0.000005 -0.000010 -0.000002 -0.000005 -0.000007 -0.000006 
0.000005 0.000010 -0.000008 0.000012 0.000018 0.000060 
0.000001 0.000005 0.000010 -0.000007 -0.000011 -0.000024 
-0.000002 -0.000002 -0.000000 -0.000002 -0.000012 -0.000024 
0.000008 0.000014 0.000000 0.000002 0.000012 0.000048 
-0.000000 0.000001 0.000004 -0.000005 -0.000003 0.000012 
-0.000007 -0.000011 -0.000004 0.000005 0.000003 -0.000030 
-0.000002 -0.000006 0.000008 -0.000011 -0.000006 -0.000018 
-0.000004 -0.000006 -0.000008 0.000010 0.000006 0.000006 
0.000004 0.000006 0.000008 -0.000010 -0.000006 -0.000006 
-0.000000 -0.000002 -0.000000 -0.000000 0.000000 0.000024 
0.000002 0.000001 -0.000010 0.000026 0.000008 -0.000018 
0.000001 0.000003 -0.000002 -0.000024 -0.000004 -0.000006 
0.000005 0.000008 -0.000006 0.000012 0.000024 0.000036 
-0.000000 0.000002 0.000002 -0.000016 -0.000002 -0.000012 
0.000002 0.000007 0.000002 0.000001 -0.000017 0.000012 
-0.000006 -0.000016 -0.000000 0.000002 0.000012 -0.000030 
-0.000000 -0.000005 0.000004 0.000025 -0.000013 -0.000006 
-0.000001 0.000005 0.000000 -0.000002 -0.000012 0.000024 
0.000002 0.000002 -0.000004 -0.000025 0.000013 -0.000018 
0.000004 0.000003 -0.000004 -0.000004 0.000022 0.000018 
0.000000 -0.000005 -0.000008 0.000029 0.000003 -0.000000 
-0.000000 -0.000000 0.000006 -0.000013 -0.000001 -0.000018 
-0.000001 -0.000003 -0.000004 -0.000006 0.000010 -0.000006 
0.000001 0.000001 -0.000008 0.000010 0.000006 0.000018 
-0.000004 0.000000 0.000019 -0.000034 -0.000019 -0.000024 
0.000006 0.000012 -0.000019 0.000015 0.000022 0.000036 
-0.000002 -0.000006 0.000008 0.000008 -0.000009 -0.000000 
-0.000001 -0.000001 0.000006 -0.000021 -0.000005 -0.000024 
-0.000000 0.000003 -0.000000 0.000011 -0.000007 -0.000006 
0.000003 -0.000007 -0.000006 0.000010 0.000013 -0.000000 
-0.000000 0.000003 -0.000008 -0.000008 0.000009 0.000018 
-0.000001 -0.000008 -0.000000 0.000019 -0.000003 -0.000024 
-0.000002 -0.000003 -0.000006 -0.000009 0.000016 0.000006 
0.001470 0.004582 -0.007436 -0.016343 0.010511 0.006264 
0.013883 0.012988 -0.060363 -0.048581 0.105313 0.017513 
0.015323 0.011886 -0.095693 -0.019031 0.106222 0.020806 
0.012550 0.009840 -0.112272 -0.017807 0.098038 0.021026 
0.002162 0.006122 -0.101814 -0.000713 0.029969 0.010547 
-0.011380 0.006299 -0.069159 -0.004483 -0.076504 -0.012188 
-0.016758 0.003184 -0.051387 0.014043 -0.123371 -0.042700 
-0.014448 0.000207 -0.029460 0.028595 -0.120242 -0.067834 
-0.012273 -0.004460 -0.004566 0.042721 -0.107406 -0.056399 
-0.007697 -0.006848 0.020825 0.050036 -0.075033 -0.020536 
-0.007195 -0.015504 0.039098 0.054168 -0.046109 -0.007971 
-0.001711 -0.008736 0.057458 0.034939 -0.010983 0.020447 
0.000358 -0.007573 0.073497 0.015668 0.014387 0.011549 
0.003681 -0.005480 0.079463 -0.002260 0.040104 0.002851 
0.006378 -0.004551 0.078942 -0.008938 0.055385 0.003971 
0.008982 -0.003057 0.071083 -0.016959 0.071329 0.003183 
0.006450 0.000042 0.063382 -0.024764 0.046981 0.003189 
0.001333 0.003427 0.054201 -0.032526 0.010908 0.001739 
-0.002794 0.004832 0.041497 -0.030309 -0.017270 0.002796 
-0.004500 0.004838 0.026926 -0.019099 -0.032416 0.004542 
-0.003745 0.004022 0.015302 -0.015429 -0.025330 0.004771 
-0.002095 0.002362 0.010484 -0.010957 -0.010801 0.002728 
0.000309 -0.000076 -0.000972 -0.006268 0.009150 -0.001055 
0.003206 0.000288 -0.008966 -0.004673 0.022691 -0.001738 
0.004716 0.000407 -0.015913 -0.000187 0.029703 0.000048 
0.004754 -0.001109 -0.021845 0.005112 0.032094 0.000048 
0.003961 -0.001490 -0.022556 0.006568 0.026691 -0.003267 
0.000936 -0.000489 -0.021147 0.005479 0.006596 0.000634 
-0.003189 -0.000341 -0.018706 0.003418 -0.019142 0.000379 
-0.004047 -0.000532 -0.016799 0.003950 -0.025027 0.000099 
-0.003605 -0.000719 -0.013592 0.004187 -0.022642 -0.000525 
-0.003323 0.000360 -0.007872 0.002630 -0.023575 0.001490 
-0.001630 -0.000493 -0.005061 0.005240 -0.011589 0.000157 
0.000604 -0.000097 -0.001817 0.004291 0.001380 0.001141 
0.000206 0.000050 0.001351 0.003543 -0.000640 0.000820 
-0.000595 -0.000199 0.002333 0.002656 -0.005443 0.000187 
-0.001349 -0.000495 0.004348 0.003028 -0.008898 0.000186 
-0.001236 -0.000385 0.006500 0.005319 -0.009108 0.000621 
-0.000377 -0.000778 0.008145 0.004422 -0.003081 -0.000017 
0.001309 -0.000489 0.007439 0.003024 0.007622 -0.000165 
0.003292 -0.000469 0.006148 0.003370 0.020162 -0.000066 
0.003917 -0.000596 0.005643 0.002967 0.025134 -0.000154 
0.001998 -0.000030 0.005993 -0.000248 0.012597 -0.000201 
0.000102 0.000570 0.004251 -0.003984 0.000402 -0.000017 
-0.000363 0.001028 0.002465 -0.005703 -0.002730 0.000340 
-0.000845 0.000810 0.001529 -0.005086 -0.005341 0.000367 
-0.000129 0.000443 0.001507 -0.002933 -0.000928 -0.000185 
-0.000150 0.000089 0.001379 -0.001863 -0.000745 -0.000484 
-0.000018 0.000233 0.000601 -0.001471 0.000073 0.000164 
0.000025 0.000071 -0.000173 -0.000522 0.000324 -0.000051 
0.000086 -0.000054 -0.000249 -0.000281 0.000922 -0.000070 
0.000031 -0.000081 -0.000191 -0.000046 0.000465 -0.000289 
-0.000027 -0.000186 -0.000186 0.000480 -0.000020 -0.000247 
-0.000008 -0.000011 -0.000364 0.000205 -0.000044 0.000069 
0.000061 0.000091 -0.000543 -0.000894 0.000789 -0.000114 
0.000312 0.000128 -0.001181 -0.001798 0.002727 -0.000320 
0.000204 0.000254 -0.000826 -0.001549 0.001336 -0.000012 
-0.000446 0.000137 -0.000153 -0.000854 -0.002707 0.000002 
-0.000579 0.000129 0.000063 -0.000376 -0.003879 0.000053 
-0.000359 0.000081 -0.000015 -0.000379 -0.002420 -0.000016 
-0.000241 0.000060 -0.000036 -0.000261 -0.001633 -0.000040 
-0.000235 -0.000029 -0.000067 -0.000206 -0.001368 -0.000226 
-0.000027 -0.000120 -0.000159 -0.000122 0.000185 -0.000314 
-0.000010 -0.000287 -0.000280 -0.000058 0.000626 -0.000785 
0.000087 -0.000088 -0.000346 -0.000259 0.000737 -0.000315 
0.000060 0.000028 -0.000186 -0.000130 0.000326 -0.000026 
0.000060 0.000014 -0.000224 -0.000238 0.000524 -0.000012 
0.000041 0.000071 -0.000127 -0.000212 0.000197 0.000058 
-0.000042 0.000123 -0.000079 -0.000177 -0.000482 0.000212 
-0.000057 0.000125 -0.000011 -0.000036 -0.000519 0.000306 
-0.000007 -0.000038 0.000015 0.000001 -0.000057 -0.000138 
-0.000009 0.000003 -0.000016 -0.000011 -0.000068 0.000018 
-0.000060 -0.000001 -0.000055 0.000008 -0.000385 -0.000018 
0.000006 -0.000025 -0.000133 0.000090 0.000080 -0.000041 
-0.000008 -0.000082 -0.000144 0.000132 0.000125 -0.000131 
-0.000029 -0.000120 -0.000119 0.000116 -0.000020 -0.000245 
-0.000030 -0.000020 -0.000062 0.000030 -0.000139 0.000006 
0.000007 0.000003 -0.000019 0.000008 -0.000019 -0.000024 
0.000052 0.000097 -0.000028 -0.000001 0.000036 0.000192 
0.000025 0.000105 -0.000052 0.000018 -0.000138 0.000222 
-0.000005 0.000033 -0.000039 0.000034 -0.000138 0.000048 
-0.000016 -0.000028 -0.000027 0.000044 -0.000010 -0.000024 
-0.000012 -0.000015 -0.000012 -0.000002 -0.000025 -0.000030 
-0.000062 -0.000042 -0.000004 -0.000018 -0.000229 -0.000048 
-0.000071 -0.000110 -0.000023 0.000007 -0.000057 -0.000222 
-0.000031 -0.000117 -0.000024 0.000026 -0.000004 -0.000282 
0.000002 -0.000049 -0.000066 0.000107 0.000049 -0.000066 
0.000035 -0.000005 -0.000144 0.000192 0.000111 0.000066 
0.000047 0.000030 -0.000141 0.000119 0.000139 0.000061 
0.000039 0.000057 -0.000126 0.000129 0.000110 0.000192 
0.000034 0.000026 -0.000101 0.000100 0.000058 0.000054 
0.000005 0.000049 -0.000060 0.000063 -0.000034 0.000126 
-0.000014 -0.000014 -0.000004 0.000016 -0.000053 -0.000036 
-0.000038 -0.000059 0.000006 -0.000024 -0.000023 -0.000108 
-0.000045 -0.000058 0.000007 0.000021 -0.000089 -0.000084 
-0.000051 -0.000089 -0.000008 -0.000025 -0.000091 -0.000216 
-0.000002 -0.000013 -0.000016 0.000030 0.000011 -0.000000 
-0.000002 -0.000043 -0.000035 0.000030 0.000018 -0.000102 
0.000015 -0.000018 -0.000084 0.000103 0.000051 -0.000018 
0.000029 0.000013 -0.000105 0.000121 0.000084 0.000078 
0.000070 0.000093 -0.000085 0.000092 0.000080 0.000204 
0.000037 0.000083 -0.000066 0.000094 0.000001 0.000192 
-0.000001 0.000040 -0.000011 0.000001 -0.000092 0.000072 
-0.000017 -0.000013 0.000004 -0.000039 -0.000016 -0.000012 
-0.000027 -0.000011 0.000017 0.000015 -0.000106 -0.000024 
-0.000039 -0.000049 0.000004 -0.000003 -0.000130 -0.000120 
-0.000039 -0.000030 0.000015 -0.000042 -0.000105 -0.000036 
-0.000024 -0.000068 -0.000004 -0.000000 -0.000026 -0.000186 
-0.000007 -0.000050 -0.000027 0.000031 0.000022 -0.000096 
0.000015 0.000015 -0.000027 0.000035 0.000015 0.000054 
0.000045 0.000043 -0.000079 0.000077 0.000068 0.000096 
0.000065 0.000115 -0.000085 0.000104 0.000072 0.000276 
0.000021 0.000032 -0.000023 0.000041 -0.000001 0.000054 
0.000014 0.000063 0.000008 -0.000004 -0.000032 0.000162 
-0.000029 0.000020 0.000046 -0.000007 -0.000182 0.000035 
-0.000027 -0.000031 0.000023 -0.000037 -0.000053 -0.000084 
-0.000044 -0.000056 0.000005 0.000023 -0.000083 -0.000096 
-0.000043 -0.000085 -0.000000 -0.000036 -0.000067 -0.000185 
-0.000017 -0.000056 -0.000029 0.000017 0.000005 -0.000132 
-0.000010 -0.000047 -0.000029 0.000020 0.000040 -0.000084 
0.000043 0.000040 -0.000044 -0.000002 0.000058 0.000055 
0.000032 0.000036 -0.000089 0.000116 0.000045 0.000108 
0.000024 0.000018 -0.000047 0.000053 0.000055 0.000048 
0.000034 0.000090 0.000000 -0.000003 -0.000025 0.000186 
0.000001 0.000062 0.000029 -0.000003 -0.000079 0.000149 
-0.000024 -0.000022 0.000025 0.000003 -0.000063 -0.000066 
-0.000041 -0.000037 0.000025 -0.000014 -0.000091 -0.000048 
-0.000031 -0.000071 0.000007 0.000006 -0.000020 -0.000138 
-0.000035 -0.000058 -0.000018 -0.000008 -0.000021 -0.000114 
-0.000013 -0.000044 -0.000020 0.000012 0.000005 -0.000096 
-0.000002 -0.000073 -0.000037 0.000028 0.000053 -0.000173 
0.000026 0.000030 -0.000048 0.000007 0.000066 0.000078 
0.000038 0.000015 -0.000105 0.000159 0.000078 0.000048 
0.000034 0.000060 -0.000050 0.000038 0.000048 0.000126 
0.000028 0.000081 0.000004 0.000007 -0.000011 0.000228 
-0.000001 0.000030 0.000025 -0.000009 -0.000062 0.000048 
-0.000010 0.000037 0.000042 0.000016 -0.000103 0.000083 
-0.000050 -0.000078 0.000032 -0.000038 -0.000070 -0.000180 
-0.000023 -0.000034 0.000011 0.000013 -0.000031 -0.000048 
-0.000031 -0.000067 -0.000016 0.000026 -0.000030 -0.000096 
-0.000025 -0.000077 -0.000025 -0.000017 0.000054 -0.000203 
0.000005 -0.000013 -0.000025 0.000017 0.000031 -0.000012 
0.000032 0.000022 -0.000036 0.000020 0.000071 0.000018 
0.000038 0.000058 -0.000054 0.000041 0.000040 0.000144 
0.000032 0.000074 -0.000008 0.000022 -0.000002 0.000144 
0.000041 0.000101 0.000020 -0.000016 -0.000017 0.000204 
-0.000001 0.000064 0.000042 0.000011 -0.000096 0.000161 
-0.000024 -0.000013 0.000033 -0.000011 -0.000093 -0.000036 
-0.000033 -0.000036 0.000033 -0.000008 -0.000069 -0.000066 
-0.000048 -0.000081 0.000013 -0.000005 -0.000045 -0.000162 
-0.000023 -0.000082 -0.000018 -0.000005 0.000033 -0.000203 
-0.000013 -0.000031 -0.000031 0.000026 0.000002 -0.000036 
0.000009 -0.000022 -0.000033 0.000005 0.000058 -0.000047 
0.000020 0.000015 -0.000029 0.000020 0.000051 0.000030 
0.000035 0.000049 -0.000025 0.000015 0.000019 0.000108 
0.000031 0.000067 0.000008 -0.000028 0.000002 0.000078 
0.000018 0.000077 0.000014 -0.000000 -0.000023 0.000210 
-0.000015 0.000002 0.000039 -0.000010 -0.000060 -0.000000 
-0.000017 -0.000002 0.000042 0.000001 -0.000076 0.000017 
-0.000028 -0.000031 0.000029 0.000011 -0.000056 -0.000049 
-0.000038 -0.000079 0.000007 -0.000013 -0.000017 -0.000180 
-0.000030 -0.000062 -0.000008 0.000009 0.000001 -0.000120 
-0.000009 -0.000054 -0.000025 0.000013 0.000043 -0.000120 
0.000012 -0.000007 -0.000039 0.000019 0.000058 -0.000018 
0.000023 0.000017 -0.000034 0.000002 0.000057 0.000024 
0.000040 0.000062 -0.000029 -0.000010 0.000044 0.000126 
0.000021 0.000060 -0.000009 0.000010 0.000004 0.000138 
0.000022 0.000057 0.000012 -0.000015 -0.000010 0.000114 
-0.000004 0.000048 0.000048 -0.000021 -0.000070 0.000101 
-0.000022 -0.000004 0.000044 0.000007 -0.000089 0.000005 
-0.000033 -0.000036 0.000033 -0.000008 -0.000069 -0.000066 
-0.000036 -0.000057 0.000013 -0.000002 -0.000027 -0.000078 
-0.000024 -0.000090 -0.000018 0.000013 0.000030 -0.000227 
-0.000001 -0.000025 -0.000033 -0.000013 0.000061 -0.000047 
0.000016 -0.000013 -0.000041 0.000018 0.000076 -0.000047 
0.000024 0.000013 -0.000033 0.000003 0.000058 0.000024 
0.000033 0.000065 -0.000017 0.000013 -0.000001 0.000132 
0.000024 0.000050 0.000006 -0.000029 -0.000010 0.000084 
0.000026 0.000086 0.000016 -0.000020 -0.000013 0.000204 
-0.000018 0.000001 0.000040 0.000007 -0.000072 -0.000043 
-0.000024 0.000002 0.000052 -0.000032 -0.000079 0.000042 
-0.000033 -0.000025 0.000038 0.000030 -0.000107 -0.000031 
-0.000025 -0.000060 0.000021 -0.000015 -0.000027 -0.000156 
-0.000011 -0.000032 -0.000010 0.000007 0.000012 -0.000036 
-0.000007 -0.000050 -0.000041 0.000001 0.000030 -0.000119 
0.000016 -0.000021 -0.000034 0.000003 0.000099 -0.000089 
0.000032 0.000038 -0.000046 0.000010 0.000061 0.000102 
0.000030 0.000039 -0.000021 0.000010 0.000033 0.000060 
0.000028 0.000071 0.000000 -0.000009 0.000001 0.000132 
0.000005 0.000041 0.000027 -0.000035 -0.000051 0.000096 
-0.000015 0.000024 0.000041 -0.000015 -0.000058 0.000071 
-0.000012 0.000010 0.000050 0.000022 -0.000069 0.000023 
-0.000028 -0.000034 0.000032 -0.000028 -0.000072 -0.000060 
-0.000027 -0.000041 0.000004 0.000001 -0.000010 -0.000060 
-0.000028 -0.000095 -0.000014 0.000010 0.000022 -0.000222 
0.000001 -0.000033 -0.000033 -0.000005 0.000053 -0.000083 
0.000007 -0.000012 -0.000040 0.000013 0.000046 -0.000030 
0.000019 -0.000018 -0.000058 0.000022 0.000100 -0.000065 
0.000033 0.000066 -0.000015 -0.000011 0.000028 0.000150 
0.000031 0.000066 0.000004 0.000003 -0.000034 0.000126 
0.000002 0.000039 0.000029 -0.000010 -0.000024 0.000108 
-0.000011 0.000033 0.000052 -0.000017 -0.000080 0.000053 
-0.000013 -0.000007 0.000036 -0.000012 -0.000066 -0.000000 
-0.000017 -0.000015 0.000034 -0.000000 -0.000045 -0.000054 
-0.000043 -0.000095 -0.000000 -0.000002 -0.000011 -0.000186 
-0.000003 -0.000034 -0.000021 0.000008 0.000040 -0.000060 
-0.000010 -0.000047 -0.000033 0.000008 0.000040 -0.000102 
0.000022 -0.000013 -0.000054 0.000003 0.000093 -0.000035 
0.000011 0.000013 -0.000035 0.000034 0.000040 0.000060 
0.000026 0.000037 0.000006 -0.000013 -0.000001 0.000024 
0.000028 0.000075 0.000010 0.000016 -0.000027 0.000161 
0.000001 0.000055 0.000037 -0.000041 -0.000057 0.000120 
-0.000002 0.000021 0.000036 0.000001 -0.000062 0.000047 
-0.000015 0.000016 0.000048 -0.000016 -0.000065 0.000047 
-0.000018 -0.000031 0.000013 0.000010 -0.000029 -0.000060 
-0.000030 -0.000070 -0.000004 0.000003 0.000010 -0.000174 
-0.000016 -0.000053 -0.000012 0.000015 0.000010 -0.000084 
0.000009 -0.000032 -0.000042 -0.000011 0.000078 -0.000077 
0.000016 0.000015 -0.000033 -0.000004 0.000041 0.000024 
0.000016 0.000015 -0.000015 0.000020 0.000024 0.000000 
0.000023 0.000054 -0.000013 -0.000008 0.000022 0.000144 
0.000017 0.000062 0.000014 -0.000001 -0.000022 0.000126 
0.000965 0.000367 -0.000257 0.000599 0.004778 0.001261 
0.001938 0.001080 -0.000599 0.000569 0.008415 0.002217 
0.001472 0.001605 -0.000558 -0.000418 0.003632 0.002767 
0.002238 0.003249 -0.000463 -0.000275 0.002800 0.005568 
0.004702 0.008091 -0.000470 -0.000329 0.002037 0.012201 
0.008427 0.015788 -0.000446 -0.000099 0.001676 0.007554 
0.014601 0.032046 -0.000147 0.000248 0.001169 0.004443 
0.022488 0.055160 0.000076 0.000583 0.000268 0.003335 
0.028661 0.075395 0.000125 0.000906 -0.000543 -0.013428 
0.035956 0.097241 -0.000258 0.002157 -0.000584 -0.033501 
0.044400 0.122699 -0.001229 0.003604 0.000197 -0.042514 
0.055089 0.154038 -0.000879 0.003729 -0.000736 -0.037586 
0.065741 0.185190 0.000056 0.003088 -0.001671 -0.033240 
0.076982 0.217791 0.000909 0.002410 -0.002239 -0.029695 
0.088014 0.250341 0.001438 0.002401 -0.002975 -0.023605 
0.098151 0.282102 0.001859 0.003439 -0.003496 -0.021620 
0.109888 0.319521 0.002494 0.003720 -0.004156 -0.002962 
0.121265 0.357140 0.003359 0.005965 -0.003941 0.013485 
0.131879 0.393903 0.005575 0.005499 -0.005849 0.025427 
0.139147 0.423798 0.006701 0.003623 -0.005958 0.020561 
0.143727 0.451115 0.005424 0.003656 -0.003682 0.017377 
0.148139 0.480028 0.004570 0.002016 -0.001685 0.013506 
0.154683 0.509830 0.008848 -0.000325 0.006168 0.010601 
0.159321 0.544824 0.010180 -0.002885 0.010219 0.022287 
0.160019 0.571202 0.009778 -0.002014 0.008577 0.022419 
0.155149 0.578989 0.011883 -0.003202 0.004979 0.002038 
0.150675 0.590443 0.010443 0.000080 0.007696 -0.005058 
0.149232 0.604868 0.011430 0.000377 0.016573 -0.002397 
0.145784 0.619880 0.013121 -0.006785 0.015076 0.026738 
0.138927 0.622883 0.011561 -0.003661 0.005460 0.036875 
0.127806 0.615164 0.012515 -0.002477 -0.008087 0.019943 
0.121835 0.621285 0.010352 0.001793 -0.007805 0.039923 
0.116748 0.625451 0.011407 0.000776 -0.008772 0.047677 
0.108522 0.623054 0.010307 -0.001930 -0.008707 0.040890 
0.098835 0.606740 0.007851 0.003626 -0.006937 0.012205 
0.089079 0.601793 0.008727 0.002546 -0.010831 0.002741 
0.083280 0.605216 0.007882 0.004086 -0.010865 0.010154 
0.075744 0.602082 0.008954 0.001726 -0.012954 0.003627 
0.065884 0.592098 0.007553 0.005161 -0.012743 -0.012032 
0.058471 0.579306 0.007098 0.008216 -0.010564 -0.038885 
0.052263 0.584938 0.008635 0.003941 -0.010387 -0.025709 
0.047596 0.593342 0.006413 0.007828 -0.008698 -0.006159 
0.040283 0.590766 0.007604 0.004910 -0.008581 -0.012438 
0.032430 0.583428 0.006307 0.007892 -0.007166 -0.021707 
0.027069 0.582822 0.006894 0.007721 -0.007102 -0.025255 
0.021249 0.592685 0.007696 0.005551 -0.007229 -0.003347 
0.015974 0.596877 0.006474 0.005071 -0.006803 0.005681 
0.008069 0.589304 0.008018 -0.001398 -0.006251 -0.008288 
0.002705 0.583758 0.006124 0.000560 0.002672 -0.016190 
-0.001060 0.588258 0.007227 -0.003315 0.009383 -0.011143 
-0.006825 0.596107 0.007025 -0.004347 0.009711 0.008385 
-0.012921 0.592353 0.006459 -0.003487 0.010011 0.002959 
-0.020945 0.582294 0.007946 -0.006758 0.010055 -0.015189 
-0.026623 0.581955 0.006443 -0.003528 0.012606 -0.011989 
-0.035077 0.588854 0.007999 -0.002604 0.000836 0.006460 
-0.043303 0.591484 0.006879 0.000452 -0.006907 0.015724 
-0.049729 0.581800 0.006619 0.001775 -0.006856 0.000614 
-0.056736 0.574376 0.006783 0.001393 -0.006070 -0.009542 
-0.061461 0.578142 0.005604 0.007094 -0.002116 0.000495 
-0.068655 0.583710 0.007363 0.002859 -0.005208 0.015482 
-0.074379 0.580069 0.006253 0.001929 -0.001963 0.012479 
-0.079829 0.565907 0.007374 -0.000016 -0.003479 -0.015299 
-0.086340 0.565470 0.007489 0.000768 -0.004297 -0.010681 
-0.091130 0.572058 0.007241 -0.002600 0.002829 0.005315 
-0.098229 0.572813 0.007514 -0.005178 0.001983 0.010576 
-0.103580 0.561614 0.005612 -0.001716 0.002740 -0.004896 
-0.108928 0.552579 0.006291 -0.002055 0.002150 -0.020460 
-0.116401 0.557887 0.005920 -0.000253 0.000237 -0.002920 
-0.121715 0.559913 0.005494 0.003269 0.001096 0.005997 
-0.127705 0.555482 0.005978 -0.000735 0.002392 0.001454 
-0.131670 0.544076 0.005125 -0.000926 0.007592 -0.015704 
-0.138512 0.543735 0.007070 -0.004844 0.005304 -0.013911 
-0.146535 0.550703 0.005618 -0.002544 0.006027 0.011049 
-0.152234 0.546788 0.006231 -0.004887 0.003985 0.008601 
-0.155729 0.529390 0.005585 -0.005619 0.006609 -0.008932 
-0.155464 0.508239 0.004860 -0.005647 0.010171 -0.014319 
-0.155682 0.495317 0.005917 -0.009819 0.007679 0.008342 
-0.155232 0.482042 0.004897 -0.006825 0.004816 0.039113 
-0.151204 0.453300 0.006107 -0.004117 -0.005497 0.041284 
-0.143823 0.417330 0.006270 -0.003321 -0.007620 0.025376 
-0.136131 0.387139 0.005291 -0.001266 -0.005732 0.022637 
-0.129252 0.362416 0.006454 -0.003609 -0.006762 0.025945 
-0.121147 0.334538 0.005063 -0.003536 -0.004041 0.027200 
-0.112733 0.304550 0.003693 -0.003589 -0.002112 0.021847 
-0.102515 0.270116 0.002326 0.001160 0.000103 0.007078 
-0.091933 0.235661 0.001382 0.004457 0.001574 -0.009414 
-0.081989 0.204265 0.000739 0.004457 0.002271 -0.019299 
-0.072090 0.174990 0.000540 0.002239 0.002981 -0.027745 
-0.062840 0.148007 0.000735 0.001556 0.002456 -0.027259 
-0.053415 0.125237 0.000368 0.002721 0.002329 -0.019811 
-0.043886 0.101653 0.000019 0.003011 0.002366 -0.014962 
-0.033456 0.077470 -0.000370 0.002062 0.002696 -0.014971 
-0.022816 0.051548 -0.000420 0.000843 0.003409 -0.016277 
-0.013347 0.031308 -0.000767 0.001722 0.002991 -0.009697 
-0.006656 0.018209 -0.001564 0.003250 0.004046 0.008453 
-0.001434 0.005727 -0.001824 0.004052 0.004413 -0.000243 
0.001248 -0.001950 -0.001506 0.002969 0.003738 -0.011692 
0.001658 -0.006457 -0.001039 0.002041 0.002955 -0.016947 
0.001824 -0.010483 -0.001452 0.003353 0.003710 -0.022203 
0.002137 -0.012914 -0.002209 0.004249 0.004449 -0.026229 
0.003971 -0.015815 -0.002410 0.003472 0.003935 -0.034197 
0.004116 -0.014223 -0.001287 0.001623 0.001912 -0.029355 
0.003646 -0.011268 -0.000100 -0.000624 -0.000277 -0.025483 
0.002739 -0.008318 0.000071 -0.000178 -0.000136 -0.019241 
0.001502 -0.004932 0.000335 -0.000284 -0.000573 -0.011344 
0.000446 -0.001645 0.000279 -0.000464 -0.000449 -0.003835 
-0.000320 0.001395 0.000841 -0.001548 -0.001233 0.002217 
-0.000783 0.003787 0.001049 -0.002053 -0.001608 0.006922 
-0.001226 0.005398 0.000674 -0.001424 -0.000998 0.010877 
-0.002153 0.006587 0.000358 -0.000595 -0.000564 0.014908 
-0.002397 0.006604 0.000642 -0.000777 -0.001027 0.015213 
-0.002658 0.005931 0.001431 -0.001928 -0.002381 0.013859 
-0.002543 0.005220 0.002375 -0.003576 -0.003908 0.011576 
-0.002171 0.004660 0.002362 -0.003486 -0.003905 0.009917 
-0.001788 0.004490 0.001885 -0.002780 -0.003129 0.009353 
-0.001598 0.004441 0.001472 -0.002326 -0.002389 0.009222 
-0.001066 0.003976 0.000827 -0.001468 -0.001358 0.007994 
-0.000808 0.003638 0.000358 -0.000536 -0.000600 0.007406 
-0.000505 0.002904 -0.000021 0.000076 0.000082 0.005908 
-0.000089 0.001855 -0.000085 0.000084 0.000148 0.003422 
-0.000076 0.001236 -0.000157 0.000267 0.000270 0.002391 
-0.000121 0.001274 -0.000314 0.000545 0.000526 0.002684 
-0.000144 0.001095 -0.000421 0.000568 0.000709 0.002481 
-0.000220 0.000765 -0.000355 0.000557 0.000594 0.002025 
-0.000091 0.000521 -0.000734 0.001149 0.001238 0.001720 
0.000076 0.000500 -0.000922 0.001439 0.001535 0.001510 
0.000052 0.000530 -0.001053 0.001629 0.001756 0.001744 
-0.000041 0.000582 -0.000944 0.001448 0.001577 0.001893 
0.000105 0.000386 -0.000877 0.001319 0.001443 0.001205 
0.000064 0.000417 -0.000666 0.000932 0.001110 0.001169 
0.000042 0.000630 -0.000573 0.000877 0.000967 0.001492 
0.000031 0.000826 -0.000390 0.000598 0.000633 0.001684 
0.000030 0.000745 -0.000363 0.000530 0.000618 0.001534 
0.000028 0.000648 -0.000290 0.000466 0.000489 0.001294 
-0.000021 0.000712 -0.000123 0.000221 0.000204 0.001378 
-0.000147 0.000799 -0.000020 0.000005 0.000014 0.001654 
-0.000189 0.000620 0.000041 -0.000050 -0.000068 0.001372 
-0.000132 0.000268 0.000060 -0.000100 -0.000079 0.000641 
-0.000144 0.000096 0.000099 -0.000140 -0.000164 0.000347 
-0.000136 0.000020 0.000151 -0.000204 -0.000251 0.000162 
-0.000071 -0.000162 0.000043 -0.000056 -0.000071 -0.000186 
-0.000080 -0.000427 0.000271 -0.000435 -0.000431 -0.000809 
-0.000096 -0.000557 0.000325 -0.000510 -0.000532 -0.001055 
-0.000040 -0.000505 0.000113 -0.000209 -0.000167 -0.000887 
-0.000035 -0.000303 0.000048 -0.000080 -0.000086 -0.000485 
-0.000059 -0.000134 0.000048 -0.000078 -0.000083 -0.000174 
-0.000045 -0.000169 0.000055 -0.000036 -0.000094 -0.000240 
-0.000046 -0.000170 0.000070 -0.000123 -0.000100 -0.000264 
-0.000045 -0.000100 0.000046 -0.000022 -0.000078 -0.000102 
-0.000063 0.000034 0.000007 -0.000051 -0.000019 0.000156 
-0.000072 -0.000038 0.000013 -0.000003 -0.000007 0.000054 
-0.000016 -0.000149 0.000001 -0.000006 -0.000008 -0.000216 
-0.000000 -0.000076 0.000003 -0.000026 0.000015 -0.000126 
-0.000010 0.000015 0.000002 0.000010 -0.000015 0.000024 
-0.000000 0.000016 -0.000009 -0.000044 0.000008 0.000030 
-0.000006 0.000007 0.000000 -0.000007 -0.000006 0.000018 
-0.000005 0.000027 0.000005 -0.000011 0.000005 0.000054 
-0.000033 0.000088 0.000008 -0.000012 -0.000014 0.000204 
-0.000071 0.000146 0.000016 0.000008 -0.000014 0.000377 
-0.000044 0.000168 0.000013 0.000013 -0.000015 0.000389 
-0.000020 0.000107 0.000005 0.000002 -0.000015 0.000192 
-0.000011 0.000058 0.000009 -0.000029 -0.000014 0.000108 
-0.000007 0.000032 0.000002 0.000012 0.000002 0.000072 
-0.000005 0.000019 -0.000005 -0.000009 0.000008 0.000042 
0.000001 0.000002 -0.000003 -0.000025 -0.000006 -0.000006 
0.000003 -0.000012 -0.000005 0.000006 0.000021 -0.000030 
-0.000001 0.000026 0.000005 0.000004 0.000002 0.000060 
-0.000013 0.000070 -0.000002 -0.000004 0.000004 0.000132 
-0.000024 0.000089 0.000011 -0.000023 -0.000015 0.000186 
-0.000025 0.000051 0.000000 -0.000015 -0.000007 0.000138 
-0.000050 0.000061 0.000015 0.000026 -0.000019 0.000198 
-0.000032 0.000038 0.000001 -0.000001 0.000006 0.000132 
-0.000024 0.000016 0.000005 -0.000008 -0.000009 0.000060 
-0.000000 -0.000019 -0.000005 -0.000024 0.000011 -0.000048 
0.000005 -0.000046 -0.000000 0.000007 0.000006 -0.000072 
0.000001 -0.000019 -0.000005 0.000008 0.000009 -0.000030 
-0.000002 0.000023 -0.000005 -0.000009 0.000008 0.000042 
0.000002 0.000013 -0.000007 -0.000024 0.000020 0.000000 
-0.000004 0.000026 0.000008 0.000007 -0.000020 0.000066 
-0.000015 0.000043 0.000005 -0.000003 0.000005 0.000102 
-0.000043 0.000079 0.000010 0.000001 -0.000017 0.000210 
-0.000037 0.000076 0.000016 -0.000015 -0.000026 0.000186 
-0.000027 0.000021 0.000002 0.000006 -0.000010 0.000084 
-0.000006 0.000006 -0.000002 -0.000006 0.000010 0.000030 
0.000001 -0.000027 -0.000008 -0.000008 0.000026 -0.000048 
-0.000001 -0.000014 0.000003 -0.000004 -0.000004 -0.000024 
0.000009 -0.000039 -0.000003 0.000023 -0.000003 -0.000072 
-0.000005 -0.000007 -0.000002 -0.000023 0.000011 0.000000 
