-0.073948 -0.015914 0.229809 0.999405 -0.009427 0.033178 -0.000443 
-0.073970 -0.015915 0.229866 0.999406 -0.009290 0.033160 -0.001216 
-0.073962 -0.015921 0.229856 0.999405 -0.009547 0.033140 -0.000250 
-0.073961 -0.015913 0.229835 0.999406 -0.009311 0.033167 -0.001164 
-0.073961 -0.015918 0.229855 0.999377 -0.009262 0.034058 -0.000845 
-0.073950 -0.015917 0.229826 0.999409 -0.009402 0.033051 -0.000741 
-0.073958 -0.015911 0.229831 0.999409 -0.009337 0.033049 -0.001324 
-0.073961 -0.015913 0.229840 0.999412 -0.009286 0.032992 -0.001356 
-0.073951 -0.015911 0.229806 0.999425 -0.009114 0.032637 -0.001424 
-0.073969 -0.015911 0.229867 0.999410 -0.009219 0.033026 -0.001760 
-0.073951 -0.015904 0.229798 0.999419 -0.009285 0.032765 -0.001450 
-0.073950 -0.015912 0.229794 0.999443 -0.009453 0.031999 -0.000421 
-0.073947 -0.015912 0.229803 0.999431 -0.009341 0.032415 -0.000650 
-0.073963 -0.015915 0.229862 0.999406 -0.009460 0.033146 -0.000701 
-0.073943 -0.015913 0.229781 0.999420 -0.009370 0.032738 -0.000882 
-0.073947 -0.015917 0.229800 0.999425 -0.009417 0.032571 -0.000945 
-0.073960 -0.015919 0.229819 0.999427 -0.009313 0.032521 -0.000646 
-0.073971 -0.015914 0.229892 0.999381 -0.009238 0.033903 -0.001640 
-0.073954 -0.015920 0.229829 0.999411 -0.009316 0.033027 -0.000489 
-0.073968 -0.015914 0.229874 0.999393 -0.009139 0.033591 -0.001166 
-0.073974 -0.015919 0.229860 0.999424 -0.009232 0.032621 -0.001194 
-0.073969 -0.015916 0.229869 0.999408 -0.009545 0.033066 -0.000324 
-0.073971 -0.015915 0.229874 0.999419 -0.009179 0.032826 -0.000877 
-0.073977 -0.015914 0.229885 0.999412 -0.009502 0.032911 -0.001347 
-0.073966 -0.015917 0.229864 0.999418 -0.009385 0.032770 -0.000842 
-0.073960 -0.015917 0.229849 0.999401 -0.009184 0.033352 -0.001155 
-0.073947 -0.015920 0.229795 0.999424 -0.009410 0.032592 -0.000495 
-0.073968 -0.015916 0.229845 0.999433 -0.009339 0.032338 -0.000722 
-0.073958 -0.015917 0.229832 0.999428 -0.009358 0.032482 -0.000743 
-0.073959 -0.015922 0.229828 0.999426 -0.009510 0.032514 -0.000007 
-0.073965 -0.015910 0.229859 0.999396 -0.009310 0.033459 -0.001017 
-0.073967 -0.015914 0.229865 0.999412 -0.009245 0.032987 -0.001069 
-0.073958 -0.015916 0.229824 0.999421 -0.009298 0.032704 -0.000833 
-0.073926 -0.015912 0.229744 0.999425 -0.009323 0.032609 -0.000605 
-0.073831 -0.016034 0.229293 0.999519 -0.008884 0.029474 -0.003718 
-0.073877 -0.015884 0.229577 0.999470 -0.009501 0.031102 -0.001473 
-0.073953 -0.015838 0.229782 0.999414 -0.010238 0.032648 0.000094 
-0.074114 -0.015908 0.230349 0.999277 -0.010036 0.036654 -0.001159 
-0.074062 -0.015947 0.230242 0.999283 -0.009980 0.036508 -0.000306 
-0.074083 -0.015917 0.230154 0.999290 -0.010381 0.036216 -0.000743 
-0.073985 -0.015946 0.230033 0.999377 -0.009525 0.033969 -0.000096 
-0.073977 -0.015884 0.229925 0.999392 -0.009671 0.033497 -0.000812 
-0.073895 -0.015892 0.229727 0.999435 -0.009271 0.032312 -0.000332 
-0.073906 -0.015890 0.229763 0.999431 -0.009235 0.032393 -0.001884 
-0.073915 -0.015912 0.229763 0.999431 -0.009494 0.032279 -0.002150 
-0.073907 -0.015933 0.229770 0.999423 -0.009020 0.032671 -0.002010 
-0.073922 -0.015941 0.229842 0.999403 -0.009147 0.033274 -0.001655 
-0.073965 -0.015925 0.229948 0.999375 -0.009327 0.034086 -0.000818 
-0.073945 -0.015918 0.229915 0.999382 -0.009541 0.033825 0.000176 
-0.073939 -0.015913 0.229867 0.999413 -0.009324 0.032962 -0.000957 
-0.073940 -0.015918 0.229912 0.999367 -0.009358 0.034306 -0.000878 
-0.073924 -0.015909 0.229838 0.999405 -0.009369 0.033187 -0.000549 
-0.073953 -0.015916 0.229900 0.999376 -0.009508 0.033994 -0.001598 
-0.073925 -0.015911 0.229823 0.999411 -0.009291 0.033020 -0.001174 
-0.073919 -0.015909 0.229851 0.999382 -0.009242 0.033897 -0.001330 
-0.073925 -0.015906 0.229841 0.999407 -0.009086 0.033157 -0.001876 
-0.073907 -0.015906 0.229778 0.999401 -0.009183 0.033341 -0.001210 
-0.073915 -0.015905 0.229781 0.999418 -0.009070 0.032820 -0.001869 
-0.073927 -0.015906 0.229834 0.999408 -0.009095 0.033087 -0.002357 
-0.073904 -0.015904 0.229769 0.999408 -0.009135 0.033146 -0.001501 
-0.073897 -0.015908 0.229770 0.999394 -0.009068 0.033500 -0.002573 
-0.073913 -0.015910 0.229797 0.999405 -0.009198 0.033178 -0.002201 
-0.073913 -0.015909 0.229801 0.999404 -0.009054 0.033218 -0.002299 
-0.073923 -0.015915 0.229826 0.999398 -0.009128 0.033432 -0.001809 
-0.073934 -0.015908 0.229863 0.999396 -0.009175 0.033424 -0.002686 
-0.073919 -0.015921 0.229842 0.999381 -0.009209 0.033901 -0.001881 
-0.073869 -0.015956 0.229650 0.999444 -0.009216 0.031985 -0.002098 
-0.073902 -0.015866 0.229753 0.999406 -0.009354 0.033141 -0.001636 
-0.074034 -0.015838 0.229697 0.999392 -0.010550 0.033211 -0.000932 
-0.074163 -0.015820 0.229201 0.999453 -0.010062 0.031473 0.001616 
-0.074688 -0.015835 0.228197 0.999632 -0.009982 0.024690 0.005123 
-0.075653 -0.015860 0.227044 0.999804 -0.009514 0.016606 0.005136 
-0.076658 -0.015858 0.225956 0.999907 -0.009640 0.008819 0.003964 
-0.077156 -0.015832 0.225322 0.999934 -0.010337 0.004695 0.001629 
-0.077224 -0.015866 0.225393 0.999938 -0.009810 0.005050 -0.001557 
-0.077133 -0.015887 0.225177 0.999948 -0.009532 0.003515 -0.000942 
-0.077170 -0.015908 0.225314 0.999945 -0.009481 0.004478 -0.000596 
-0.077198 -0.015886 0.225389 0.999946 -0.009259 0.004586 -0.001176 
-0.077251 -0.015893 0.225408 0.999935 -0.010213 0.005079 -0.000645 
-0.077235 -0.015896 0.225497 0.999941 -0.009631 0.005004 -0.000024 
-0.077258 -0.015906 0.225569 0.999938 -0.009794 0.005276 -0.000160 
-0.077274 -0.015923 0.225609 0.999935 -0.009820 0.005796 -0.000344 
-0.077267 -0.015886 0.225543 0.999933 -0.009923 0.005903 -0.000335 
-0.077226 -0.015888 0.225486 0.999939 -0.009806 0.005113 -0.000072 
-0.077248 -0.015914 0.225541 0.999938 -0.009871 0.005149 0.000096 
-0.077260 -0.015883 0.225490 0.999935 -0.009975 0.005549 -0.000587 
-0.077189 -0.015894 0.225383 0.999945 -0.009624 0.004199 0.000288 
-0.077172 -0.015891 0.225308 0.999945 -0.009692 0.003831 -0.000740 
-0.077203 -0.015878 0.225295 0.999941 -0.010111 0.004046 0.000066 
-0.077177 -0.015886 0.225348 0.999944 -0.009572 0.004447 0.000141 
-0.077169 -0.015891 0.225318 0.999945 -0.009683 0.004098 -0.000519 
-0.077218 -0.015880 0.225326 0.999938 -0.010200 0.004507 0.000219 
-0.077227 -0.015900 0.225492 0.999939 -0.009586 0.005543 -0.000248 
-0.077189 -0.015889 0.225356 0.999945 -0.009552 0.004309 -0.000055 
-0.077251 -0.015914 0.225527 0.999938 -0.009804 0.005290 -0.000692 
-0.077234 -0.015882 0.225419 0.999938 -0.009860 0.005056 -0.000502 
-0.077232 -0.015901 0.225501 0.999938 -0.009739 0.005452 -0.000350 
-0.077232 -0.015899 0.225466 0.999935 -0.009950 0.005478 -0.000074 
-0.077235 -0.015910 0.225510 0.999940 -0.009573 0.005380 -0.000564 
-0.077190 -0.015924 0.225384 0.999941 -0.009844 0.004654 0.000581 
-0.077217 -0.015903 0.225415 0.999936 -0.009906 0.005352 -0.000707 
-0.077195 -0.015890 0.225395 0.999940 -0.009690 0.005031 -0.001017 
-0.077137 -0.015898 0.225229 0.999947 -0.009533 0.003837 0.000097 
-0.077229 -0.015882 0.225398 0.999936 -0.009982 0.005149 -0.001366 
-0.077231 -0.015898 0.225498 0.999936 -0.009695 0.005902 -0.000188 
-0.077193 -0.015895 0.225395 0.999943 -0.009370 0.005095 -0.000800 
-0.077259 -0.015904 0.225542 0.999936 -0.009791 0.005498 -0.000986 
-0.077240 -0.015920 0.225494 0.999935 -0.010009 0.005392 0.000239 
-0.077208 -0.015926 0.225449 0.999941 -0.009613 0.004964 -0.000391 
-0.077211 -0.015934 0.225450 0.999942 -0.009636 0.004909 -0.000055 
-0.077228 -0.015936 0.225512 0.999937 -0.009614 0.005643 -0.001564 
-0.077200 -0.015928 0.225417 0.999940 -0.009701 0.005095 -0.000695 
-0.077207 -0.015910 0.225444 0.999941 -0.009561 0.005164 -0.000682 
-0.077212 -0.015913 0.225448 0.999941 -0.009486 0.005191 -0.001099 
-0.077181 -0.015892 0.225352 0.999943 -0.009549 0.004721 -0.000012 
-0.077191 -0.015904 0.225379 0.999942 -0.009576 0.004863 -0.001247 
-0.077193 -0.015916 0.225391 0.999944 -0.009429 0.004737 -0.000688 
-0.077194 -0.015934 0.225399 0.999943 -0.009624 0.004707 -0.000406 
-0.077213 -0.015919 0.225451 0.999943 -0.009563 0.004814 -0.000204 
-0.077241 -0.015933 0.225535 0.999939 -0.009589 0.005425 -0.000637 
-0.077251 -0.015922 0.225567 0.999939 -0.009365 0.005636 -0.001671 
-0.077214 -0.015922 0.225448 0.999941 -0.009635 0.004951 0.000502 
-0.077240 -0.015922 0.225536 0.999938 -0.009632 0.005615 -0.000598 
-0.077244 -0.015916 0.225558 0.999937 -0.009704 0.005682 -0.000699 
-0.077242 -0.015921 0.225532 0.999938 -0.009645 0.005521 -0.000246 
-0.077244 -0.015910 0.225524 0.999941 -0.009645 0.004981 -0.000821 
-0.077246 -0.015917 0.225524 0.999941 -0.009701 0.004959 -0.000156 
-0.077217 -0.015915 0.225463 0.999938 -0.009929 0.005015 0.000061 
-0.077215 -0.015912 0.225440 0.999941 -0.009633 0.005026 -0.000543 
-0.077222 -0.015907 0.225453 0.999943 -0.009557 0.004785 -0.000661 
-0.077198 -0.015912 0.225391 0.999944 -0.009739 0.004092 -0.000049 
-0.077220 -0.015906 0.225456 0.999943 -0.009569 0.004596 -0.000580 
-0.077210 -0.015912 0.225447 0.999941 -0.009646 0.004926 -0.000266 
-0.077208 -0.015913 0.225433 0.999944 -0.009458 0.004793 -0.000148 
-0.077240 -0.015913 0.225518 0.999941 -0.009392 0.005207 -0.001300 
-0.077233 -0.015916 0.225516 0.999941 -0.009481 0.005244 -0.000559 
-0.077225 -0.015918 0.225484 0.999940 -0.009727 0.005133 0.000084 
-0.077230 -0.015914 0.225497 0.999942 -0.009563 0.004965 -0.000695 
-0.077231 -0.015922 0.225513 0.999940 -0.009595 0.005332 -0.000198 
-0.077239 -0.015915 0.225528 0.999937 -0.009704 0.005568 -0.000404 
-0.077235 -0.015916 0.225516 0.999940 -0.009629 0.005234 -0.000538 
-0.077223 -0.015912 0.225477 0.999941 -0.009636 0.005064 -0.000444 
-0.077237 -0.015912 0.225505 0.999940 -0.009632 0.005083 -0.000642 
-0.077235 -0.015916 0.225520 0.999941 -0.009465 0.005178 -0.000951 
-0.077229 -0.015919 0.225500 0.999940 -0.009519 0.005320 -0.000304 
-0.077226 -0.015917 0.225484 0.999941 -0.009797 0.004787 0.000149 
-0.077220 -0.015917 0.225482 0.999939 -0.009731 0.005152 0.000324 
-0.077201 -0.015907 0.225426 0.999943 -0.009500 0.004764 -0.000861 
-0.077204 -0.015909 0.225427 0.999941 -0.009721 0.004853 -0.000248 
-0.077236 -0.015917 0.225520 0.999939 -0.009746 0.005258 -0.000326 
-0.077240 -0.015911 0.225533 0.999941 -0.009434 0.005221 -0.000873 
-0.077221 -0.015915 0.225475 0.999940 -0.009717 0.005095 0.000086 
-0.077213 -0.015907 0.225445 0.999944 -0.009525 0.004612 -0.000629 
-0.077217 -0.015911 0.225475 0.999940 -0.009632 0.005202 -0.000178 
-0.077214 -0.015905 0.225449 0.999942 -0.009651 0.004748 -0.000246 
-0.077223 -0.015918 0.225478 0.999941 -0.009563 0.005072 -0.000288 
-0.077212 -0.015913 0.225447 0.999939 -0.009822 0.005096 -0.000118 
-0.077233 -0.015912 0.225511 0.999942 -0.009471 0.005099 -0.000701 
