0.595279 -0.406697 0.488954 1.571287 -0.000183 -3.139801 
0.595279 -0.406697 0.488954 1.571287 -0.000183 -3.139801 
0.595279 -0.406697 0.488954 1.571287 -0.000183 -3.139801 
0.595279 -0.406697 0.488954 1.571286 -0.000183 -3.139801 
0.595279 -0.406696 0.488954 1.571287 -0.000183 -3.139801 
0.595279 -0.406697 0.488954 1.571287 -0.000183 -3.139801 
0.595279 -0.406697 0.488954 1.571287 -0.000183 -3.139801 
0.595279 -0.406697 0.488954 1.571287 -0.000183 -3.139801 
0.595279 -0.406697 0.488954 1.571287 -0.000183 -3.139801 
0.595279 -0.406697 0.488954 1.571286 -0.000183 -3.139801 
0.595279 -0.406697 0.488954 1.571287 -0.000183 -3.139801 
0.595279 -0.406697 0.488954 1.571286 -0.000183 -3.139801 
0.595279 -0.406697 0.488954 1.571287 -0.000183 -3.139801 
0.595279 -0.406697 0.488954 1.571287 -0.000183 -3.139801 
0.595279 -0.406697 0.488954 1.571287 -0.000183 -3.139801 
0.595279 -0.406697 0.488954 1.571287 -0.000183 -3.139801 
0.595279 -0.406697 0.488954 1.571287 -0.000183 -3.139801 
0.595279 -0.406697 0.488954 1.571287 -0.000183 -3.139801 
0.595279 -0.406697 0.488954 1.571286 -0.000182 -3.139801 
0.595279 -0.406697 0.488954 1.571287 -0.000183 -3.139801 
0.595279 -0.406696 0.488954 1.571287 -0.000183 -3.139801 
0.595279 -0.406697 0.488954 1.571287 -0.000183 -3.139801 
0.595279 -0.406697 0.488954 1.571287 -0.000183 -3.139801 
0.595279 -0.406697 0.488954 1.571287 -0.000183 -3.139801 
0.595279 -0.406697 0.488954 1.571287 -0.000183 -3.139801 
0.595279 -0.406697 0.488954 1.571287 -0.000183 -3.139801 
0.595279 -0.406696 0.488954 1.571287 -0.000183 -3.139801 
0.595279 -0.406697 0.488954 1.571287 -0.000183 -3.139801 
0.595279 -0.406696 0.488954 1.571287 -0.000183 -3.139801 
0.595279 -0.406697 0.488954 1.571286 -0.000183 -3.139801 
0.595279 -0.406697 0.488954 1.571286 -0.000183 -3.139801 
0.595279 -0.406697 0.488954 1.571287 -0.000183 -3.139801 
0.595279 -0.406697 0.488954 1.571287 -0.000183 -3.139801 
0.595279 -0.406697 0.488954 1.571287 -0.000183 -3.139802 
0.595279 -0.406697 0.488954 1.571287 -0.000183 -3.139801 
0.595279 -0.406696 0.488954 1.571287 -0.000183 -3.139801 
0.595279 -0.406697 0.488954 1.571287 -0.000183 -3.139801 
0.595279 -0.406697 0.488954 1.571286 -0.000183 -3.139801 
0.595279 -0.406697 0.488954 1.571287 -0.000183 -3.139802 
0.595279 -0.406697 0.488954 1.571286 -0.000183 -3.139802 
0.595279 -0.406696 0.488954 1.571287 -0.000183 -3.139802 
0.595279 -0.406696 0.488954 1.571287 -0.000183 -3.139802 
0.595279 -0.406697 0.488954 1.571286 -0.000183 -3.139802 
0.595279 -0.406697 0.488954 1.571287 -0.000183 -3.139802 
0.595279 -0.406697 0.488954 1.571286 -0.000183 -3.139802 
0.595279 -0.406697 0.488954 1.571287 -0.000183 -3.139802 
0.595279 -0.406696 0.488954 1.571287 -0.000183 -3.139802 
0.595279 -0.406696 0.488954 1.571287 -0.000183 -3.139802 
0.595279 -0.406697 0.488954 1.571287 -0.000183 -3.139802 
0.595279 -0.406696 0.488954 1.571287 -0.000183 -3.139802 
0.595279 -0.406697 0.488954 1.571287 -0.000183 -3.139802 
0.595279 -0.406697 0.488954 1.571286 -0.000183 -3.139802 
0.595279 -0.406697 0.488954 1.571286 -0.000183 -3.139802 
0.595279 -0.406697 0.488954 1.571287 -0.000183 -3.139802 
0.595279 -0.406696 0.488954 1.571287 -0.000183 -3.139802 
0.595279 -0.406697 0.488954 1.571286 -0.000183 -3.139802 
0.595279 -0.406696 0.488954 1.571287 -0.000183 -3.139802 
0.595279 -0.406697 0.488954 1.571286 -0.000183 -3.139802 
0.595279 -0.406697 0.488954 1.571287 -0.000183 -3.139802 
0.595279 -0.406697 0.488954 1.571286 -0.000183 -3.139802 
0.595279 -0.406697 0.488954 1.571286 -0.000183 -3.139802 
0.595279 -0.406697 0.488954 1.571286 -0.000183 -3.139802 
0.595279 -0.406697 0.488954 1.571287 -0.000183 -3.139802 
0.595279 -0.406697 0.488954 1.571287 -0.000183 -3.139802 
0.595279 -0.406697 0.488954 1.571286 -0.000183 -3.139802 
0.595279 -0.406697 0.488954 1.571286 -0.000183 -3.139802 
0.595279 -0.406697 0.488954 1.571286 -0.000183 -3.139802 
0.595279 -0.406697 0.488954 1.571286 -0.000183 -3.139802 
0.595279 -0.406696 0.488954 1.571287 -0.000183 -3.139802 
0.595279 -0.406697 0.488954 1.571287 -0.000183 -3.139802 
0.595279 -0.406697 0.488954 1.571286 -0.000183 -3.139802 
0.595279 -0.406697 0.488954 1.571286 -0.000183 -3.139802 
0.595279 -0.406697 0.488954 1.571286 -0.000183 -3.139802 
0.595279 -0.406696 0.488954 1.571287 -0.000183 -3.139802 
0.595279 -0.406697 0.488954 1.571287 -0.000183 -3.139802 
0.595279 -0.406697 0.488954 1.571286 -0.000183 -3.139802 
0.595279 -0.406697 0.488954 1.571286 -0.000183 -3.139802 
0.595279 -0.406696 0.488954 1.571287 -0.000183 -3.139802 
0.595279 -0.406696 0.488954 1.571287 -0.000183 -3.139802 
0.595279 -0.406696 0.488954 1.571287 -0.000183 -3.139802 
0.595279 -0.406697 0.488954 1.571287 -0.000183 -3.139802 
0.595279 -0.406697 0.488954 1.571287 -0.000183 -3.139802 
0.595279 -0.406696 0.488954 1.571287 -0.000183 -3.139802 
0.595279 -0.406697 0.488954 1.571286 -0.000183 -3.139802 
0.595279 -0.406697 0.488954 1.571287 -0.000183 -3.139802 
0.595279 -0.406697 0.488954 1.571286 -0.000183 -3.139802 
0.595279 -0.406697 0.488954 1.571287 -0.000183 -3.139802 
0.595279 -0.406697 0.488954 1.571286 -0.000183 -3.139802 
0.595279 -0.406697 0.488954 1.571287 -0.000183 -3.139802 
0.595279 -0.406697 0.488954 1.571287 -0.000183 -3.139802 
0.595279 -0.406697 0.488954 1.571286 -0.000183 -3.139802 
0.595279 -0.406696 0.488954 1.571287 -0.000183 -3.139802 
0.595279 -0.406697 0.488954 1.571286 -0.000183 -3.139802 
0.595279 -0.406696 0.488954 1.571287 -0.000183 -3.139802 
0.595279 -0.406696 0.488954 1.571287 -0.000183 -3.139802 
0.595279 -0.406696 0.488954 1.571287 -0.000183 -3.139802 
0.595279 -0.406697 0.488954 1.571287 -0.000183 -3.139802 
0.595279 -0.406697 0.488954 1.571287 -0.000183 -3.139802 
0.595279 -0.406697 0.488954 1.571287 -0.000183 -3.139802 
0.595279 -0.406697 0.488954 1.571286 -0.000183 -3.139802 
0.595279 -0.406696 0.488954 1.571287 -0.000183 -3.139802 
0.595279 -0.406696 0.488954 1.571287 -0.000183 -3.139802 
0.595279 -0.406696 0.488954 1.571287 -0.000183 -3.139802 
0.595279 -0.406696 0.488954 1.571287 -0.000183 -3.139802 
0.595279 -0.406697 0.488954 1.571287 -0.000183 -3.139802 
0.595279 -0.406697 0.488954 1.571287 -0.000183 -3.139802 
0.595279 -0.406697 0.488954 1.571287 -0.000183 -3.139802 
0.595279 -0.406697 0.488954 1.571286 -0.000183 -3.139802 
0.595279 -0.406696 0.488954 1.571287 -0.000183 -3.139802 
0.595279 -0.406696 0.488954 1.571287 -0.000183 -3.139802 
0.595279 -0.406696 0.488954 1.571287 -0.000183 -3.139802 
0.595279 -0.406696 0.488954 1.571287 -0.000183 -3.139802 
0.595279 -0.406696 0.488954 1.571287 -0.000183 -3.139802 
0.595279 -0.406697 0.488954 1.571286 -0.000183 -3.139802 
0.595274 -0.406695 0.488952 1.571288 -0.000190 -3.139768 
0.595285 -0.406647 0.488839 1.571339 -0.000402 -3.139879 
0.595371 -0.406583 0.488467 1.571436 -0.000566 -3.140425 
0.595467 -0.406516 0.487948 1.571550 -0.000700 -3.141028 
0.595493 -0.406451 0.487410 1.571677 -0.000804 -3.141236 
0.595445 -0.406395 0.486934 1.571769 -0.000852 -3.140958 
0.595368 -0.406373 0.486534 1.571804 -0.000797 -3.140445 
0.595289 -0.406376 0.486204 1.571801 -0.000606 -3.139851 
0.595196 -0.406415 0.486013 1.571607 -0.000368 -3.139228 
0.595152 -0.406454 0.485965 1.571249 -0.000087 -3.138884 
0.595123 -0.406521 0.486058 1.570785 0.000219 -3.138706 
0.595106 -0.406587 0.486245 1.570550 0.000503 -3.138626 
0.595090 -0.406639 0.486529 1.570496 0.000704 -3.138560 
0.595079 -0.406676 0.486938 1.570536 0.000816 -3.138534 
0.595094 -0.406705 0.487370 1.570526 0.000848 -3.138695 
0.595135 -0.406715 0.487767 1.570512 0.000774 -3.139018 
0.595177 -0.406705 0.488147 1.570479 0.000606 -3.139330 
0.595229 -0.406668 0.488494 1.570486 0.000341 -3.139675 
0.595264 -0.406627 0.488820 1.570507 0.000100 -3.139881 
0.595268 -0.406588 0.489067 1.570542 -0.000081 -3.139883 
0.595248 -0.406561 0.489237 1.570586 -0.000182 -3.139725 
0.595229 -0.406527 0.489359 1.570643 -0.000237 -3.139539 
0.595220 -0.406510 0.489421 1.570674 -0.000266 -3.139457 
0.595222 -0.406504 0.489438 1.570680 -0.000297 -3.139461 
0.595231 -0.406498 0.489421 1.570679 -0.000312 -3.139497 
0.595247 -0.406496 0.489360 1.570676 -0.000357 -3.139624 
0.595270 -0.406495 0.489271 1.570670 -0.000369 -3.139779 
0.595294 -0.406509 0.489157 1.570650 -0.000349 -3.139971 
0.595311 -0.406515 0.489062 1.570636 -0.000347 -3.140113 
0.595325 -0.406518 0.488981 1.570639 -0.000325 -3.140217 
0.595328 -0.406532 0.488903 1.570632 -0.000264 -3.140258 
0.595317 -0.406545 0.488830 1.570616 -0.000232 -3.140220 
0.595287 -0.406552 0.488779 1.570613 -0.000207 -3.140043 
0.595256 -0.406550 0.488748 1.570617 -0.000198 -3.139831 
0.595232 -0.406549 0.488726 1.570620 -0.000195 -3.139672 
0.595217 -0.406544 0.488720 1.570630 -0.000197 -3.139556 
0.595217 -0.406540 0.488721 1.570637 -0.000196 -3.139536 
0.595220 -0.406539 0.488724 1.570638 -0.000195 -3.139556 
0.595222 -0.406541 0.488735 1.570637 -0.000190 -3.139571 
0.595217 -0.406542 0.488759 1.570637 -0.000185 -3.139536 
0.595209 -0.406544 0.488783 1.570637 -0.000172 -3.139485 
0.595204 -0.406547 0.488796 1.570637 -0.000153 -3.139451 
0.595200 -0.406548 0.488812 1.570638 -0.000137 -3.139416 
0.595201 -0.406547 0.488823 1.570641 -0.000127 -3.139410 
0.595211 -0.406545 0.488830 1.570647 -0.000120 -3.139455 
0.595220 -0.406543 0.488834 1.570652 -0.000117 -3.139502 
0.595225 -0.406542 0.488839 1.570651 -0.000122 -3.139541 
0.595234 -0.406541 0.488847 1.570651 -0.000123 -3.139596 
0.595243 -0.406543 0.488855 1.570651 -0.000123 -3.139655 
0.595246 -0.406543 0.488864 1.570646 -0.000131 -3.139678 
0.595247 -0.406543 0.488872 1.570643 -0.000141 -3.139685 
0.595247 -0.406541 0.488879 1.570643 -0.000151 -3.139682 
0.595247 -0.406540 0.488883 1.570645 -0.000156 -3.139680 
0.595246 -0.406540 0.488886 1.570644 -0.000160 -3.139678 
0.595246 -0.406539 0.488891 1.570643 -0.000167 -3.139677 
0.595246 -0.406538 0.488896 1.570644 -0.000174 -3.139674 
0.595245 -0.406537 0.488899 1.570643 -0.000178 -3.139672 
0.595245 -0.406537 0.488902 1.570643 -0.000182 -3.139670 
0.595244 -0.406536 0.488905 1.570642 -0.000187 -3.139669 
0.595245 -0.406536 0.488908 1.570643 -0.000189 -3.139668 
0.595245 -0.406535 0.488909 1.570644 -0.000190 -3.139668 
0.595245 -0.406535 0.488909 1.570643 -0.000192 -3.139670 
0.595245 -0.406535 0.488909 1.570643 -0.000192 -3.139670 
0.595245 -0.406536 0.488909 1.570643 -0.000191 -3.139670 
0.595245 -0.406536 0.488909 1.570642 -0.000190 -3.139672 
0.595245 -0.406537 0.488910 1.570641 -0.000191 -3.139673 
0.595245 -0.406536 0.488911 1.570641 -0.000193 -3.139672 
0.595245 -0.406535 0.488912 1.570642 -0.000194 -3.139672 
0.595245 -0.406535 0.488912 1.570643 -0.000194 -3.139673 
0.595246 -0.406535 0.488912 1.570644 -0.000193 -3.139675 
0.595246 -0.406535 0.488912 1.570643 -0.000193 -3.139676 
0.595246 -0.406536 0.488912 1.570641 -0.000193 -3.139676 
0.595245 -0.406536 0.488912 1.570641 -0.000193 -3.139676 
0.595245 -0.406536 0.488913 1.570641 -0.000194 -3.139675 
0.595245 -0.406535 0.488914 1.570642 -0.000195 -3.139675 
0.595245 -0.406536 0.488915 1.570641 -0.000196 -3.139674 
0.595245 -0.406536 0.488915 1.570640 -0.000197 -3.139674 
0.595245 -0.406536 0.488915 1.570640 -0.000197 -3.139674 
0.595245 -0.406536 0.488915 1.570640 -0.000198 -3.139675 
0.595246 -0.406536 0.488914 1.570640 -0.000198 -3.139677 
0.595246 -0.406535 0.488914 1.570641 -0.000198 -3.139679 
0.595246 -0.406535 0.488914 1.570641 -0.000199 -3.139680 
0.595246 -0.406535 0.488914 1.570641 -0.000200 -3.139680 
0.595246 -0.406535 0.488914 1.570641 -0.000201 -3.139680 
0.595246 -0.406535 0.488914 1.570640 -0.000201 -3.139681 
0.595246 -0.406536 0.488914 1.570639 -0.000202 -3.139681 
0.595245 -0.406536 0.488914 1.570638 -0.000202 -3.139682 
0.595246 -0.406536 0.488914 1.570638 -0.000203 -3.139684 
0.595246 -0.406536 0.488913 1.570638 -0.000204 -3.139685 
0.595247 -0.406535 0.488912 1.570639 -0.000206 -3.139689 
0.595247 -0.406535 0.488911 1.570639 -0.000207 -3.139691 
0.595247 -0.406535 0.488911 1.570639 -0.000207 -3.139692 
0.595248 -0.406535 0.488911 1.570639 -0.000208 -3.139693 
0.595247 -0.406535 0.488911 1.570639 -0.000209 -3.139693 
0.595247 -0.406535 0.488911 1.570639 -0.000209 -3.139692 
0.595247 -0.406535 0.488912 1.570639 -0.000209 -3.139692 
0.595247 -0.406535 0.488912 1.570638 -0.000210 -3.139693 
0.595247 -0.406535 0.488912 1.570638 -0.000210 -3.139692 
0.595247 -0.406535 0.488912 1.570638 -0.000210 -3.139693 
0.595247 -0.406535 0.488912 1.570637 -0.000211 -3.139694 
0.595248 -0.406535 0.488911 1.570637 -0.000212 -3.139695 
0.595248 -0.406534 0.488911 1.570638 -0.000212 -3.139696 
0.595248 -0.406534 0.488911 1.570639 -0.000212 -3.139696 
0.595248 -0.406534 0.488911 1.570639 -0.000213 -3.139695 
0.595248 -0.406534 0.488912 1.570638 -0.000214 -3.139695 
0.595248 -0.406534 0.488913 1.570638 -0.000215 -3.139694 
0.595247 -0.406534 0.488913 1.570638 -0.000216 -3.139694 
0.595247 -0.406534 0.488914 1.570638 -0.000216 -3.139693 
0.595247 -0.406523 0.488876 1.570652 -0.000202 -3.139667 
0.595254 -0.406522 0.488796 1.570681 -0.000115 -3.139695 
0.595272 -0.406534 0.488659 1.570714 0.000065 -3.139786 
0.595294 -0.406542 0.488522 1.570754 0.000247 -3.139884 
0.595321 -0.406528 0.488389 1.570836 0.000420 -3.139981 
0.595355 -0.406500 0.488248 1.570945 0.000599 -3.140092 
0.595400 -0.406455 0.488097 1.571072 0.000783 -3.140220 
0.595455 -0.406381 0.487954 1.571168 0.000953 -3.140343 
0.595528 -0.406264 0.487829 1.571131 0.001098 -3.140454 
0.595625 -0.406086 0.487722 1.571003 0.001205 -3.140562 
0.595749 -0.405821 0.487643 1.570880 0.001257 -3.140662 
0.595903 -0.405448 0.487601 1.570902 0.001270 -3.140723 
0.596092 -0.404963 0.487595 1.570923 0.001264 -3.140740 
0.596311 -0.404392 0.487616 1.570676 0.001245 -3.140720 
0.596566 -0.403691 0.487678 1.570346 0.001196 -3.140651 
0.596861 -0.402826 0.487779 1.570132 0.001097 -3.140500 
0.597202 -0.401785 0.487907 1.569998 0.000966 -3.140303 
0.597592 -0.400579 0.488037 1.569844 0.000836 -3.140028 
0.598039 -0.399222 0.488166 1.569735 0.000723 -3.139766 
0.598563 -0.397685 0.488294 1.569715 0.000615 -3.139568 
0.599153 -0.395976 0.488421 1.569677 0.000510 -3.139414 
0.599810 -0.394099 0.488550 1.569743 0.000414 -3.139302 
0.600525 -0.392056 0.488673 1.569857 0.000327 -3.139222 
0.601295 -0.389853 0.488797 1.569922 0.000245 -3.139150 
0.602112 -0.387490 0.488923 1.570073 0.000157 -3.139055 
0.602982 -0.384978 0.489034 1.570298 0.000086 -3.139006 
0.603902 -0.382370 0.489122 1.570317 0.000052 -3.139073 
0.604848 -0.379688 0.489201 1.570322 0.000046 -3.139167 
0.605795 -0.376917 0.489275 1.570423 0.000062 -3.139258 
0.606729 -0.374078 0.489332 1.570397 0.000109 -3.139332 
0.607653 -0.371176 0.489375 1.570342 0.000170 -3.139385 
0.608588 -0.368211 0.489414 1.570381 0.000233 -3.139448 
0.609529 -0.365198 0.489459 1.570480 0.000278 -3.139507 
0.610467 -0.362134 0.489506 1.570652 0.000310 -3.139546 
0.611396 -0.359040 0.489547 1.570906 0.000356 -3.139580 
0.612310 -0.355927 0.489595 1.571188 0.000377 -3.139621 
0.613204 -0.352841 0.489640 1.571367 0.000409 -3.139664 
0.614069 -0.349802 0.489683 1.571405 0.000447 -3.139716 
0.614895 -0.346805 0.489720 1.571390 0.000490 -3.139768 
0.615695 -0.343825 0.489756 1.571356 0.000526 -3.139817 
0.616487 -0.340813 0.489796 1.571392 0.000524 -3.139863 
0.617253 -0.337791 0.489839 1.571464 0.000518 -3.139826 
0.617992 -0.334799 0.489884 1.571451 0.000510 -3.139770 
0.618704 -0.331836 0.489922 1.571402 0.000517 -3.139720 
0.619391 -0.328895 0.489961 1.571331 0.000518 -3.139682 
0.620060 -0.325968 0.489998 1.571207 0.000524 -3.139646 
0.620712 -0.323040 0.490030 1.571087 0.000541 -3.139612 
0.621337 -0.320131 0.490065 1.570938 0.000553 -3.139580 
0.621943 -0.317218 0.490104 1.570799 0.000571 -3.139555 
0.622545 -0.314254 0.490145 1.570761 0.000580 -3.139527 
0.623146 -0.311268 0.490188 1.570762 0.000589 -3.139519 
0.623739 -0.308265 0.490229 1.570783 0.000602 -3.139514 
0.624314 -0.305272 0.490264 1.570777 0.000624 -3.139514 
0.624876 -0.302289 0.490292 1.570753 0.000656 -3.139563 
0.625418 -0.299305 0.490320 1.570730 0.000676 -3.139602 
0.625942 -0.296324 0.490348 1.570682 0.000714 -3.139609 
0.626446 -0.293350 0.490388 1.570629 0.000735 -3.139609 
0.626921 -0.290387 0.490442 1.570572 0.000734 -3.139594 
0.627387 -0.287396 0.490495 1.570559 0.000735 -3.139588 
0.627851 -0.284378 0.490553 1.570597 0.000722 -3.139608 
0.628304 -0.281350 0.490613 1.570650 0.000707 -3.139621 
0.628743 -0.278326 0.490670 1.570654 0.000702 -3.139635 
0.629156 -0.275318 0.490715 1.570661 0.000712 -3.139659 
0.629547 -0.272330 0.490754 1.570658 0.000733 -3.139696 
0.629918 -0.269346 0.490799 1.570627 0.000744 -3.139729 
0.630274 -0.266367 0.490842 1.570589 0.000755 -3.139759 
0.630613 -0.263399 0.490891 1.570543 0.000759 -3.139797 
0.630934 -0.260401 0.490933 1.570540 0.000773 -3.139837 
0.631247 -0.257391 0.490967 1.570568 0.000797 -3.139884 
0.631552 -0.254370 0.491003 1.570626 0.000815 -3.139938 
0.631847 -0.251348 0.491036 1.570661 0.000826 -3.140005 
0.632117 -0.248343 0.491064 1.570673 0.000848 -3.140067 
0.632365 -0.245359 0.491082 1.570687 0.000888 -3.140143 
0.632575 -0.242383 0.491107 1.570671 0.000935 -3.140120 
0.632772 -0.239415 0.491137 1.570632 0.000979 -3.140089 
0.632954 -0.236443 0.491175 1.570604 0.000984 -3.140055 
0.633117 -0.233448 0.491219 1.570619 0.000975 -3.140008 
0.633268 -0.230449 0.491251 1.570648 0.000990 -3.139982 
0.633406 -0.227448 0.491286 1.570693 0.000995 -3.139958 
0.633532 -0.224452 0.491320 1.570717 0.001006 -3.139938 
0.633646 -0.221462 0.491348 1.570717 0.001027 -3.139929 
0.633731 -0.218496 0.491375 1.570698 0.001046 -3.139919 
0.633795 -0.215545 0.491399 1.570676 0.001077 -3.139915 
0.633846 -0.212594 0.491432 1.570644 0.001083 -3.139933 
0.633891 -0.209634 0.491470 1.570624 0.001072 -3.139980 
0.633928 -0.206654 0.491516 1.570644 0.001038 -3.140039 
0.633940 -0.203672 0.491556 1.570660 0.001024 -3.140072 
0.633938 -0.200696 0.491587 1.570673 0.001028 -3.140104 
0.633919 -0.197718 0.491624 1.570717 0.001017 -3.140121 
0.633885 -0.194747 0.491658 1.570728 0.001023 -3.140123 
0.633834 -0.191796 0.491691 1.570715 0.001028 -3.140134 
0.633753 -0.188867 0.491720 1.570699 0.001043 -3.140133 
0.633652 -0.185945 0.491750 1.570652 0.001062 -3.140120 
0.633541 -0.183011 0.491785 1.570629 0.001068 -3.140109 
0.633428 -0.180054 0.491823 1.570663 0.001041 -3.140150 
0.633299 -0.177098 0.491864 1.570683 0.001006 -3.140206 
0.633155 -0.174154 0.491891 1.570701 0.000995 -3.140282 
0.632996 -0.171212 0.491922 1.570737 0.000970 -3.140360 
0.632823 -0.168282 0.491956 1.570723 0.000939 -3.140433 
0.632635 -0.165358 0.491988 1.570700 0.000916 -3.140497 
0.632425 -0.162452 0.492023 1.570673 0.000875 -3.140571 
0.632196 -0.159559 0.492052 1.570634 0.000842 -3.140662 
0.631939 -0.156662 0.492087 1.570616 0.000833 -3.140663 
0.631666 -0.153744 0.492124 1.570651 0.000831 -3.140621 
0.631382 -0.150824 0.492163 1.570677 0.000823 -3.140584 
0.631076 -0.147910 0.492201 1.570697 0.000820 -3.140543 
0.630759 -0.145011 0.492228 1.570722 0.000839 -3.140524 
0.630424 -0.142126 0.492262 1.570726 0.000843 -3.140503 
0.630078 -0.139247 0.492294 1.570712 0.000856 -3.140487 
0.629720 -0.136386 0.492323 1.570688 0.000874 -3.140486 
0.629338 -0.133536 0.492354 1.570661 0.000878 -3.140496 
0.628942 -0.130684 0.492382 1.570631 0.000886 -3.140515 
0.628532 -0.127818 0.492413 1.570639 0.000881 -3.140527 
0.628114 -0.124939 0.492445 1.570687 0.000867 -3.140552 
0.627678 -0.122069 0.492479 1.570704 0.000855 -3.140558 
0.627223 -0.119211 0.492509 1.570731 0.000850 -3.140566 
0.626752 -0.116372 0.492538 1.570746 0.000842 -3.140582 
0.626267 -0.113542 0.492574 1.570723 0.000828 -3.140587 
0.625769 -0.110725 0.492604 1.570680 0.000829 -3.140594 
0.625258 -0.107921 0.492639 1.570653 0.000807 -3.140630 
0.624729 -0.105115 0.492668 1.570631 0.000797 -3.140669 
0.624177 -0.102298 0.492694 1.570655 0.000793 -3.140686 
0.623617 -0.099475 0.492724 1.570705 0.000778 -3.140705 
0.623047 -0.096654 0.492755 1.570723 0.000765 -3.140726 
0.622454 -0.093848 0.492787 1.570731 0.000755 -3.140723 
0.621852 -0.091062 0.492812 1.570739 0.000745 -3.140767 
0.621229 -0.088287 0.492842 1.570732 0.000725 -3.140792 
0.620593 -0.085525 0.492871 1.570703 0.000714 -3.140801 
0.619950 -0.082779 0.492901 1.570665 0.000700 -3.140820 
0.619282 -0.080026 0.492938 1.570641 0.000668 -3.140832 
0.618601 -0.077269 0.492960 1.570645 0.000654 -3.140875 
0.617904 -0.074506 0.492986 1.570684 0.000631 -3.140909 
0.617196 -0.071744 0.493017 1.570721 0.000594 -3.140942 
0.616481 -0.068997 0.493051 1.570718 0.000556 -3.140979 
0.615742 -0.066268 0.493084 1.570731 0.000522 -3.141004 
0.614991 -0.063558 0.493113 1.570720 0.000495 -3.141046 
0.614225 -0.060859 0.493142 1.570683 0.000464 -3.141082 
0.613450 -0.058167 0.493171 1.570644 0.000425 -3.141127 
0.612664 -0.055474 0.493204 1.570628 0.000366 -3.141187 
0.611857 -0.052774 0.493230 1.570632 0.000307 -3.141266 
0.611037 -0.050071 0.493250 1.570678 0.000252 -3.141357 
0.610203 -0.047373 0.493281 1.570724 0.000181 -3.141427 
0.609346 -0.044691 0.493311 1.570738 0.000172 -3.141407 
0.608473 -0.042030 0.493343 1.570727 0.000172 -3.141370 
0.607587 -0.039407 0.493370 1.570697 0.000177 -3.141346 
0.606689 -0.036817 0.493395 1.570644 0.000184 -3.141324 
0.605791 -0.034270 0.493420 1.570612 0.000188 -3.141301 
0.604896 -0.031762 0.493445 1.570691 0.000184 -3.141296 
0.604014 -0.029330 0.493471 1.570781 0.000164 -3.141285 
0.603158 -0.026983 0.493487 1.570911 0.000169 -3.141289 
0.602332 -0.024737 0.493512 1.571071 0.000164 -3.141272 
0.601543 -0.022606 0.493548 1.571214 0.000134 -3.141241 
0.600793 -0.020598 0.493581 1.571337 0.000102 -3.141213 
0.600094 -0.018735 0.493616 1.571425 0.000061 -3.141188 
0.599443 -0.017014 0.493642 1.571521 0.000012 -3.141204 
0.598845 -0.015446 0.493659 1.571561 -0.000022 -3.141237 
0.598301 -0.014039 0.493670 1.571532 -0.000043 -3.141273 
0.597804 -0.012783 0.493675 1.571480 -0.000049 -3.141305 
0.597351 -0.011679 0.493676 1.571404 -0.000042 -3.141326 
0.596948 -0.010707 0.493679 1.571330 -0.000032 -3.141342 
0.596592 -0.009859 0.493681 1.571270 -0.000025 -3.141354 
0.596287 -0.009133 0.493683 1.571209 -0.000017 -3.141365 
0.596035 -0.008529 0.493685 1.571140 -0.000012 -3.141378 
0.595834 -0.008044 0.493684 1.571107 -0.000004 -3.141393 
0.595678 -0.007666 0.493680 1.571096 0.000009 -3.141414 
0.595572 -0.007394 0.493671 1.571032 0.000023 -3.141441 
0.595499 -0.007206 0.493664 1.570959 0.000035 -3.141462 
0.595444 -0.007083 0.493661 1.570984 0.000045 -3.141475 
0.595395 -0.007012 0.493661 1.571031 0.000053 -3.141483 
0.595369 -0.006996 0.493662 1.570992 0.000060 -3.141490 
0.595369 -0.007022 0.493662 1.570869 0.000068 -3.141494 
0.595373 -0.007055 0.493662 1.570751 0.000073 -3.141502 
0.595376 -0.007090 0.493661 1.570643 0.000079 -3.141510 
0.595376 -0.007130 0.493661 1.570542 0.000086 -3.141517 
0.595377 -0.007167 0.493661 1.570455 0.000092 -3.141522 
0.595380 -0.007196 0.493661 1.570384 0.000097 -3.141527 
0.595381 -0.007212 0.493661 1.570374 0.000101 -3.141532 
0.595381 -0.007218 0.493660 1.570369 0.000105 -3.141536 
0.595382 -0.007212 0.493660 1.570380 0.000108 -3.141540 
0.595382 -0.007201 0.493660 1.570402 0.000111 -3.141544 
0.595383 -0.007190 0.493660 1.570422 0.000114 -3.141547 
0.595383 -0.007173 0.493660 1.570451 0.000116 -3.141549 
0.595384 -0.007157 0.493660 1.570479 0.000119 -3.141551 
0.595384 -0.007141 0.493660 1.570505 0.000122 -3.141553 
0.595385 -0.007126 0.493660 1.570531 0.000123 -3.141556 
0.595386 -0.007114 0.493660 1.570552 0.000125 -3.141559 
0.595386 -0.007103 0.493659 1.570571 0.000127 -3.141561 
0.595386 -0.007093 0.493659 1.570589 0.000128 -3.141563 
0.595387 -0.007082 0.493659 1.570607 0.000129 -3.141564 
0.595387 -0.007071 0.493659 1.570625 0.000130 -3.141565 
0.595387 -0.007063 0.493659 1.570640 0.000131 -3.141566 
0.595387 -0.007056 0.493659 1.570652 0.000131 -3.141567 
0.595388 -0.007050 0.493659 1.570662 0.000131 -3.141568 
0.595388 -0.007044 0.493659 1.570671 0.000132 -3.141569 
0.595388 -0.007040 0.493658 1.570679 0.000133 -3.141569 
0.595388 -0.007037 0.493659 1.570684 0.000133 -3.141570 
0.595389 -0.007036 0.493659 1.570685 0.000134 -3.141571 
0.595389 -0.007035 0.493659 1.570687 0.000134 -3.141571 
0.595389 -0.007033 0.493659 1.570690 0.000134 -3.141571 
0.595389 -0.007031 0.493659 1.570694 0.000134 -3.141572 
0.595389 -0.007029 0.493658 1.570697 0.000135 -3.141573 
0.595389 -0.007026 0.493659 1.570702 0.000135 -3.141573 
0.595389 -0.007023 0.493659 1.570708 0.000135 -3.141573 
0.595389 -0.007020 0.493659 1.570713 0.000135 -3.141574 
0.595389 -0.007018 0.493658 1.570716 0.000135 -3.141574 
0.595389 -0.007017 0.493658 1.570718 0.000136 -3.141575 
0.595389 -0.007016 0.493658 1.570719 0.000136 -3.141575 
0.595389 -0.007016 0.493658 1.570720 0.000136 -3.141575 
0.595389 -0.007015 0.493658 1.570722 0.000136 -3.141576 
0.595389 -0.007014 0.493659 1.570724 0.000136 -3.141576 
0.595389 -0.007014 0.493659 1.570723 0.000136 -3.141576 
0.595390 -0.007014 0.493659 1.570722 0.000136 -3.141576 
0.595390 -0.007015 0.493659 1.570721 0.000137 -3.141577 
0.595390 -0.007016 0.493658 1.570719 0.000137 -3.141577 
0.595390 -0.007017 0.493658 1.570717 0.000137 -3.141578 
0.595390 -0.007018 0.493658 1.570716 0.000137 -3.141578 
0.595390 -0.007019 0.493658 1.570715 0.000137 -3.141578 
0.595390 -0.007019 0.493658 1.570715 0.000137 -3.141578 
0.595390 -0.007019 0.493658 1.570715 0.000137 -3.141578 
0.595390 -0.007019 0.493658 1.570715 0.000137 -3.141578 
0.595390 -0.007019 0.493658 1.570715 0.000137 -3.141579 
0.595390 -0.007019 0.493658 1.570714 0.000137 -3.141579 
0.595390 -0.007019 0.493658 1.570714 0.000137 -3.141579 
0.595390 -0.007020 0.493658 1.570714 0.000138 -3.141579 
0.595390 -0.007020 0.493658 1.570713 0.000138 -3.141580 
0.595390 -0.007020 0.493658 1.570713 0.000138 -3.141580 
0.595390 -0.007020 0.493658 1.570713 0.000138 -3.141580 
0.595390 -0.007020 0.493658 1.570714 0.000138 -3.141580 
0.595390 -0.007020 0.493658 1.570713 0.000138 -3.141580 
0.595390 -0.007020 0.493658 1.570714 0.000138 -3.141580 
0.595390 -0.007020 0.493658 1.570714 0.000138 -3.141580 
0.595390 -0.007020 0.493658 1.570713 0.000138 -3.141580 
0.595390 -0.007020 0.493658 1.570713 0.000138 -3.141581 
0.595390 -0.007020 0.493658 1.570713 0.000138 -3.141581 
0.595390 -0.007020 0.493658 1.570713 0.000138 -3.141581 
0.595390 -0.007020 0.493658 1.570713 0.000138 -3.141581 
0.595390 -0.007020 0.493658 1.570713 0.000139 -3.141582 
0.595390 -0.007020 0.493658 1.570713 0.000139 -3.141582 
0.595390 -0.007020 0.493658 1.570713 0.000139 -3.141582 
0.595390 -0.007020 0.493658 1.570713 0.000139 -3.141582 
0.595390 -0.007020 0.493658 1.570713 0.000139 -3.141582 
0.595390 -0.007020 0.493658 1.570714 0.000139 -3.141582 
0.595390 -0.007020 0.493658 1.570713 0.000139 -3.141582 
0.595390 -0.007020 0.493658 1.570713 0.000139 -3.141582 
0.595390 -0.007020 0.493658 1.570713 0.000139 -3.141583 
0.595390 -0.007021 0.493658 1.570713 0.000139 -3.141583 
0.595390 -0.007021 0.493658 1.570713 0.000139 -3.141583 
0.595390 -0.007021 0.493658 1.570713 0.000139 -3.141583 
0.595390 -0.007020 0.493658 1.570713 0.000139 -3.141583 
0.595390 -0.007020 0.493658 1.570713 0.000139 -3.141583 
0.595390 -0.007020 0.493658 1.570713 0.000139 -3.141583 
0.595391 -0.007020 0.493658 1.570713 0.000139 -3.141583 
0.595391 -0.007020 0.493658 1.570713 0.000139 -3.141583 
0.595391 -0.007020 0.493658 1.570713 0.000140 -3.141584 
0.595391 -0.007020 0.493658 1.570713 0.000140 -3.141584 
0.595391 -0.007020 0.493658 1.570713 0.000140 -3.141584 
0.595391 -0.007020 0.493658 1.570713 0.000140 -3.141584 
0.595391 -0.007020 0.493658 1.570713 0.000140 -3.141584 
0.595391 -0.007020 0.493658 1.570713 0.000140 -3.141584 
0.595391 -0.007020 0.493658 1.570713 0.000139 -3.141584 
0.595391 -0.007020 0.493658 1.570713 0.000140 -3.141584 
0.595391 -0.007020 0.493658 1.570713 0.000140 -3.141584 
0.595391 -0.007020 0.493658 1.570714 0.000140 -3.141584 
0.595391 -0.007020 0.493658 1.570713 0.000140 -3.141584 
0.595391 -0.007021 0.493658 1.570713 0.000140 -3.141584 
0.595391 -0.007021 0.493658 1.570713 0.000140 -3.141585 
0.595391 -0.007021 0.493658 1.570713 0.000140 -3.141585 
0.595391 -0.007021 0.493658 1.570713 0.000140 -3.141585 
0.595391 -0.007021 0.493658 1.570713 0.000140 -3.141585 
0.595391 -0.007021 0.493658 1.570713 0.000140 -3.141585 
0.595391 -0.007021 0.493658 1.570713 0.000140 -3.141585 
0.595391 -0.007021 0.493658 1.570713 0.000140 -3.141585 
0.595391 -0.007020 0.493658 1.570713 0.000140 -3.141586 
0.595391 -0.007021 0.493658 1.570713 0.000140 -3.141586 
0.595391 -0.007021 0.493658 1.570713 0.000140 -3.141586 
0.595391 -0.007021 0.493658 1.570713 0.000140 -3.141586 
0.595391 -0.007021 0.493658 1.570713 0.000140 -3.141586 
0.595391 -0.007021 0.493658 1.570713 0.000141 -3.141586 
0.595391 -0.007021 0.493658 1.570713 0.000141 -3.141586 
0.595391 -0.007021 0.493658 1.570713 0.000141 -3.141586 
0.595391 -0.007021 0.493658 1.570713 0.000140 -3.141586 
0.595391 -0.007021 0.493658 1.570713 0.000141 -3.141586 
0.595391 -0.007021 0.493658 1.570713 0.000141 -3.141586 
0.595391 -0.007021 0.493658 1.570713 0.000141 -3.141586 
0.595391 -0.007021 0.493658 1.570713 0.000141 -3.141586 
0.595391 -0.007020 0.493658 1.570713 0.000141 -3.141586 
0.595391 -0.007021 0.493658 1.570713 0.000141 -3.141586 
0.595391 -0.007021 0.493658 1.570713 0.000141 -3.141586 
0.595391 -0.007021 0.493658 1.570713 0.000141 -3.141586 
0.595391 -0.007021 0.493658 1.570713 0.000141 -3.141586 
0.595391 -0.007021 0.493658 1.570713 0.000141 -3.141586 
0.595391 -0.007021 0.493658 1.570713 0.000141 -3.141587 
0.595391 -0.007021 0.493658 1.570713 0.000140 -3.141587 
0.595391 -0.007021 0.493658 1.570713 0.000141 -3.141587 
0.595391 -0.007020 0.493658 1.570713 0.000140 -3.141587 
0.595391 -0.007020 0.493658 1.570714 0.000141 -3.141587 
0.595391 -0.007021 0.493658 1.570713 0.000140 -3.141587 
0.595391 -0.007020 0.493658 1.570714 0.000140 -3.141587 
0.595391 -0.007021 0.493658 1.570713 0.000141 -3.141587 
0.595391 -0.007021 0.493658 1.570713 0.000141 -3.141587 
0.595391 -0.007021 0.493658 1.570713 0.000140 -3.141587 
0.595391 -0.007021 0.493658 1.570713 0.000140 -3.141587 
0.595391 -0.007021 0.493658 1.570713 0.000140 -3.141587 
0.595391 -0.007021 0.493658 1.570713 0.000140 -3.141587 
0.595391 -0.007020 0.493658 1.570714 0.000140 -3.141587 
0.595391 -0.007020 0.493658 1.570714 0.000140 -3.141587 
0.595391 -0.007020 0.493658 1.570713 0.000140 -3.141587 
0.595391 -0.007020 0.493658 1.570713 0.000140 -3.141587 
0.595391 -0.007020 0.493658 1.570714 0.000140 -3.141587 
0.595391 -0.007020 0.493658 1.570714 0.000140 -3.141587 
0.595391 -0.007021 0.493658 1.570713 0.000140 -3.141587 
0.595391 -0.007021 0.493658 1.570713 0.000140 -3.141587 
0.595391 -0.007021 0.493658 1.570714 0.000140 -3.141587 
0.595391 -0.007021 0.493658 1.570713 0.000140 -3.141587 
0.595391 -0.007020 0.493658 1.570714 0.000140 -3.141587 
0.595391 -0.007020 0.493658 1.570714 0.000140 -3.141587 
0.595391 -0.007020 0.493658 1.570714 0.000140 -3.141587 
0.595391 -0.007020 0.493658 1.570713 0.000140 -3.141587 
0.595391 -0.007020 0.493658 1.570713 0.000140 -3.141587 
0.595391 -0.007020 0.493658 1.570714 0.000140 -3.141587 
0.595391 -0.007020 0.493658 1.570713 0.000140 -3.141587 
0.595391 -0.007020 0.493658 1.570713 0.000140 -3.141587 
0.595391 -0.007020 0.493658 1.570714 0.000140 -3.141587 
0.595391 -0.007020 0.493658 1.570713 0.000140 -3.141587 
0.595391 -0.007020 0.493658 1.570714 0.000140 -3.141588 
0.595391 -0.007020 0.493658 1.570713 0.000140 -3.141587 
0.595391 -0.007020 0.493658 1.570713 0.000140 -3.141588 
0.595391 -0.007020 0.493658 1.570713 0.000140 -3.141588 
0.595391 -0.007020 0.493658 1.570713 0.000140 -3.141588 
0.595391 -0.007020 0.493658 1.570713 0.000140 -3.141588 
0.595391 -0.007020 0.493658 1.570713 0.000140 -3.141588 
0.595391 -0.007020 0.493658 1.570713 0.000140 -3.141588 
0.595391 -0.007020 0.493658 1.570713 0.000140 -3.141588 
