-0.000010 -0.000017 0.000006 0.000009 -0.000015 -0.000024 
-0.000000 -0.000000 -0.000000 0.000000 -0.000000 -0.000006 
0.000007 0.000012 0.000000 0.000002 0.000012 0.000000 
-0.000007 -0.000012 -0.000000 -0.000002 -0.000012 -0.000012 
0.000010 0.000019 0.000002 0.000003 -0.000005 0.000048 
-0.000003 -0.000012 -0.000002 -0.000001 0.000017 -0.000024 
0.000001 0.000000 -0.000002 -0.000003 0.000005 0.000000 
0.000000 0.000000 0.000000 0.000000 0.000000 0.000000 
-0.000002 -0.000006 -0.000006 -0.000009 0.000016 -0.000006 
-0.000004 0.000000 0.000006 -0.000002 -0.000026 -0.000018 
0.000006 0.000010 0.000002 0.000014 0.000005 0.000036 
-0.000011 -0.000019 0.000002 0.000003 -0.000005 -0.000036 
0.000006 0.000012 -0.000002 -0.000003 0.000005 0.000024 
0.000000 -0.000005 -0.000000 0.000001 0.000006 -0.000012 
0.000002 0.000005 -0.000002 -0.000003 0.000005 0.000012 
0.000002 0.000002 0.000004 0.000005 -0.000016 -0.000000 
0.000002 0.000004 -0.000002 0.000017 0.000008 0.000018 
-0.000005 -0.000008 -0.000008 -0.000010 0.000003 -0.000030 
0.000002 -0.000008 -0.000000 0.000022 0.000015 -0.000012 
0.000007 0.000014 -0.000002 -0.000024 -0.000004 0.000030 
0.000006 0.000010 -0.000004 0.000012 0.000001 0.000024 
-0.000012 -0.000012 0.000010 -0.000006 -0.000005 -0.000042 
-0.000003 -0.000006 0.000004 0.000005 -0.000016 -0.000000 
0.000007 0.000002 -0.000000 0.000003 0.000018 0.000012 
-0.000009 -0.000010 0.000000 0.000000 -0.000000 -0.000012 
0.000009 0.000018 -0.000002 -0.000024 -0.000004 0.000012 
0.000007 0.000007 0.000000 0.000002 0.000012 0.000024 
-0.000005 -0.000013 -0.000008 0.000012 0.000018 -0.000018 
0.000005 0.000007 0.000000 -0.000022 0.000015 0.000006 
-0.000011 -0.000015 0.000002 0.000003 -0.000005 -0.000048 
0.000004 0.000002 -0.000000 -0.000000 0.000000 0.000012 
0.000006 0.000012 0.000000 0.000000 -0.000000 0.000024 
-0.000000 -0.000003 -0.000000 0.000019 -0.000003 -0.000000 
0.000003 -0.000003 -0.000010 -0.000010 0.000026 -0.000012 
-0.000005 0.000005 0.000015 -0.000000 -0.000039 0.000024 
0.000008 0.000008 -0.000004 -0.000004 0.000022 0.000000 
-0.000003 -0.000007 -0.000002 -0.000002 0.000011 -0.000012 
-0.000010 -0.000013 0.000000 -0.000009 0.000001 -0.000024 
0.000011 0.000005 -0.000012 0.000014 0.000015 0.000018 
-0.000001 0.000008 0.000010 -0.000007 -0.000011 -0.000018 
0.000004 0.000002 -0.000000 -0.000000 0.000000 0.000024 
-0.000002 0.000004 -0.000002 -0.000012 0.000006 0.000024 
-0.000004 -0.000019 -0.000006 0.000015 0.000013 -0.000048 
-0.000001 0.000007 0.000006 -0.000015 -0.000013 0.000024 
-0.000002 -0.000008 -0.000004 0.000005 0.000021 -0.000024 
0.000006 0.000009 0.000004 0.000004 -0.000022 0.000012 
0.000003 0.000004 0.000000 0.000002 0.000012 0.000012 
-0.000002 0.000001 0.000002 -0.000008 -0.000016 0.000000 
-0.000003 -0.000010 -0.000006 -0.000009 0.000016 -0.000012 
0.000005 0.000010 0.000000 0.000010 -0.000002 -0.000000 
0.000001 -0.000005 -0.000000 0.000002 0.000012 0.000012 
-0.000011 -0.000009 0.000000 -0.000002 -0.000012 -0.000024 
0.000002 -0.000000 0.000000 0.000002 0.000012 0.000000 
0.000004 0.000010 -0.000002 -0.000005 -0.000007 0.000030 
0.000002 0.000006 0.000006 0.000009 -0.000016 -0.000000 
-0.000003 -0.000015 -0.000012 0.000004 0.000016 -0.000030 
0.000007 0.000013 -0.000004 -0.000006 0.000010 0.000036 
-0.000003 -0.000007 0.000000 0.000002 0.000012 -0.000048 
-0.000004 -0.000005 0.000004 -0.000016 0.000004 0.000024 
-0.000000 -0.000003 -0.000006 -0.000011 0.000004 -0.000012 
-0.000002 -0.000004 0.000000 0.000000 0.000000 -0.000006 
0.000003 0.000005 -0.000006 0.000015 0.000013 0.000006 
0.000004 0.000004 0.000011 -0.000005 -0.000016 0.000012 
0.000001 0.000001 -0.000012 -0.000007 0.000006 0.000000 
-0.000014 -0.000014 0.000012 0.000005 -0.000018 -0.000030 
0.000008 0.000006 -0.000008 0.000001 0.000008 0.000006 
0.000008 0.000008 -0.000004 -0.000004 0.000022 0.000000 
-0.000008 -0.000008 0.000004 0.000010 -0.000012 0.000006 
0.000021 0.000024 -0.000006 -0.000026 0.000030 0.000018 
-0.000013 -0.000011 0.000006 0.000007 -0.000027 0.000012 
0.000000 -0.000005 0.000002 0.000005 0.000007 -0.000024 
-0.000005 -0.000007 -0.000000 0.000000 -0.000000 -0.000024 
-0.000004 -0.000001 0.000006 0.000007 -0.000027 -0.000000 
0.000012 0.000016 -0.000006 -0.000009 0.000016 0.000036 
0.000002 -0.000000 0.000000 0.000002 0.000012 0.000012 
-0.000006 -0.000009 -0.000002 -0.000005 -0.000007 -0.000018 
0.000003 0.000001 -0.000008 0.000012 0.000018 -0.000018 
0.000004 0.000012 0.000000 -0.000002 -0.000012 0.000048 
-0.000002 -0.000002 0.000010 -0.000017 -0.000010 -0.000024 
0.000000 0.000003 0.000000 0.000010 -0.000002 0.000012 
-0.000004 -0.000006 0.000006 -0.000010 0.000005 0.000000 
-0.000002 -0.000004 -0.000008 0.000029 -0.000015 -0.000000 
0.000011 0.000013 -0.000000 -0.000000 0.000000 -0.000006 
-0.000011 -0.000015 0.000004 -0.000016 0.000004 -0.000030 
0.000003 0.000006 0.000004 0.000006 -0.000010 0.000024 
-0.000003 -0.000007 0.000000 0.000002 0.000012 -0.000024 
0.000005 0.000008 -0.000004 -0.000008 -0.000001 0.000024 
-0.000012 -0.000018 0.000004 0.000006 -0.000010 -0.000018 
0.000009 0.000015 -0.000004 -0.000004 0.000022 0.000018 
0.000000 0.000000 0.000000 0.000000 0.000000 0.000000 
-0.000002 -0.000002 -0.000002 -0.000014 -0.000005 -0.000012 
0.000007 0.000010 0.000000 0.000011 0.000010 0.000042 
-0.000008 -0.000012 0.000002 0.000001 -0.000017 -0.000042 
0.000008 0.000013 0.000004 0.000006 -0.000010 0.000024 
-0.000005 -0.000001 0.000002 -0.000006 -0.000004 -0.000012 
0.000004 -0.000002 -0.000002 0.000008 0.000016 0.000006 
-0.000002 -0.000002 -0.000006 0.000023 -0.000001 -0.000006 
-0.000006 -0.000011 0.000002 -0.000007 -0.000004 0.000000 
-0.000000 -0.000003 -0.000000 0.000019 -0.000003 -0.000000 
0.000000 0.000001 0.000004 -0.000007 0.000003 -0.000024 
0.000014 0.000019 0.000000 -0.000008 0.000013 0.000054 
-0.000003 0.000004 0.000004 0.000004 -0.000022 0.000012 
-0.000008 -0.000008 0.000002 -0.000016 -0.000002 -0.000042 
0.000009 0.000010 0.000000 0.000002 0.000012 0.000042 
-0.000009 -0.000014 0.000002 0.000022 -0.000008 -0.000042 
-0.000001 -0.000003 -0.000008 -0.000011 -0.000003 0.000012 
-0.000008 -0.000013 0.000000 0.000021 0.000009 -0.000012 
0.000004 0.000002 -0.000000 -0.000000 0.000000 -0.000024 
0.000012 0.000018 -0.000004 -0.000025 0.000013 0.000024 
-0.000002 0.000005 0.000012 -0.000004 -0.000016 0.000012 
-0.000004 -0.000007 -0.000002 -0.000003 0.000005 -0.000012 
-0.000002 0.000003 0.000006 0.000009 -0.000016 0.000012 
0.000003 -0.000003 0.000002 0.000003 -0.000005 -0.000012 
-0.000003 -0.000007 -0.000000 0.000019 -0.000003 -0.000006 
-0.000524 0.000166 -0.000172 -0.000751 -0.003325 0.000166 
0.001179 0.004826 -0.011373 -0.021140 0.011023 0.005091 
0.008521 0.006348 -0.037206 -0.016451 0.054564 0.009633 
0.009554 0.006736 -0.051862 -0.013479 0.060333 0.011439 
0.002680 0.006489 -0.053825 -0.010433 0.020767 0.012690 
-0.004904 0.005596 -0.047565 -0.004689 -0.027808 0.009268 
-0.007649 0.002193 -0.040055 0.005492 -0.051223 0.003477 
-0.007935 -0.000275 -0.032976 0.019185 -0.059428 -0.000177 
-0.009269 -0.003874 -0.019099 0.023919 -0.062275 -0.019407 
-0.004431 -0.003868 -0.004809 0.028105 -0.034379 -0.035797 
-0.002887 -0.006763 0.009355 0.030563 -0.017791 -0.046409 
-0.001718 -0.006532 0.018653 0.028469 -0.008035 -0.023502 
-0.001572 -0.005263 0.028382 0.020043 -0.006602 -0.005400 
-0.001185 -0.003700 0.040927 0.011174 -0.002514 0.003973 
0.001522 -0.002846 0.043227 0.003271 0.016056 -0.000992 
0.004084 -0.000994 0.039708 -0.007452 0.032320 -0.001402 
0.004189 0.000920 0.037981 -0.016721 0.031168 -0.003263 
0.005252 0.003707 0.034710 -0.026508 0.034480 0.000747 
0.003489 0.004185 0.032571 -0.024098 0.020674 0.002068 
0.000316 0.003849 0.024665 -0.018102 0.000153 0.003437 
-0.001995 0.002737 0.017063 -0.010098 -0.015791 0.004457 
-0.001888 0.003413 0.012148 -0.005488 -0.018567 0.005685 
-0.000850 0.001666 0.006220 -0.002895 -0.008236 0.003080 
0.000197 0.000603 0.001688 -0.003115 0.000413 0.000642 
0.000834 0.000620 -0.001741 -0.001523 0.003613 -0.000114 
0.001601 0.000163 -0.006070 -0.004456 0.012668 -0.000279 
0.002347 0.000073 -0.008836 -0.001205 0.015504 -0.000627 
0.002343 -0.001312 -0.011457 0.002009 0.019255 -0.002051 
0.001713 -0.000645 -0.009448 0.000151 0.014126 -0.001397 
0.001458 -0.000320 -0.008184 0.002180 0.010419 0.000303 
0.000314 -0.001409 -0.007755 0.006083 0.004094 -0.000629 
-0.001118 -0.001299 -0.007259 0.003230 -0.003746 -0.001649 
-0.002993 -0.000634 -0.005103 0.002479 -0.017754 -0.000275 
-0.003153 0.000126 -0.003149 0.000960 -0.021189 0.000390 
-0.002345 0.000158 -0.002194 0.000247 -0.015837 0.000261 
-0.001526 0.000491 -0.000629 -0.000229 -0.011632 0.001044 
-0.000048 0.000382 0.000181 0.000108 -0.002028 0.000664 
0.000392 0.000084 0.000247 0.000116 0.002063 0.000149 
0.000198 -0.000164 0.001153 0.000525 0.001467 -0.000156 
-0.000549 -0.000069 0.002303 0.000465 -0.003546 0.000042 
-0.000776 -0.000205 0.002430 0.001306 -0.005063 -0.000043 
-0.000519 -0.000314 0.001340 0.001920 -0.003448 0.000052 
-0.000396 -0.000107 0.001541 0.001632 -0.003434 0.000136 
0.000105 0.000053 0.001168 0.000987 -0.000590 0.000243 
0.000965 0.000260 0.000682 0.000671 0.004468 0.000598 
0.000887 0.000215 0.000362 0.000314 0.004671 0.000492 
0.000549 0.000019 0.000484 -0.000476 0.003937 -0.000055 
0.000891 0.000095 0.000821 -0.000162 0.005523 -0.000010 
0.000854 -0.000130 0.000859 0.000073 0.005834 -0.000037 
0.000326 -0.000055 0.000824 -0.000791 0.002372 -0.000454 
0.000101 0.000007 0.000793 -0.001010 0.000700 -0.000358 
0.000008 0.000210 0.000739 -0.001031 -0.000306 0.000001 
-0.000003 0.000128 0.000361 -0.000532 -0.000190 0.000240 
-0.000049 0.000015 0.000292 -0.000324 -0.000198 -0.000102 
-0.000028 0.000081 0.000548 -0.000735 -0.000098 -0.000053 
-0.000037 0.000123 0.000530 -0.000682 -0.000328 0.000042 
-0.000060 0.000042 0.000270 -0.000449 -0.000238 -0.000047 
-0.000042 0.000023 0.000265 -0.000349 -0.000205 -0.000018 
-0.000025 0.000054 0.000375 -0.000506 -0.000107 -0.000083 
0.000011 0.000049 0.000228 -0.000229 -0.000039 0.000078 
0.000038 0.000073 0.000091 -0.000124 0.000020 0.000066 
-0.000002 -0.000002 0.000023 -0.000143 0.000110 -0.000077 
-0.000009 -0.000013 0.000004 -0.000001 0.000038 0.000000 
-0.000016 -0.000051 0.000011 0.000088 0.000018 -0.000055 
0.000005 -0.000046 0.000019 0.000050 0.000168 -0.000090 
-0.000014 -0.000043 0.000074 -0.000073 0.000115 -0.000096 
0.000005 0.000039 0.000129 -0.000181 -0.000079 -0.000006 
0.000047 0.000099 0.000066 -0.000088 -0.000051 0.000162 
0.000038 0.000049 -0.000003 0.000003 0.000099 0.000072 
0.000046 0.000014 -0.000013 0.000028 0.000242 0.000066 
0.000003 -0.000024 0.000009 0.000037 0.000073 -0.000066 
-0.000046 -0.000085 0.000004 0.000005 0.000020 -0.000180 
-0.000022 -0.000014 0.000039 -0.000041 -0.000037 0.000012 
0.000003 0.000034 0.000066 -0.000088 -0.000051 0.000012 
0.000002 0.000035 0.000078 -0.000102 -0.000048 0.000042 
-0.000029 -0.000027 0.000090 -0.000098 -0.000036 -0.000078 
-0.000025 -0.000043 0.000054 -0.000070 -0.000024 -0.000114 
0.000006 -0.000011 -0.000008 -0.000010 0.000039 -0.000036 
0.000036 0.000039 -0.000030 -0.000048 0.000083 0.000037 
0.000032 0.000014 -0.000041 -0.000035 0.000188 0.000043 
0.000037 0.000031 -0.000032 -0.000030 0.000163 0.000043 
0.000006 0.000005 -0.000024 -0.000093 0.000098 -0.000023 
0.000020 0.000060 0.000003 -0.000075 0.000046 0.000097 
-0.000018 -0.000029 0.000030 -0.000088 0.000023 -0.000065 
-0.000012 -0.000022 0.000022 -0.000044 0.000024 -0.000054 
-0.000036 -0.000060 0.000012 -0.000040 0.000030 -0.000149 
-0.000009 -0.000053 -0.000020 -0.000069 0.000104 -0.000125 
0.000030 0.000020 -0.000045 -0.000087 0.000151 0.000026 
0.000044 0.000036 -0.000067 -0.000088 0.000190 0.000038 
0.000062 0.000041 -0.000129 -0.000172 0.000377 0.000034 
0.000045 0.000037 -0.000062 -0.000098 0.000195 0.000038 
0.000022 0.000018 -0.000037 -0.000036 0.000130 0.000013 
0.000003 0.000015 -0.000003 -0.000071 0.000031 0.000013 
-0.000009 -0.000010 0.000014 -0.000068 0.000023 -0.000065 
-0.000013 -0.000002 0.000039 -0.000037 -0.000057 0.000018 
0.000001 0.000009 0.000037 -0.000016 -0.000025 0.000012 
-0.000002 -0.000002 0.000018 -0.000090 0.000040 -0.000059 
-0.000014 -0.000019 0.000010 -0.000025 -0.000010 -0.000012 
0.000001 -0.000018 -0.000007 -0.000023 0.000029 -0.000054 
0.000011 -0.000012 -0.000030 -0.000037 0.000076 -0.000059 
0.000039 0.000030 -0.000056 -0.000078 0.000172 0.000032 
0.000022 0.000037 -0.000024 -0.000056 0.000069 0.000061 
0.000005 0.000029 0.000012 -0.000026 -0.000002 0.000060 
-0.000007 0.000016 0.000053 -0.000089 -0.000047 0.000006 
-0.000018 0.000010 0.000076 -0.000109 -0.000073 -0.000024 
-0.000002 0.000022 0.000076 -0.000077 -0.000065 0.000006 
-0.000018 -0.000010 0.000051 -0.000050 -0.000036 -0.000030 
-0.000014 -0.000015 0.000023 -0.000044 -0.000022 -0.000012 
-0.000040 0.001090 -0.003812 0.001391 -0.002652 0.001361 
0.000706 0.000073 -0.007957 0.008768 0.002819 0.002918 
0.001796 -0.001172 -0.013651 0.017969 0.009076 0.003283 
0.002165 -0.000752 -0.013793 0.018177 0.009777 0.004015 
0.002737 0.001346 -0.013279 0.017345 0.009764 0.008254 
0.003439 0.002775 -0.014029 0.017842 0.011101 0.010910 
0.004413 0.004500 -0.015187 0.018461 0.012799 0.012637 
0.005555 0.007445 -0.014260 0.016932 0.012324 0.009670 
0.007255 0.011662 -0.012474 0.014566 0.011021 -0.003746 
0.009688 0.017863 -0.010736 0.010617 0.010878 -0.012704 
0.012454 0.026507 -0.007936 0.005179 0.009951 -0.012308 
0.015349 0.037269 -0.004145 0.001370 0.006163 0.002214 
0.018846 0.048503 -0.000619 -0.000619 0.001636 0.002034 
0.021922 0.057073 0.002144 -0.001877 -0.002005 -0.024614 
0.025458 0.070190 0.006215 -0.004885 -0.006930 -0.033016 
0.029380 0.086479 0.010000 -0.009904 -0.015013 -0.021434 
0.034071 0.104114 0.012802 -0.013078 -0.019765 -0.013450 
0.038811 0.120671 0.013024 -0.013026 -0.027519 -0.015374 
0.044503 0.135642 0.012926 -0.011266 -0.026120 -0.010998 
0.052246 0.153791 0.012723 -0.010818 -0.019871 -0.001998 
0.058683 0.170952 0.012742 -0.010452 -0.015341 -0.003768 
0.065392 0.187800 0.012841 -0.009575 -0.011224 0.006619 
0.071060 0.204361 0.012282 -0.008753 -0.007985 0.011354 
0.076567 0.220415 0.012398 -0.008185 -0.007261 0.006509 
0.081103 0.236377 0.012659 -0.008839 -0.009471 0.015141 
0.086406 0.251338 0.011096 -0.007052 -0.004867 0.022499 
0.091396 0.260969 0.008741 -0.003443 0.006719 0.001804 
0.093904 0.268301 0.007934 -0.000724 0.009407 0.000597 
0.093946 0.277323 0.007319 0.001503 0.009102 0.010082 
0.092682 0.283961 0.005753 0.004715 0.007444 -0.002591 
0.091541 0.290361 0.004296 0.005968 0.005402 -0.005489 
0.092691 0.296656 0.003897 0.006251 0.006334 0.003878 
0.093292 0.301421 0.004441 0.004499 0.005893 0.009919 
0.092894 0.306553 0.004661 0.003113 0.003969 0.017164 
0.091937 0.309560 0.004185 0.004629 0.003465 0.025365 
0.090501 0.311415 0.004722 0.002039 0.004121 0.028208 
0.088540 0.308723 0.004494 0.003103 0.004319 0.017912 
0.085580 0.304106 0.004332 0.003828 0.005170 0.003852 
0.081779 0.299751 0.003669 0.004219 0.005300 -0.001568 
0.079148 0.298162 0.003655 0.003573 0.004920 -0.003321 
0.078341 0.301225 0.004001 -0.000310 0.004565 0.003602 
0.075824 0.302307 0.004287 -0.000584 -0.003656 0.007167 
0.072988 0.299314 0.004429 -0.000737 -0.005635 -0.001319 
0.070383 0.296332 0.003858 0.000738 -0.004922 -0.004918 
0.067953 0.294160 0.003870 0.000047 -0.003876 -0.007123 
0.066047 0.292779 0.003662 0.000623 -0.003539 -0.012331 
0.064362 0.292838 0.003269 0.001725 -0.003428 -0.012000 
0.061697 0.290958 0.003496 0.001246 -0.003126 -0.014940 
0.059879 0.291383 0.003807 0.001802 -0.002517 -0.013928 
0.059385 0.296453 0.004182 0.000891 -0.002828 -0.003773 
0.059253 0.298642 0.004232 0.000835 -0.000727 0.000080 
0.058433 0.300265 0.004095 0.001275 -0.000547 0.002164 
0.056672 0.299386 0.003526 0.002251 0.000037 -0.000611 
0.055408 0.298367 0.002770 0.003153 0.004974 -0.002407 
0.053337 0.298427 0.002791 0.001972 0.003855 -0.002291 
0.051580 0.298073 0.002841 0.003779 0.000793 -0.004839 
0.049568 0.297370 0.003978 0.002020 -0.000004 -0.005263 
0.046647 0.296393 0.005370 -0.000056 -0.001493 -0.005670 
0.045781 0.299063 0.005311 0.000103 -0.000589 -0.001392 
0.045522 0.301808 0.005801 -0.001408 0.002061 0.003838 
0.044463 0.302838 0.005985 -0.001443 0.001231 0.005263 
0.043085 0.302377 0.005687 -0.000628 0.001465 0.000407 
0.040439 0.300753 0.004535 0.000978 0.002352 0.000712 
0.038270 0.298781 0.003903 0.002150 0.003790 -0.000230 
0.036317 0.298387 0.004462 0.001010 0.003268 -0.003164 
0.034781 0.297858 0.004288 0.001033 0.002988 -0.003787 
0.033012 0.296770 0.004867 0.000425 0.003877 -0.004549 
0.031334 0.299760 0.004251 0.001333 0.003980 -0.000288 
0.030410 0.301013 0.003382 0.002375 0.004762 0.002721 
0.029672 0.301984 0.003526 0.001776 0.005431 0.005832 
0.028644 0.302168 0.003305 0.001049 0.006674 0.003500 
0.026212 0.300424 0.002842 0.002119 0.006271 0.001269 
0.023914 0.298329 0.001824 0.003947 0.007569 0.001392 
0.020212 0.297544 0.002499 0.004706 -0.002265 -0.001627 
0.018854 0.296725 0.003009 0.004429 -0.003119 -0.003936 
0.017389 0.297160 0.003739 0.000458 -0.003373 -0.002797 
0.015438 0.299335 0.004404 -0.000844 -0.004708 0.001532 
0.014336 0.299870 0.003183 0.001494 -0.002552 0.002901 
0.012872 0.299995 0.003480 0.000522 -0.002414 0.004438 
0.011769 0.299459 0.003375 0.001078 -0.001929 0.002453 
0.010567 0.298884 0.002863 0.002102 -0.000938 0.000007 
0.007735 0.296461 0.002676 0.001886 -0.000942 -0.001920 
0.005608 0.294988 0.002430 0.003037 -0.000425 -0.002211 
0.004231 0.295044 0.003261 0.000573 0.001868 -0.003160 
0.003744 0.295893 0.003747 -0.001093 0.004705 -0.001966 
0.002847 0.297813 0.004680 -0.003440 0.005896 0.001968 
0.000352 0.298108 0.003975 -0.001476 0.003236 0.001600 
-0.001008 0.297442 0.003038 0.000429 0.003207 0.001322 
-0.002727 0.297615 0.003763 -0.001136 0.001713 0.004394 
-0.004263 0.296942 0.003340 0.000514 0.000177 0.001094 
-0.005913 0.294977 0.003322 0.000506 0.001140 -0.001321 
-0.008834 0.292797 0.002878 0.001504 -0.000077 -0.001632 
-0.010884 0.292002 0.002974 0.001850 -0.001255 -0.004642 
-0.011904 0.293248 0.003561 0.000629 -0.001108 -0.002293 
-0.012138 0.295539 0.003771 -0.002684 0.004115 0.003342 
-0.013725 0.295332 0.004090 -0.003562 0.005580 0.002083 
-0.015226 0.294244 0.002737 -0.001237 0.007546 0.001732 
-0.016720 0.294032 0.003055 -0.002556 0.007817 0.003648 
-0.018121 0.292812 0.003417 -0.003156 0.007303 -0.001380 
-0.019587 0.292242 0.003130 -0.002337 0.006376 -0.002347 
-0.021827 0.290352 0.003478 -0.004154 0.007362 -0.002709 
-0.023663 0.289144 0.002991 -0.003359 0.009068 -0.003819 
-0.026520 0.289513 0.003454 -0.000957 0.000158 -0.001792 
-0.028091 0.291571 0.003701 -0.000180 -0.004232 0.003511 
-0.029143 0.291772 0.003919 -0.000717 -0.003661 0.002565 
-0.031377 0.291114 0.003755 -0.000354 -0.004083 0.001941 
-0.032531 0.289654 0.002663 0.001884 -0.001928 0.002503 
-0.034250 0.288304 0.003406 0.000461 -0.002018 0.000466 
-0.035476 0.287684 0.003174 0.001314 -0.001679 -0.001411 
-0.036563 0.285821 0.002955 0.001773 -0.000044 -0.002395 
-0.038949 0.284736 0.003110 0.000323 0.000999 -0.002770 
-0.040341 0.284994 0.002763 0.000851 0.001953 -0.002909 
-0.041780 0.286303 0.003092 -0.000514 0.001148 0.000798 
-0.042653 0.287587 0.003143 -0.001449 0.002506 0.004753 
-0.044343 0.286754 0.003486 -0.001208 0.000599 0.001684 
-0.046309 0.285538 0.002924 -0.000542 0.000864 0.002722 
-0.047829 0.283632 0.002914 -0.000861 0.001585 0.001517 
-0.049294 0.282664 0.003627 -0.001401 0.000500 -0.002360 
-0.050523 0.281436 0.002997 0.000112 0.000655 -0.004279 
-0.051874 0.280185 0.003487 -0.002224 0.003647 -0.002642 
-0.053700 0.280301 0.002886 -0.001090 0.003841 -0.002247 
-0.055893 0.281401 0.002572 -0.000400 0.001787 0.002411 
-0.056815 0.281981 0.003025 -0.001493 0.001836 0.004981 
-0.057735 0.281768 0.003020 -0.001392 0.002153 0.001847 
-0.060066 0.280314 0.003265 -0.000979 -0.000342 0.000823 
-0.060961 0.278192 0.002458 -0.001023 0.004432 0.000750 
-0.063038 0.277176 0.003021 -0.002005 0.002419 -0.000663 
-0.064316 0.275912 0.002926 -0.001178 0.000922 -0.002928 
-0.065038 0.274286 0.002958 -0.001396 0.001882 -0.003761 
-0.067542 0.275007 0.003642 -0.003257 0.001217 -0.002454 
-0.068870 0.275337 0.002200 -0.001448 0.004355 0.000428 
-0.070473 0.275898 0.002614 -0.002268 0.003329 0.003952 
-0.071491 0.275867 0.003153 -0.003808 0.003351 0.003641 
-0.072259 0.274372 0.003365 -0.003822 0.003650 -0.000285 
-0.074596 0.272586 0.003305 -0.003383 0.002512 0.001273 
-0.075829 0.270559 0.002830 -0.002808 0.004170 -0.001071 
-0.077364 0.269587 0.002975 -0.003072 0.003623 -0.003665 
-0.078241 0.268859 0.002832 -0.003929 0.004422 -0.003940 
-0.079241 0.268896 0.003358 -0.005961 0.006020 -0.001615 
-0.081457 0.269604 0.002513 -0.006016 0.007847 0.000442 
-0.082765 0.269936 0.001981 -0.005578 0.009091 0.004618 
-0.084125 0.269388 0.003116 -0.007128 0.006962 0.004564 
-0.086400 0.267847 0.003041 -0.000862 -0.002001 0.001382 
-0.088021 0.265712 0.003197 -0.000069 -0.003700 -0.001087 
-0.089254 0.261879 0.002706 0.000542 -0.002450 -0.002956 
-0.090440 0.258596 0.002420 0.000658 -0.002127 -0.005293 
-0.090528 0.254269 0.002571 0.000473 -0.002315 -0.003190 
-0.090107 0.250439 0.002478 -0.000398 -0.000462 0.007896 
-0.088772 0.242854 0.002607 -0.002044 -0.001167 0.008973 
-0.086124 0.234317 0.001527 0.000492 0.000456 0.012949 
-0.083144 0.224349 0.002517 -0.000480 -0.001742 0.016064 
-0.079383 0.212813 0.003639 -0.003018 -0.003111 0.014267 
-0.075431 0.200494 0.003276 -0.003172 -0.002765 0.012314 
-0.070236 0.186141 0.003466 -0.004152 -0.002457 0.008815 
-0.065386 0.171889 0.002630 -0.004932 0.001534 0.009551 
-0.060072 0.156638 0.001673 -0.003404 0.003273 0.004068 
-0.054595 0.140549 0.001110 -0.002074 0.003614 -0.002972 
-0.049787 0.125562 0.000447 -0.000612 0.003193 -0.005139 
-0.045453 0.110299 0.000180 0.000654 0.002140 -0.007673 
-0.040373 0.097063 0.000211 0.001029 0.001550 -0.007356 
-0.035687 0.084842 0.000237 0.000708 0.001221 -0.005995 
-0.030607 0.072498 0.000253 0.000738 0.001142 -0.006145 
-0.025181 0.060363 0.000184 0.000539 0.001265 -0.006893 
-0.020158 0.048503 -0.000116 0.000791 0.001530 -0.003273 
-0.015580 0.037756 -0.000451 0.001300 0.002092 -0.001110 
-0.010626 0.027245 -0.000832 0.001339 0.002654 -0.006364 
-0.007314 0.018809 -0.000748 0.001216 0.002145 -0.007363 
-0.005561 0.012269 -0.000270 0.001005 0.001281 0.002588 
-0.004819 0.007074 0.000030 0.000819 0.000807 0.004607 
-0.002673 0.001632 0.000020 0.000690 0.000641 -0.003878 
-0.000007 -0.002633 0.000074 0.000802 0.000490 -0.012280 
0.000445 -0.003222 0.000001 0.000504 0.000773 -0.011757 
0.000295 -0.003498 -0.000088 0.000581 0.000745 -0.010798 
0.000038 -0.004078 -0.000091 0.000748 0.000726 -0.010140 
0.000114 -0.003666 0.000002 0.000590 0.000525 -0.008731 
0.000220 -0.002847 -0.000004 0.000525 0.000529 -0.007119 
0.000116 -0.001665 0.000005 0.000331 0.000458 -0.000953 
0.000060 -0.000536 -0.000021 0.000392 0.000405 -0.000462 
0.000042 0.000540 -0.000042 0.000375 0.000422 0.001096 
0.000060 0.001123 -0.000005 0.000226 0.000365 0.002121 
0.000034 0.001141 -0.000035 0.000307 0.000272 0.001995 
0.000029 0.001667 0.000022 0.000214 0.000227 0.002960 
0.000060 0.001592 0.000032 0.000301 0.000206 0.002756 
0.000081 0.001559 0.000033 0.000304 0.000220 0.002642 
0.000062 0.001513 -0.000037 0.000137 0.000281 0.002583 
0.000057 0.001235 -0.000048 0.000134 0.000268 0.002109 
0.000036 0.001068 -0.000055 0.000186 0.000219 0.001887 
0.000039 0.001042 -0.000045 0.000125 0.000219 0.001774 
0.000043 0.001117 0.000011 0.000076 0.000095 0.001863 
0.000033 0.001016 0.000017 0.000120 0.000112 0.001737 
-0.000001 0.000867 0.000014 0.000105 0.000060 0.001522 
0.000026 0.000683 -0.000000 0.000060 0.000092 0.001174 
0.000028 0.000595 -0.000026 0.000004 0.000115 0.000995 
0.000004 0.000553 -0.000021 0.000071 0.000108 0.000983 
0.000027 0.000480 -0.000005 0.000058 0.000053 0.000803 
0.000030 0.000300 0.000002 0.000034 0.000078 0.000485 
0.000020 0.000087 0.000008 0.000046 0.000047 0.000114 
0.000003 0.000072 0.000000 0.000043 0.000053 0.000162 
0.000007 0.000178 0.000010 0.000046 0.000009 0.000311 
0.000008 0.000206 -0.000012 -0.000002 0.000085 0.000354 
0.000009 0.000179 -0.000008 0.000020 0.000067 0.000318 
0.000004 0.000308 0.000008 0.000025 0.000012 0.000539 
0.000010 0.000332 0.000008 0.000001 0.000039 0.000545 
0.000014 0.000286 -0.000013 0.000033 0.000056 0.000485 
0.000018 0.000212 -0.000005 0.000013 0.000037 0.000342 
0.000009 0.000143 -0.000000 0.000022 0.000044 0.000246 
0.000004 0.000025 -0.000010 0.000022 0.000045 0.000030 
0.000001 0.000034 0.000005 0.000013 0.000025 0.000090 
-0.000007 0.000138 -0.000002 -0.000025 0.000017 0.000246 
0.000005 0.000102 0.000012 0.000012 0.000001 0.000162 
0.000001 -0.000018 0.000010 0.000025 0.000028 -0.000018 
0.000014 -0.000064 0.000009 0.000034 0.000023 -0.000138 
0.000005 -0.000064 -0.000017 0.000023 0.000055 -0.000078 
0.000006 -0.000103 -0.000015 0.000021 0.000044 -0.000204 
0.000005 -0.000129 -0.000005 0.000003 0.000044 -0.000180 
0.000005 -0.000097 -0.000000 0.000006 0.000022 -0.000168 
0.000005 -0.000028 0.000007 0.000018 0.000031 -0.000036 
0.000000 -0.000019 0.000006 -0.000013 0.000002 -0.000060 
0.000001 -0.000005 -0.000001 0.000035 0.000024 0.000006 
-0.000003 -0.000009 0.000000 -0.000001 0.000015 -0.000006 
0.000005 -0.000014 -0.000007 -0.000000 0.000055 -0.000018 
0.000007 -0.000005 0.000005 0.000006 0.000004 -0.000036 
0.000001 -0.000013 -0.000003 0.000013 0.000005 -0.000006 
0.000009 -0.000032 -0.000003 0.000011 0.000026 -0.000018 
0.000012 -0.000043 -0.000003 0.000010 0.000026 -0.000120 
0.000001 -0.000012 -0.000000 0.000007 0.000006 -0.000000 
0.000002 0.000000 -0.000005 0.000010 0.000026 -0.000012 
-0.000002 0.000011 0.000010 -0.000001 0.000004 0.000078 
0.000001 0.000002 -0.000000 0.000011 0.000026 -0.000042 
-0.000011 0.000015 -0.000002 -0.000013 0.000004 0.000060 
0.000003 -0.000002 0.000002 0.000011 0.000018 -0.000000 
0.000007 -0.000008 0.000005 0.000006 0.000004 -0.000048 
0.000009 -0.000012 -0.000008 0.000022 0.000046 0.000006 
-0.000002 -0.000020 -0.000000 0.000012 -0.000014 -0.000048 
0.000013 -0.000006 -0.000002 0.000012 0.000043 -0.000000 
-0.000001 0.000004 -0.000003 -0.000004 0.000013 0.000012 
0.000002 -0.000002 -0.000000 0.000014 0.000013 -0.000018 
-0.000002 0.000011 0.000005 -0.000000 0.000007 0.000024 
0.000011 -0.000016 -0.000002 0.000013 0.000028 -0.000036 
-0.000008 0.000023 0.000008 -0.000012 -0.000013 0.000066 
-0.000002 0.000002 -0.000006 0.000024 0.000015 0.000018 
0.000005 0.000011 -0.000002 -0.000002 0.000030 0.000024 
0.000002 -0.000022 0.000002 0.000004 -0.000004 -0.000060 
0.000005 -0.000009 -0.000005 -0.000001 0.000024 -0.000024 
0.000006 -0.000011 0.000003 0.000002 0.000017 -0.000024 
0.000005 -0.000004 -0.000000 0.000023 0.000013 0.000018 
-0.000006 0.000003 0.000005 0.000006 0.000004 -0.000006 
0.000005 -0.000001 -0.000005 0.000008 0.000009 0.000018 
-0.000003 0.000008 0.000000 0.000006 0.000012 0.000036 
0.000001 0.000009 0.000005 -0.000011 0.000005 -0.000000 
-0.000000 0.000008 -0.000003 0.000019 0.000017 0.000018 
0.000005 -0.000006 -0.000000 0.000014 0.000013 -0.000006 
-0.000000 -0.000003 0.000000 -0.000005 0.000020 -0.000000 
0.000008 -0.000000 -0.000005 0.000014 0.000021 -0.000030 
-0.000005 -0.000002 0.000002 0.000004 -0.000004 0.000006 
0.000000 0.000000 0.000000 0.000000 0.000000 0.000000 
0.000007 -0.000011 -0.000002 0.000002 0.000026 -0.000006 
-0.000005 0.000004 0.000008 -0.000004 -0.000013 -0.000006 
0.000008 0.000003 -0.000003 0.000007 0.000031 -0.000000 
-0.000002 -0.000000 -0.000002 -0.000019 0.000007 0.000000 
0.000005 -0.000000 -0.000000 0.000023 0.000013 0.000018 
0.000001 0.000007 0.000000 -0.000001 0.000006 0.000018 
-0.000002 -0.000005 -0.000003 0.000011 0.000011 0.000012 
0.000003 -0.000002 0.000003 -0.000008 0.000000 -0.000024 
0.000001 -0.000007 0.000003 -0.000001 0.000006 -0.000018 
0.000003 -0.000002 -0.000005 0.000011 0.000020 -0.000000 
0.000003 -0.000005 0.000002 0.000007 0.000022 -0.000006 
-0.000000 0.000005 0.000000 -0.000008 -0.000000 0.000006 
0.000003 -0.000001 -0.000003 0.000003 0.000020 -0.000018 
-0.000000 0.000000 0.000000 0.000022 0.000019 0.000012 
0.000003 -0.000004 0.000002 0.000004 -0.000004 0.000006 
0.000003 0.000004 -0.000000 0.000022 0.000019 0.000012 
-0.000001 0.000005 0.000003 -0.000006 0.000017 0.000012 
0.000003 -0.000006 -0.000005 0.000016 -0.000000 -0.000042 
0.000001 0.000001 0.000000 -0.000004 0.000004 0.000036 
-0.000000 -0.000005 0.000002 0.000011 0.000018 -0.000006 
0.000004 0.000004 -0.000002 -0.000004 0.000004 -0.000018 
-0.000003 -0.000005 0.000002 0.000012 0.000002 -0.000000 
0.000009 -0.000005 -0.000008 0.000010 0.000035 -0.000012 
-0.000001 0.000008 0.000005 -0.000008 -0.000009 0.000012 
0.000001 0.000001 0.000000 -0.000008 0.000009 0.000024 
0.000002 -0.000002 0.000002 0.000015 0.000013 -0.000024 
-0.000003 -0.000001 0.000000 0.000026 -0.000001 0.000006 
0.000000 0.000007 0.000000 -0.000000 -0.000000 0.000036 
0.000003 -0.000009 0.000000 -0.000009 -0.000000 -0.000042 
-0.000002 0.000012 0.000000 -0.000008 0.000009 0.000024 
-0.000001 -0.000009 0.000002 0.000013 -0.000004 -0.000012 
0.000003 -0.000004 -0.000000 -0.000000 0.000000 -0.000018 
-0.000000 0.000004 -0.000005 -0.000027 -0.000000 0.000000 
-0.000002 -0.000003 0.000002 -0.000003 0.000005 0.000024 
0.000004 0.000001 0.000002 0.000004 -0.000004 -0.000006 
0.000001 0.000001 -0.000005 -0.000009 0.000008 0.000006 
-0.000000 0.000003 0.000002 -0.000007 0.000009 -0.000018 
-0.000003 0.000000 -0.000002 0.000022 0.000003 0.000030 
0.000000 0.000011 0.000000 -0.000026 0.000001 -0.000006 
-0.000001 -0.000006 0.000000 0.000014 0.000013 0.000024 
0.000001 -0.000002 0.000002 -0.000010 -0.000017 -0.000012 
-0.000003 0.000007 0.000000 0.000000 -0.000000 0.000018 
0.000006 -0.000015 -0.000000 0.000006 0.000022 -0.000054 
0.000005 -0.000005 -0.000005 0.000008 0.000009 0.000012 
-0.000004 0.000006 0.000000 -0.000016 -0.000007 0.000006 
0.000000 0.000001 -0.000003 -0.000007 0.000003 0.000000 
-0.000001 -0.000001 0.000002 0.000004 -0.000004 0.000018 
0.000001 0.000007 0.000003 0.000002 0.000008 -0.000006 
-0.000004 0.000010 0.000000 0.000004 -0.000005 0.000024 
0.000000 0.000004 0.000000 -0.000026 0.000001 0.000018 
0.000002 -0.000009 -0.000000 0.000014 0.000013 -0.000048 
0.000000 0.000004 0.000000 -0.000026 0.000001 0.000018 
0.000002 -0.000004 0.000005 0.000000 -0.000008 0.000006 
-0.000002 -0.000003 -0.000005 -0.000000 0.000008 0.000012 
0.000003 -0.000004 0.000002 0.000004 -0.000004 -0.000036 
0.000001 0.000001 -0.000002 -0.000004 0.000004 0.000000 
0.000000 0.000003 0.000000 0.000007 0.000022 0.000030 
0.000006 -0.000007 -0.000000 -0.000000 0.000000 -0.000066 
-0.000007 0.000021 0.000002 0.000005 -0.000004 0.000072 
0.000004 0.000008 -0.000002 -0.000031 0.000005 0.000000 
-0.000004 -0.000002 0.000000 0.000015 0.000013 0.000006 
0.000004 -0.000012 -0.000000 -0.000015 -0.000013 -0.000030 
0.000001 0.000003 0.000000 0.000003 0.000026 0.000006 
-0.000002 0.000009 0.000000 -0.000014 -0.000013 0.000012 
0.000005 -0.000013 -0.000000 0.000014 0.000013 -0.000024 
0.000001 -0.000003 -0.000000 -0.000006 -0.000012 -0.000012 
-0.000005 0.000006 -0.000005 0.000008 0.000009 0.000030 
0.000001 -0.000009 0.000008 -0.000012 -0.000013 -0.000012 
0.000002 0.000007 -0.000010 0.000022 0.000030 0.000012 
-0.000001 0.000008 0.000008 -0.000027 -0.000026 -0.000006 
0.000003 -0.000001 -0.000000 0.000007 0.000022 -0.000000 
-0.000004 0.000003 0.000002 0.000004 -0.000004 -0.000000 
0.000001 0.000001 0.000000 -0.000004 0.000005 -0.000006 
0.000003 -0.000007 -0.000002 -0.000027 0.000000 0.000000 
-0.000001 -0.000001 0.000002 0.000004 -0.000004 -0.000024 
0.000001 0.000004 -0.000002 -0.000004 0.000004 0.000000 
-0.000003 -0.000007 -0.000005 0.000023 0.000021 0.000012 
