0.000463 -0.017033 0.234339 0.999910 -0.008768 0.007714 -0.006544 
0.000456 -0.017025 0.234285 0.999920 -0.008690 0.007080 -0.005861 
0.000469 -0.017024 0.234286 0.999893 -0.008701 0.010750 -0.004728 
0.000445 -0.017021 0.234322 0.999932 -0.008709 0.004598 -0.006322 
0.000437 -0.017024 0.234279 0.999944 -0.008709 0.003002 -0.005236 
0.000464 -0.017030 0.234319 0.999916 -0.008735 0.007941 -0.005315 
0.000478 -0.017025 0.234256 0.999867 -0.008715 0.012423 -0.006018 
0.000457 -0.017024 0.234354 0.999909 -0.008830 0.007732 -0.006635 
0.000455 -0.017029 0.234301 0.999925 -0.008705 0.006728 -0.005356 
0.000459 -0.017023 0.234273 0.999917 -0.008675 0.008274 -0.004674 
0.000471 -0.017024 0.234314 0.999890 -0.008703 0.010623 -0.005669 
0.000467 -0.017025 0.234295 0.999901 -0.008779 0.008854 -0.006493 
0.000457 -0.017027 0.234251 0.999913 -0.008650 0.007823 -0.006211 
0.000484 -0.017019 0.234260 0.999854 -0.008714 0.013391 -0.006045 
0.000453 -0.017023 0.234279 0.999921 -0.008778 0.007014 -0.005584 
0.000464 -0.017028 0.234320 0.999914 -0.008637 0.008116 -0.005650 
0.000466 -0.017025 0.234328 0.999908 -0.008694 0.008692 -0.005676 
0.000470 -0.017028 0.234306 0.999898 -0.008742 0.009442 -0.006212 
0.000458 -0.017026 0.234306 0.999920 -0.008573 0.007825 -0.005053 
0.000466 -0.017024 0.234364 0.999903 -0.008801 0.008780 -0.006216 
0.000457 -0.017024 0.234364 0.999910 -0.008777 0.007392 -0.006944 
0.000446 -0.017023 0.234342 0.999926 -0.008791 0.005567 -0.006268 
0.000452 -0.017022 0.234342 0.999928 -0.008666 0.006113 -0.005696 
0.000469 -0.017025 0.234317 0.999902 -0.008809 0.009425 -0.005475 
0.000464 -0.017031 0.234329 0.999919 -0.008718 0.008238 -0.004163 
0.000449 -0.017030 0.234306 0.999938 -0.008709 0.004707 -0.005180 
0.000466 -0.017025 0.234326 0.999905 -0.008746 0.009166 -0.005370 
0.000456 -0.017028 0.234312 0.999919 -0.008816 0.006844 -0.006134 
0.000462 -0.017028 0.234300 0.999914 -0.008776 0.008318 -0.005115 
0.000478 -0.017027 0.234281 0.999894 -0.008700 0.010773 -0.004555 
0.000443 -0.017028 0.234330 0.999938 -0.008529 0.003843 -0.006072 
0.000448 -0.017022 0.234325 0.999919 -0.008833 0.005751 -0.007144 
0.000468 -0.017019 0.234306 0.999911 -0.008741 0.008254 -0.005863 
0.000451 -0.017025 0.234243 0.999938 -0.008581 0.005181 -0.004910 
0.000332 -0.017003 0.234091 0.999930 -0.008721 0.003841 -0.007031 
0.000284 -0.016962 0.233989 0.999901 -0.009748 0.006674 -0.007670 
0.000356 -0.017054 0.234119 0.999920 -0.008670 0.007398 -0.005559 
0.000346 -0.017024 0.234023 0.999898 -0.008986 0.007990 -0.007647 
0.000343 -0.017018 0.234063 0.999898 -0.008975 0.009668 -0.005538 
0.000347 -0.017002 0.234205 0.999909 -0.008939 0.007603 -0.006582 
0.000351 -0.017028 0.234140 0.999925 -0.008764 0.007189 -0.004732 
0.000346 -0.017028 0.234119 0.999934 -0.008603 0.006199 -0.004372 
0.000349 -0.017031 0.234098 0.999930 -0.008665 0.006707 -0.004497 
0.000352 -0.017029 0.234184 0.999918 -0.008649 0.006892 -0.006380 
0.000350 -0.017024 0.234139 0.999911 -0.008717 0.007380 -0.006869 
0.000356 -0.017029 0.234126 0.999924 -0.008595 0.007255 -0.004949 
0.000354 -0.017035 0.234171 0.999918 -0.008663 0.007464 -0.005774 
0.000350 -0.017031 0.234082 0.999915 -0.008749 0.007641 -0.005875 
0.000355 -0.017026 0.234096 0.999913 -0.008785 0.008215 -0.005357 
0.000358 -0.017027 0.234099 0.999917 -0.008718 0.008074 -0.005068 
0.000358 -0.017027 0.234101 0.999918 -0.008590 0.008165 -0.004799 
0.000346 -0.017019 0.234085 0.999932 -0.008553 0.005721 -0.005410 
0.000337 -0.017021 0.234107 0.999944 -0.008667 0.002132 -0.005713 
0.000348 -0.017020 0.234106 0.999928 -0.008584 0.006639 -0.005088 
0.000358 -0.017027 0.234153 0.999907 -0.008767 0.008366 -0.006335 
0.000340 -0.017021 0.234136 0.999929 -0.008709 0.004819 -0.006543 
0.000353 -0.017018 0.234179 0.999905 -0.008809 0.008124 -0.006833 
0.000354 -0.017022 0.234118 0.999912 -0.008819 0.007622 -0.006340 
0.000364 -0.017024 0.234131 0.999897 -0.008811 0.009847 -0.005638 
0.000348 -0.017024 0.234131 0.999928 -0.008676 0.006394 -0.005286 
0.000348 -0.017029 0.234128 0.999928 -0.008613 0.006727 -0.004923 
0.000355 -0.017023 0.234166 0.999914 -0.008649 0.008196 -0.005567 
0.000341 -0.017022 0.234157 0.999931 -0.008768 0.005428 -0.005543 
0.000360 -0.017017 0.234155 0.999895 -0.008889 0.009196 -0.006784 
0.000349 -0.017029 0.234112 0.999925 -0.008754 0.006810 -0.005213 
0.000355 -0.017024 0.234128 0.999917 -0.008669 0.007455 -0.005910 
0.000347 -0.017024 0.234152 0.999930 -0.008529 0.006637 -0.004851 
0.000358 -0.017027 0.234149 0.999907 -0.008769 0.009012 -0.005301 
0.000351 -0.017030 0.234144 0.999922 -0.008706 0.006661 -0.005912 
0.000364 -0.017026 0.234152 0.999902 -0.008790 0.009348 -0.005553 
0.000360 -0.017034 0.234141 0.999918 -0.008505 0.008114 -0.005068 
0.000354 -0.017022 0.234152 0.999919 -0.008661 0.007521 -0.005573 
0.000350 -0.017036 0.234102 0.999932 -0.008561 0.006819 -0.004097 
0.000363 -0.017039 0.234035 0.999877 -0.008894 0.010793 -0.007112 
0.000348 -0.016988 0.234138 0.999915 -0.008728 0.007266 -0.006332 
0.000312 -0.016923 0.234035 0.999885 -0.009451 0.010237 -0.005971 
0.000239 -0.016926 0.233998 0.999915 -0.009527 0.006402 -0.006110 
0.000119 -0.016931 0.233741 0.999925 -0.009440 0.005401 -0.005560 
-0.000084 -0.016941 0.233490 0.999927 -0.009513 0.001986 -0.007249 
-0.000118 -0.016938 0.233319 0.999932 -0.009770 0.002740 -0.005719 
-0.000118 -0.016943 0.233397 0.999925 -0.009675 0.002352 -0.007201 
-0.000101 -0.017000 0.233495 0.999939 -0.009332 0.001125 -0.005839 
-0.000045 -0.017043 0.233489 0.999936 -0.008768 0.002792 -0.006558 
-0.000067 -0.017050 0.233512 0.999932 -0.009021 0.003479 -0.006509 
-0.000061 -0.017020 0.233457 0.999921 -0.008970 0.004099 -0.007736 
-0.000043 -0.017025 0.233493 0.999925 -0.008897 0.006166 -0.005720 
-0.000064 -0.017024 0.233424 0.999929 -0.008868 0.003511 -0.007155 
-0.000044 -0.017028 0.233413 0.999929 -0.008875 0.005470 -0.005689 
-0.000036 -0.017007 0.233394 0.999923 -0.008829 0.006504 -0.005858 
-0.000042 -0.017027 0.233407 0.999938 -0.008741 0.004884 -0.004937 
-0.000073 -0.016980 0.233435 0.999918 -0.009231 0.004592 -0.007565 
-0.000059 -0.017012 0.233505 0.999943 -0.008704 0.002658 -0.005532 
-0.000057 -0.017004 0.233426 0.999946 -0.008769 0.002034 -0.005239 
-0.000067 -0.017019 0.233549 0.999944 -0.008808 0.001560 -0.005699 
-0.000074 -0.017006 0.233546 0.999933 -0.008823 0.001255 -0.007448 
-0.000030 -0.017011 0.233510 0.999926 -0.008782 0.006355 -0.005479 
-0.000088 -0.016993 0.233497 0.999933 -0.009240 0.002395 -0.006571 
-0.000035 -0.017030 0.233521 0.999925 -0.009024 0.006846 -0.004560 
-0.000037 -0.017021 0.233504 0.999924 -0.008819 0.007221 -0.004702 
-0.000053 -0.017035 0.233447 0.999933 -0.008845 0.001276 -0.007326 
-0.000052 -0.017035 0.233374 0.999944 -0.008818 0.003769 -0.004536 
-0.000056 -0.017009 0.233362 0.999936 -0.008913 0.002449 -0.006539 
-0.000034 -0.017019 0.233337 0.999925 -0.008869 0.005826 -0.006073 
-0.000046 -0.017003 0.233343 0.999904 -0.008973 0.007497 -0.007436 
-0.000047 -0.017012 0.233423 0.999923 -0.008924 0.005054 -0.006993 
-0.000049 -0.017012 0.233456 0.999942 -0.008849 0.001744 -0.005915 
-0.000064 -0.017012 0.233540 0.999943 -0.008972 0.001730 -0.005493 
-0.000068 -0.017006 0.233532 0.999939 -0.008795 0.000196 -0.006667 
-0.000033 -0.017022 0.233509 0.999926 -0.008757 0.005613 -0.006293 
-0.000053 -0.017025 0.233465 0.999949 -0.008808 0.002810 -0.004153 
-0.000036 -0.017025 0.233458 0.999935 -0.008944 0.004701 -0.005272 
-0.000037 -0.017034 0.233461 0.999932 -0.008873 0.005604 -0.004990 
-0.000038 -0.017035 0.233452 0.999917 -0.008881 0.007321 -0.005792 
-0.000039 -0.017017 0.233435 0.999916 -0.008845 0.005746 -0.007582 
-0.000046 -0.017031 0.233386 0.999941 -0.008766 0.003259 -0.005607 
-0.000047 -0.017060 0.233410 0.999943 -0.008651 0.003064 -0.005435 
-0.000027 -0.017066 0.233414 0.999917 -0.008837 0.006887 -0.006346 
-0.000053 -0.017050 0.233398 0.999934 -0.008524 0.002168 -0.007333 
-0.000011 -0.017063 0.233355 0.999891 -0.008879 0.010268 -0.005849 
-0.000036 -0.017063 0.233423 0.999932 -0.008805 0.005198 -0.005555 
-0.000045 -0.017041 0.233530 0.999927 -0.008792 0.004781 -0.006760 
-0.000035 -0.017047 0.233409 0.999932 -0.008840 0.005606 -0.005158 
-0.000039 -0.017034 0.233446 0.999930 -0.008958 0.005542 -0.005348 
-0.000046 -0.017033 0.233496 0.999950 -0.008814 0.002993 -0.003664 
-0.000057 -0.017038 0.233509 0.999952 -0.008730 0.001419 -0.004162 
-0.000028 -0.017037 0.233430 0.999911 -0.008869 0.008465 -0.005175 
-0.000031 -0.017012 0.233444 0.999920 -0.008985 0.007310 -0.005116 
-0.000044 -0.017020 0.233465 0.999931 -0.008651 0.004908 -0.006286 
-0.000034 -0.017011 0.233474 0.999912 -0.008883 0.007067 -0.006875 
-0.000049 -0.017019 0.233431 0.999937 -0.008958 0.004429 -0.005139 
-0.000041 -0.017022 0.233362 0.999938 -0.008927 0.004431 -0.005058 
-0.000026 -0.017014 0.233438 0.999909 -0.008850 0.007718 -0.006630 
-0.000043 -0.017024 0.233421 0.999918 -0.008722 0.005637 -0.007511 
-0.000033 -0.017020 0.233405 0.999928 -0.008930 0.005010 -0.006210 
-0.000044 -0.017030 0.233428 0.999937 -0.008778 0.004682 -0.005257 
-0.000027 -0.017024 0.233380 0.999919 -0.008849 0.007724 -0.004891 
-0.000038 -0.017027 0.233421 0.999932 -0.008893 0.005909 -0.004717 
NaN NaN NaN NaN NaN NaN NaN 
NaN NaN NaN NaN NaN NaN NaN 
NaN NaN NaN NaN NaN NaN NaN 
NaN NaN NaN NaN NaN NaN NaN 
