0.000321 -0.017170 0.233114 0.999887 -0.008723 0.009555 -0.007590 
0.000315 -0.017168 0.233113 0.999899 -0.008705 0.009125 -0.006586 
0.000320 -0.017164 0.233128 0.999884 -0.008702 0.009461 -0.008137 
0.000330 -0.017165 0.233122 0.999876 -0.008650 0.011133 -0.007008 
0.000337 -0.017165 0.233105 0.999858 -0.008829 0.012775 -0.006524 
0.000302 -0.017161 0.233136 0.999904 -0.008665 0.005948 -0.009008 
0.000321 -0.017166 0.233108 0.999891 -0.008808 0.009062 -0.007684 
0.000329 -0.017162 0.233126 0.999866 -0.008725 0.011312 -0.007952 
0.000321 -0.017164 0.233138 0.999889 -0.008774 0.008958 -0.008035 
0.000314 -0.017167 0.233144 0.999905 -0.008615 0.007276 -0.007926 
0.000327 -0.017160 0.233144 0.999860 -0.008783 0.011597 -0.008292 
0.000320 -0.017161 0.233141 0.999884 -0.008711 0.009860 -0.007672 
0.000320 -0.017161 0.233126 0.999885 -0.008696 0.009409 -0.008098 
0.000325 -0.017164 0.233118 0.999884 -0.008604 0.010032 -0.007565 
0.000322 -0.017161 0.233124 0.999869 -0.008818 0.009987 -0.009204 
0.000324 -0.017164 0.233112 0.999883 -0.008737 0.009533 -0.008133 
0.000325 -0.017164 0.233162 0.999869 -0.008833 0.011025 -0.007928 
0.000306 -0.017171 0.233136 0.999926 -0.008606 0.005866 -0.006231 
0.000324 -0.017165 0.233154 0.999884 -0.008659 0.009695 -0.007878 
0.000337 -0.017159 0.233121 0.999848 -0.008793 0.013054 -0.007557 
0.000322 -0.017162 0.233111 0.999884 -0.008684 0.010074 -0.007448 
0.000322 -0.017171 0.233152 0.999890 -0.008794 0.009923 -0.006607 
0.000321 -0.017167 0.233112 0.999892 -0.008709 0.009709 -0.006804 
0.000323 -0.017164 0.233104 0.999883 -0.008632 0.010193 -0.007513 
0.000317 -0.017163 0.233127 0.999891 -0.008587 0.008975 -0.008018 
0.000320 -0.017162 0.233112 0.999887 -0.008719 0.009319 -0.007921 
0.000327 -0.017171 0.233137 0.999884 -0.008812 0.010771 -0.006173 
0.000333 -0.017170 0.233101 0.999868 -0.008779 0.011844 -0.006860 
0.000318 -0.017163 0.233133 0.999898 -0.008575 0.008096 -0.008004 
0.000331 -0.017169 0.233142 0.999873 -0.008739 0.011007 -0.007543 
0.000306 -0.017166 0.233129 0.999912 -0.008565 0.006546 -0.007758 
0.000323 -0.017167 0.233136 0.999880 -0.008667 0.010347 -0.007589 
0.000326 -0.017168 0.233120 0.999880 -0.008716 0.010590 -0.007237 
0.000323 -0.017161 0.233112 0.999870 -0.008860 0.010690 -0.008142 
0.000316 -0.017167 0.233119 0.999904 -0.008731 0.008177 -0.007057 
0.000329 -0.017159 0.233099 0.999870 -0.008756 0.011170 -0.007708 
0.000329 -0.017167 0.233151 0.999872 -0.008817 0.010786 -0.007869 
0.000331 -0.017157 0.233127 0.999847 -0.008831 0.011642 -0.009645 
0.000328 -0.017168 0.233165 0.999889 -0.008768 0.009921 -0.006778 
0.000313 -0.017157 0.233101 0.999906 -0.008548 0.006368 -0.008604 
0.000524 -0.017191 0.233395 0.999896 -0.008992 0.009968 -0.005218 
0.000540 -0.017249 0.233398 0.999924 -0.008587 0.007802 -0.004066 
0.000524 -0.017189 0.233390 0.999935 -0.008883 0.005182 -0.005022 
0.000540 -0.017184 0.233400 0.999913 -0.008775 0.008143 -0.005552 
0.000551 -0.017167 0.233371 0.999913 -0.008551 0.008984 -0.004387 
0.000555 -0.017164 0.233356 0.999876 -0.008952 0.010841 -0.007108 
0.000542 -0.017171 0.233347 0.999890 -0.008776 0.009571 -0.007119 
0.000548 -0.017169 0.233303 0.999900 -0.008664 0.009634 -0.005674 
0.000549 -0.017160 0.233226 0.999898 -0.008683 0.009383 -0.006409 
0.000544 -0.017158 0.233242 0.999893 -0.008747 0.007839 -0.008729 
0.000555 -0.017154 0.233197 0.999849 -0.008837 0.012529 -0.008210 
0.000553 -0.017161 0.233208 0.999862 -0.008832 0.011511 -0.008109 
0.000552 -0.017161 0.233199 0.999876 -0.008743 0.010575 -0.007790 
0.000556 -0.017161 0.233209 0.999868 -0.008872 0.010916 -0.008161 
0.000544 -0.017168 0.233161 0.999891 -0.008800 0.009796 -0.006708 
0.000554 -0.017172 0.233155 0.999871 -0.008771 0.011220 -0.007408 
0.000542 -0.017158 0.233239 0.999882 -0.008686 0.008488 -0.009377 
0.000560 -0.017159 0.233194 0.999875 -0.008734 0.010422 -0.008008 
0.000554 -0.017153 0.233194 0.999871 -0.008895 0.010533 -0.008223 
0.000555 -0.017158 0.233199 0.999880 -0.008824 0.010239 -0.007546 
0.000545 -0.017152 0.233188 0.999892 -0.008701 0.008902 -0.007798 
0.000549 -0.017154 0.233198 0.999887 -0.008732 0.009323 -0.007865 
0.000551 -0.017154 0.233150 0.999885 -0.008714 0.010720 -0.006186 
0.000554 -0.017149 0.233129 0.999882 -0.008820 0.010474 -0.007024 
0.000558 -0.017153 0.233210 0.999872 -0.008812 0.010957 -0.007673 
0.000554 -0.017153 0.233196 0.999872 -0.008762 0.010534 -0.008279 
0.000560 -0.017162 0.233247 0.999873 -0.008739 0.010977 -0.007552 
0.000553 -0.017162 0.233162 0.999878 -0.008878 0.010619 -0.007303 
0.000564 -0.017159 0.233199 0.999850 -0.008926 0.011794 -0.009049 
0.000549 -0.017166 0.233232 0.999885 -0.008690 0.009545 -0.007899 
0.000547 -0.017156 0.233152 0.999885 -0.008737 0.009140 -0.008401 
0.000533 -0.017161 0.233231 0.999913 -0.008653 0.006057 -0.007923 
0.000546 -0.017160 0.233174 0.999906 -0.008691 0.008000 -0.006965 
0.000553 -0.017165 0.233224 0.999889 -0.008671 0.009666 -0.007327 
0.000553 -0.017160 0.233259 0.999871 -0.008749 0.010739 -0.008090 
0.000544 -0.017152 0.233192 0.999890 -0.008728 0.008915 -0.008072 
0.000558 -0.017155 0.233203 0.999871 -0.008709 0.010600 -0.008299 
0.000538 -0.017162 0.233211 0.999922 -0.008698 0.006515 -0.006184 
0.000551 -0.017159 0.233216 0.999874 -0.008771 0.010048 -0.008603 
0.000540 -0.017158 0.233189 0.999911 -0.008772 0.007458 -0.006759 
0.000543 -0.017153 0.233219 0.999882 -0.008911 0.008629 -0.009014 
0.000546 -0.017206 0.233168 0.999889 -0.008817 0.009238 -0.007618 
0.000527 -0.017062 0.233093 0.999843 -0.009173 0.011345 -0.010031 
0.000003 -0.016974 0.232389 0.999958 -0.007989 -0.000971 -0.004372 
-0.002011 -0.016993 0.229152 0.999661 -0.004932 -0.025020 0.005297 
-0.006108 -0.017051 0.222527 0.997807 -0.000633 -0.061142 0.025336 
-0.011426 -0.017026 0.213850 0.997041 -0.000677 -0.068222 0.035424 
-0.016692 -0.017026 0.203176 0.997361 -0.001541 -0.060482 0.040129 
-0.021729 -0.017019 0.191191 0.997447 -0.001270 -0.055960 0.044346 
-0.025764 -0.016996 0.179913 0.998812 -0.004428 -0.033255 0.035331 
-0.027930 -0.017425 0.172378 0.999888 -0.008202 -0.011270 -0.005407 
-0.027697 -0.016892 0.170806 0.998453 -0.009056 -0.030513 -0.045588 
-0.027096 -0.017231 0.172778 0.998461 -0.010277 -0.045291 -0.030300 
-0.026160 -0.017094 0.175460 0.998960 -0.011088 -0.032157 -0.030356 
-0.023745 -0.017077 0.175145 0.999103 -0.009048 -0.035763 -0.020776 
-0.023343 -0.017201 0.175085 0.999221 -0.008099 -0.034913 -0.016498 
-0.023265 -0.017300 0.175832 0.999418 -0.008886 -0.029031 -0.015572 
-0.023214 -0.017284 0.176231 0.999537 -0.009417 -0.025137 -0.014318 
-0.023067 -0.017247 0.176646 0.999493 -0.009775 -0.024588 -0.017706 
-0.022767 -0.017198 0.178245 0.999120 -0.010168 -0.027182 -0.030296 
-0.022091 -0.017137 0.182756 0.998431 -0.010119 -0.035973 -0.041712 
-0.021318 -0.017104 0.190445 0.998067 -0.009402 -0.046269 -0.040407 
-0.021228 -0.017135 0.199707 0.997716 -0.008753 -0.059137 -0.031446 
-0.021657 -0.017099 0.210337 0.997163 -0.008455 -0.071355 -0.022418 
-0.023251 -0.016801 0.230521 0.994116 -0.008961 -0.107602 -0.008612 
-0.023913 -0.016769 0.236574 0.992225 -0.008860 -0.124050 -0.004757 
-0.024270 -0.016697 0.239703 0.990546 -0.009688 -0.136799 -0.003410 
-0.024230 -0.016702 0.240645 0.990107 -0.009629 -0.139979 -0.001144 
-0.024253 -0.016726 0.240761 0.990215 -0.009767 -0.139187 -0.002563 
-0.024255 -0.016718 0.240803 0.990217 -0.009673 -0.139183 -0.002130 
-0.024239 -0.016725 0.240734 0.990188 -0.009737 -0.139397 -0.001470 
-0.024246 -0.016730 0.240854 0.990283 -0.009499 -0.138716 -0.002545 
-0.024249 -0.016730 0.240814 0.990210 -0.009599 -0.139232 -0.002335 
-0.024256 -0.016726 0.240848 0.990218 -0.009563 -0.139198 -0.001183 
-0.024255 -0.016730 0.240938 0.990276 -0.009721 -0.138769 -0.001669 
-0.024261 -0.016733 0.240965 0.990320 -0.009853 -0.138442 -0.001895 
-0.024255 -0.016730 0.240956 0.990336 -0.009735 -0.138346 -0.001006 
-0.024259 -0.016716 0.240928 0.990324 -0.009682 -0.138424 -0.001684 
-0.024260 -0.016728 0.240951 0.990324 -0.009762 -0.138428 -0.001215 
-0.024258 -0.016716 0.240895 0.990267 -0.009796 -0.138829 -0.001616 
-0.024256 -0.016713 0.240860 0.990244 -0.009727 -0.139001 -0.000884 
-0.024259 -0.016723 0.240940 0.990275 -0.009548 -0.138778 -0.002412 
-0.024252 -0.016707 0.240873 0.990285 -0.009767 -0.138701 -0.001769 
-0.024255 -0.016726 0.240927 0.990301 -0.009692 -0.138586 -0.002029 
-0.024252 -0.016719 0.240900 0.990287 -0.009548 -0.138705 -0.001381 
-0.024247 -0.016712 0.240859 0.990265 -0.009508 -0.138864 -0.001385 
-0.024260 -0.016721 0.240924 0.990291 -0.009822 -0.138655 -0.001618 
-0.024252 -0.016714 0.240873 0.990269 -0.009729 -0.138817 -0.001474 
-0.024256 -0.016718 0.240917 0.990299 -0.009770 -0.138591 -0.002131 
-0.024259 -0.016730 0.240942 0.990288 -0.009704 -0.138690 -0.000853 
-0.024250 -0.016719 0.240891 0.990280 -0.009600 -0.138746 -0.001517 
-0.024259 -0.016722 0.240927 0.990258 -0.009693 -0.138896 -0.001839 
-0.024249 -0.016716 0.240862 0.990227 -0.009608 -0.139130 -0.001368 
-0.024254 -0.016719 0.240903 0.990278 -0.009795 -0.138753 -0.000898 
-0.024259 -0.016726 0.240950 0.990286 -0.009622 -0.138705 -0.001430 
-0.024248 -0.016709 0.240819 0.990212 -0.009735 -0.139225 -0.001291 
-0.024258 -0.016720 0.240959 0.990299 -0.009618 -0.138607 -0.001895 
-0.024253 -0.016716 0.240882 0.990269 -0.009767 -0.138810 -0.001807 
-0.024256 -0.016718 0.240876 0.990231 -0.009667 -0.139095 -0.001172 
-0.024258 -0.016718 0.240918 0.990279 -0.009774 -0.138746 -0.001321 
-0.024257 -0.016716 0.240880 0.990279 -0.009616 -0.138760 -0.001096 
-0.024253 -0.016721 0.240882 0.990233 -0.009543 -0.139086 -0.001466 
-0.024256 -0.016721 0.240884 0.990252 -0.009606 -0.138942 -0.001750 
-0.024253 -0.016724 0.240906 0.990297 -0.009688 -0.138614 -0.001828 
-0.024257 -0.016718 0.240911 0.990273 -0.009494 -0.138800 -0.001858 
-0.024252 -0.016709 0.240882 0.990235 -0.009627 -0.139058 -0.002110 
-0.024255 -0.016715 0.240863 0.990242 -0.009771 -0.139010 -0.001121 
-0.024249 -0.016714 0.240858 0.990248 -0.009512 -0.138973 -0.002130 
-0.024246 -0.016705 0.240787 0.990219 -0.009789 -0.139167 -0.001674 
-0.024252 -0.016717 0.240930 0.990307 -0.009722 -0.138546 -0.001761 
-0.024253 -0.016713 0.240908 0.990288 -0.009626 -0.138684 -0.001704 
-0.024254 -0.016717 0.240928 0.990295 -0.009727 -0.138618 -0.002305 
-0.024255 -0.016717 0.240911 0.990236 -0.009749 -0.139050 -0.001373 
-0.024251 -0.016722 0.240905 0.990251 -0.009737 -0.138943 -0.001894 
-0.024255 -0.016720 0.240929 0.990298 -0.009564 -0.138625 -0.001400 
-0.024254 -0.016727 0.240974 0.990301 -0.009575 -0.138602 -0.001481 
-0.024252 -0.016717 0.240884 0.990270 -0.009766 -0.138806 -0.001476 
-0.024255 -0.016724 0.240935 0.990321 -0.009578 -0.138448 -0.001938 
-0.024252 -0.016717 0.240916 0.990271 -0.009633 -0.138805 -0.001750 
-0.024255 -0.016720 0.240922 0.990297 -0.009658 -0.138617 -0.001791 
-0.024255 -0.016715 0.240907 0.990276 -0.009709 -0.138767 -0.001853 
-0.024251 -0.016716 0.240849 0.990278 -0.009650 -0.138764 -0.000903 
-0.024260 -0.016722 0.240972 0.990310 -0.009783 -0.138520 -0.001613 
-0.024253 -0.016720 0.240907 0.990254 -0.009596 -0.138928 -0.002068 
-0.024251 -0.016721 0.240904 0.990277 -0.009746 -0.138761 -0.001203 
-0.024251 -0.016710 0.240877 0.990204 -0.009727 -0.139282 -0.001283 
-0.024254 -0.016717 0.240898 0.990254 -0.009621 -0.138931 -0.001782 
NaN NaN NaN NaN NaN NaN NaN 
NaN NaN NaN NaN NaN NaN NaN 
NaN NaN NaN NaN NaN NaN NaN 
NaN NaN NaN NaN NaN NaN NaN 
