-0.000009 -0.000016 0.000009 -0.000006 -0.000017 -0.000066 
-0.000002 -0.000002 -0.000002 0.000007 0.000004 0.000012 
0.000003 0.000003 -0.000006 0.000004 0.000002 0.000024 
0.000011 0.000021 0.000000 -0.000022 0.000015 0.000018 
-0.000003 -0.000010 -0.000002 0.000019 -0.000009 -0.000006 
0.000001 -0.000000 0.000000 0.000001 0.000006 0.000006 
-0.000009 -0.000011 0.000004 0.000003 -0.000010 -0.000018 
0.000002 -0.000001 -0.000008 -0.000010 0.000015 -0.000024 
-0.000003 -0.000007 0.000004 -0.000002 0.000015 -0.000012 
0.000002 0.000016 0.000004 0.000003 -0.000028 0.000036 
-0.000001 -0.000010 -0.000010 0.000018 0.000004 -0.000006 
-0.000003 -0.000004 0.000006 -0.000013 -0.000001 0.000006 
-0.000007 -0.000009 0.000004 0.000025 -0.000013 -0.000018 
0.000004 0.000007 -0.000002 -0.000022 0.000008 -0.000012 
-0.000003 -0.000000 0.000002 0.000001 -0.000017 0.000018 
-0.000000 -0.000003 0.000000 0.000011 0.000010 -0.000018 
0.000010 0.000018 0.000002 -0.000017 0.000009 0.000060 
0.000006 0.000003 -0.000004 0.000004 -0.000003 -0.000012 
0.000000 -0.000002 -0.000006 0.000013 0.000001 -0.000000 
0.000004 0.000009 0.000008 -0.000010 -0.000006 0.000012 
-0.000001 -0.000012 -0.000012 0.000018 0.000027 -0.000018 
-0.000009 -0.000005 0.000008 -0.000024 -0.000016 -0.000042 
0.000004 0.000010 0.000004 0.000004 -0.000022 0.000048 
0.000005 0.000008 -0.000004 -0.000004 0.000022 -0.000012 
-0.000002 -0.000004 -0.000006 0.000012 -0.000011 -0.000006 
0.000004 0.000004 -0.000002 0.000008 -0.000002 0.000018 
-0.000010 -0.000022 -0.000002 -0.000001 0.000017 -0.000042 
-0.000006 -0.000002 0.000012 -0.000008 -0.000022 0.000012 
0.000001 -0.000005 -0.000012 0.000008 0.000022 -0.000012 
0.000003 0.000015 0.000012 -0.000015 -0.000009 0.000018 
0.000000 -0.000011 -0.000010 0.000007 0.000011 -0.000006 
0.000004 0.000008 0.000002 0.000001 -0.000017 -0.000006 
0.000007 0.000014 -0.000002 0.000007 -0.000008 0.000030 
0.000004 0.000001 -0.000004 -0.000003 0.000028 0.000030 
-0.000013 -0.000021 0.000002 0.000003 -0.000005 -0.000066 
0.000006 0.000012 -0.000002 0.000005 -0.000008 0.000024 
-0.000007 -0.000014 0.000004 0.000008 0.000002 -0.000006 
-0.000000 0.000001 0.000004 -0.000005 -0.000003 -0.000018 
-0.000001 -0.000000 -0.000004 -0.000014 0.000018 -0.000012 
0.000001 0.000005 0.000002 0.000000 -0.000023 0.000018 
0.000002 -0.000002 -0.000002 -0.000001 0.000017 0.000024 
-0.000002 -0.000004 -0.000004 0.000005 0.000003 -0.000018 
0.000005 0.000000 0.000000 -0.000009 0.000019 -0.000012 
-0.000004 0.000006 0.000012 -0.000006 -0.000028 0.000018 
0.000000 0.000000 -0.000006 0.000013 0.000001 -0.000012 
0.000010 0.000004 0.000002 -0.000017 0.000027 -0.000024 
-0.000004 0.000006 0.000006 0.000006 -0.000033 0.000036 
-0.000004 -0.000008 -0.000013 0.000001 0.000022 0.000006 
-0.000002 -0.000004 -0.000004 0.000005 0.000003 -0.000024 
0.000003 0.000002 0.000004 0.000008 0.000001 -0.000012 
-0.000005 -0.000003 0.000004 -0.000007 -0.000015 0.000012 
0.000006 0.000012 0.000008 -0.000010 -0.000006 0.000006 
-0.000006 -0.000009 0.000006 -0.000002 -0.000008 -0.000006 
0.000004 0.000001 -0.000017 -0.000003 0.000026 0.000000 
-0.000001 -0.000004 -0.000004 0.000006 0.000009 -0.000006 
-0.000005 -0.000005 0.000002 0.000000 -0.000005 0.000012 
0.000005 0.000001 -0.000000 0.000003 0.000018 -0.000000 
-0.000005 0.000007 0.000017 -0.000030 -0.000034 -0.000012 
0.000010 0.000005 -0.000012 0.000017 0.000033 0.000012 
0.000003 0.000006 -0.000006 0.000024 -0.000013 0.000018 
-0.000006 -0.000005 0.000010 -0.000032 -0.000008 -0.000018 
0.000006 0.000002 -0.000012 0.000016 0.000009 -0.000012 
0.000004 0.000008 0.000010 -0.000014 0.000008 0.000048 
-0.000016 -0.000024 -0.000004 0.000001 -0.000009 -0.000060 
0.000008 0.000013 0.000012 -0.000002 0.000001 0.000024 
0.000007 0.000011 -0.000008 -0.000004 -0.000004 0.000018 
-0.000003 0.000002 0.000004 -0.000003 -0.000009 0.000018 
0.000003 -0.000002 -0.000002 0.000007 0.000010 -0.000018 
-0.000005 -0.000010 -0.000010 -0.000005 0.000013 -0.000036 
-0.000002 -0.000005 0.000006 0.000012 0.000002 0.000012 
-0.000002 -0.000002 -0.000000 -0.000009 0.000001 -0.000006 
0.000004 -0.000000 -0.000012 0.000025 0.000008 0.000006 
0.000001 0.000007 0.000016 -0.000021 -0.000012 0.000006 
-0.000003 0.000001 0.000004 -0.000008 -0.000021 0.000018 
0.000004 0.000005 0.000007 0.000015 -0.000003 0.000012 
0.000006 0.000012 -0.000006 -0.000009 0.000015 0.000018 
-0.000012 -0.000017 -0.000006 -0.000002 -0.000021 -0.000048 
0.000004 -0.000002 0.000002 -0.000002 0.000026 -0.000006 
-0.000005 -0.000007 -0.000006 0.000009 -0.000011 -0.000012 
0.000007 0.000008 -0.000010 0.000031 0.000020 0.000030 
-0.000005 -0.000002 0.000014 -0.000036 -0.000023 -0.000036 
-0.000001 -0.000006 -0.000012 0.000016 0.000009 0.000012 
0.000010 0.000015 0.000010 -0.000006 0.000001 0.000024 
0.000001 0.000005 -0.000008 -0.000003 0.000001 0.000012 
-0.000009 -0.000007 0.000010 0.000004 -0.000019 -0.000006 
-0.000002 -0.000015 -0.000012 0.000014 0.000015 -0.000030 
0.000003 0.000006 0.000012 -0.000002 0.000001 0.000030 
-0.000005 -0.000004 -0.000002 -0.000015 -0.000011 -0.000048 
0.000004 0.000008 0.000002 0.000005 0.000007 0.000054 
0.000004 0.000001 -0.000018 0.000027 -0.000002 -0.000030 
0.000007 0.000000 0.000000 -0.000018 0.000044 0.000012 
-0.000002 0.000013 0.000002 -0.000001 -0.000035 0.000030 
-0.000002 -0.000014 0.000015 0.000004 0.000009 -0.000042 
0.000003 0.000011 -0.000000 -0.000014 -0.000028 0.000006 
-0.000003 0.000005 0.000000 0.000000 -0.000000 0.000036 
0.000008 0.000001 -0.000004 -0.000003 0.000028 0.000006 
-0.000007 -0.000007 -0.000010 0.000016 -0.000014 -0.000006 
0.000003 -0.000009 -0.000008 0.000013 0.000024 -0.000030 
-0.000005 -0.000002 0.000010 -0.000026 0.000009 -0.000018 
-0.000014 -0.000007 0.000012 -0.000001 -0.000059 0.000018 
0.000007 -0.000001 -0.000012 0.000009 0.000046 0.000000 
0.000008 0.000010 -0.000000 0.000011 -0.000007 0.000012 
0.000003 0.000007 -0.000004 -0.000007 0.000004 0.000000 
-0.000002 0.000001 0.000000 0.000000 -0.000000 0.000006 
-0.000001 -0.000004 0.000002 0.000001 -0.000017 -0.000012 
-0.000000 -0.000003 0.000002 -0.000006 0.000014 -0.000006 
-0.000001 0.000002 -0.000004 0.000003 -0.000009 0.000018 
-0.000004 -0.000017 -0.000000 0.000002 0.000012 -0.000030 
0.000002 0.000010 0.000004 -0.000004 0.000003 0.000006 
-0.000008 0.000000 -0.000004 -0.000003 -0.000050 0.000000 
0.000008 -0.000003 0.000004 0.000003 0.000050 -0.000006 
-0.000006 -0.000003 -0.000004 0.000003 -0.000015 0.000012 
0.000005 0.000005 -0.000000 0.000001 0.000006 -0.000006 
-0.000001 -0.000003 -0.000006 -0.000000 0.000008 -0.000006 
-0.000001 -0.000002 0.000011 0.000000 -0.000004 -0.000018 
0.000004 0.000004 -0.000008 -0.000002 0.000007 0.000006 
-0.000003 0.000001 0.000002 0.000011 -0.000019 0.000018 
-0.000002 -0.000001 0.000002 -0.000010 -0.000010 -0.000006 
0.000007 0.000006 -0.000006 0.000006 0.000014 0.000012 
-0.000005 -0.000003 0.000008 -0.000010 -0.000006 -0.000024 
-0.000002 -0.000010 -0.000006 0.000012 0.000007 -0.000000 
-0.000003 0.000009 0.000006 -0.000014 -0.000025 0.000018 
0.000011 0.000003 -0.000006 0.000003 0.000032 0.000000 
-0.000002 -0.000004 -0.000008 0.000011 0.000012 -0.000000 
-0.000005 0.000002 0.000004 -0.000008 -0.000021 0.000024 
-0.000002 -0.000011 -0.000010 0.000017 0.000010 -0.000048 
-0.000000 0.000007 0.000008 -0.000029 -0.000003 0.000018 
0.000003 0.000003 0.000000 -0.000011 0.000007 0.000018 
0.000020 0.000016 -0.000010 0.000033 0.000032 0.000018 
-0.000003 0.000003 0.000008 -0.000023 -0.000022 -0.000012 
-0.000002 -0.000002 0.000006 -0.000002 -0.000008 0.000006 
0.000001 0.000002 -0.000004 0.000005 0.000003 0.000006 
-0.000012 -0.000015 0.000008 -0.000022 0.000001 -0.000030 
0.000001 -0.000000 -0.000019 0.000026 0.000015 0.000012 
-0.000001 -0.000007 -0.000000 -0.000000 0.000000 -0.000018 
0.000005 0.000004 -0.000006 -0.000007 0.000027 0.000006 
0.000003 0.000007 -0.000002 -0.000002 0.000011 0.000036 
-0.000044 0.000010 0.000004 -0.000100 -0.000286 -0.000065 
0.006026 0.003533 -0.010675 -0.012994 0.041072 0.005661 
0.021175 0.006800 -0.056177 -0.024999 0.144292 0.008506 
0.023114 0.008332 -0.086263 -0.002696 0.141120 0.017926 
0.014284 0.005920 -0.088269 -0.007615 0.096213 0.011826 
-0.000816 0.006074 -0.072166 -0.003319 -0.003509 0.008901 
-0.021699 0.004174 -0.042056 -0.002440 -0.149044 -0.002066 
-0.025186 0.005472 -0.030638 0.006090 -0.188723 -0.005473 
-0.018155 0.003402 -0.014267 0.019805 -0.151667 -0.029504 
-0.015463 -0.000445 0.013039 0.028095 -0.133651 -0.055902 
-0.006806 -0.003211 0.028468 0.027611 -0.061695 -0.034879 
-0.002583 -0.008730 0.043694 0.025305 -0.016215 -0.018944 
0.006207 -0.004302 0.053548 0.020737 0.038946 0.002678 
0.009039 -0.008389 0.062509 0.020742 0.075464 0.005550 
0.010026 -0.009365 0.060856 0.009515 0.091471 -0.010411 
0.011816 -0.004368 0.055359 -0.001733 0.090614 -0.005987 
0.008211 -0.002299 0.050248 -0.014196 0.065101 -0.005230 
0.001105 -0.000048 0.041312 -0.016248 0.013970 0.005114 
-0.004904 0.002782 0.030040 -0.018932 -0.031390 0.018247 
-0.007572 0.003124 0.019497 -0.012505 -0.050782 0.011833 
-0.008278 0.004386 0.012559 -0.012920 -0.053570 0.012707 
-0.006562 0.001472 0.006862 -0.013192 -0.030859 0.000721 
-0.003181 -0.000164 0.001549 -0.007487 -0.005897 -0.000071 
0.000797 -0.000223 -0.004800 -0.005374 0.014709 -0.001579 
0.004244 0.001229 -0.011068 -0.010067 0.031111 -0.000316 
0.005091 0.000719 -0.015416 -0.010304 0.035514 -0.003702 
0.005304 0.000452 -0.019007 -0.007691 0.036665 -0.002292 
0.004276 0.000415 -0.017139 -0.004723 0.030393 -0.000534 
0.000771 -0.000566 -0.015083 -0.000990 0.011006 -0.000903 
-0.001932 -0.001201 -0.011846 0.002518 -0.006781 -0.001137 
-0.004927 -0.000874 -0.008584 0.005021 -0.029356 0.000051 
-0.006422 -0.000823 -0.007163 0.006050 -0.041338 0.000009 
-0.005011 0.000173 -0.003482 0.003983 -0.036097 0.001063 
-0.002208 0.000415 -0.001372 0.002884 -0.018429 0.001225 
0.000650 0.000116 -0.000305 0.003008 0.001580 0.000926 
0.001127 -0.000214 0.000742 0.001568 0.006997 -0.000204 
-0.000398 0.000068 0.002076 0.001034 -0.003179 0.000489 
-0.000837 -0.000189 0.004227 0.002731 -0.005599 0.000577 
-0.000387 -0.001132 0.004913 0.004792 -0.001031 -0.000670 
0.000926 -0.001364 0.004444 0.006765 0.006573 -0.000650 
0.002188 -0.001163 0.004700 0.006329 0.013553 -0.000619 
0.003421 -0.000850 0.003477 0.006584 0.020856 0.000265 
0.002922 -0.000652 0.002757 0.005287 0.017634 0.000230 
0.002148 0.000086 0.001848 0.003018 0.011768 0.001029 
0.000635 0.000997 0.001092 0.000110 0.000580 0.001933 
-0.000659 0.000361 0.000861 -0.001504 -0.004809 0.000231 
-0.000436 0.000092 0.001331 -0.001209 -0.002529 -0.000182 
-0.000203 -0.000124 0.001319 -0.001272 -0.000209 -0.000591 
-0.000264 0.000059 0.000888 -0.001509 -0.000919 -0.000285 
-0.000172 0.000220 0.000504 -0.000975 -0.001424 0.000133 
-0.000291 0.000465 0.000162 -0.000806 -0.003135 0.000601 
-0.000428 0.000141 0.000060 -0.000823 -0.002845 -0.000026 
-0.000479 -0.000037 0.000246 -0.000980 -0.002703 -0.000404 
-0.000813 0.000036 0.000146 -0.001174 -0.004865 -0.000332 
-0.000925 0.000090 -0.000177 -0.001204 -0.005560 -0.000179 
-0.000299 0.000127 -0.000352 -0.001012 -0.001884 -0.000078 
0.000045 0.000194 -0.000184 -0.000556 -0.000039 0.000212 
0.000018 0.000148 -0.000049 -0.000480 -0.000087 0.000154 
0.000056 0.000066 -0.000002 -0.000367 0.000267 -0.000021 
0.000082 0.000102 0.000043 -0.000049 0.000069 0.000180 
0.000092 0.000117 -0.000040 -0.000001 0.000113 0.000156 
-0.000021 -0.000043 -0.000015 -0.000028 0.000061 -0.000083 
-0.000069 -0.000171 0.000008 -0.000114 0.000095 -0.000400 
-0.000005 -0.000044 -0.000025 -0.000049 0.000070 -0.000119 
0.000008 0.000005 -0.000007 -0.000032 0.000053 0.000012 
0.000066 0.000004 -0.000043 -0.000221 0.000306 -0.000093 
0.000121 0.000155 -0.000138 -0.000357 0.000453 0.000180 
0.000129 0.000122 -0.000269 -0.000475 0.000746 0.000099 
0.000152 0.000144 -0.000239 -0.000523 0.000746 0.000112 
0.000063 0.000094 -0.000002 -0.000429 0.000270 0.000035 
0.000041 0.000056 -0.000007 -0.000449 0.000299 -0.000037 
-0.000019 -0.000005 0.000009 -0.000301 0.000052 -0.000105 
-0.000021 -0.000024 0.000051 -0.000365 0.000115 -0.000140 
0.000050 0.000055 -0.000043 -0.000364 0.000351 -0.000013 
0.000026 0.000036 0.000008 -0.000214 0.000140 0.000021 
-0.000040 -0.000061 0.000096 -0.000212 -0.000083 -0.000197 
-0.000014 -0.000032 0.000041 -0.000249 0.000086 -0.000148 
0.000064 0.000074 -0.000057 -0.000278 0.000296 0.000022 
0.000127 0.000219 -0.000032 -0.000289 0.000186 0.000363 
0.000055 0.000130 0.000064 -0.000203 -0.000028 0.000175 
-0.000012 0.000013 0.000099 -0.000257 -0.000005 -0.000082 
-0.000034 0.000022 0.000135 -0.000263 -0.000144 -0.000011 
-0.000063 0.000003 0.000156 -0.000282 -0.000286 -0.000077 
0.000001 0.000036 0.000088 -0.000261 0.000018 -0.000022 
-0.000044 -0.000049 0.000088 -0.000165 -0.000016 -0.000101 
-0.000069 -0.000123 0.000046 -0.000176 -0.000004 -0.000322 
-0.000029 -0.000039 0.000024 -0.000093 0.000001 -0.000119 
0.000042 0.000027 -0.000062 -0.000246 0.000284 -0.000026 
0.000057 0.000066 -0.000085 -0.000185 0.000250 0.000093 
0.000047 0.000067 -0.000067 -0.000114 0.000145 0.000098 
0.000033 0.000028 -0.000063 -0.000158 0.000213 0.000009 
0.000029 0.000056 -0.000016 -0.000123 0.000064 0.000091 
-0.000000 0.000020 0.000009 -0.000128 -0.000003 -0.000035 
-0.000027 -0.000030 0.000024 -0.000064 -0.000050 -0.000078 
-0.000038 -0.000048 0.000058 -0.000070 -0.000058 -0.000078 
-0.000082 -0.000133 0.000037 -0.000069 -0.000034 -0.000275 
-0.000019 -0.000012 0.000004 -0.000036 -0.000042 -0.000036 
-0.000004 -0.000028 -0.000007 -0.000058 0.000045 -0.000095 
0.000016 0.000003 -0.000040 -0.000041 0.000094 -0.000011 
0.000016 0.000011 -0.000021 -0.000011 0.000042 0.000030 
0.000047 0.000069 -0.000045 -0.000072 0.000124 0.000097 
0.000073 0.000115 -0.000054 -0.000088 0.000138 0.000170 
0.000016 0.000022 -0.000012 -0.000066 0.000066 0.000007 
-0.000018 -0.000011 0.000017 -0.000023 -0.000053 -0.000054 
-0.000032 -0.000019 0.000049 -0.000071 -0.000118 -0.000060 
-0.000034 -0.000039 0.000049 -0.000073 -0.000051 -0.000078 
-0.000021 -0.000004 0.000019 -0.000036 -0.000080 -0.000030 
-0.000028 -0.000058 0.000008 -0.000026 -0.000022 -0.000150 
-0.000019 -0.000059 -0.000014 0.000020 0.000019 -0.000120 
-0.000008 -0.000027 -0.000019 -0.000010 0.000026 -0.000042 
0.000026 0.000043 -0.000028 -0.000025 0.000045 0.000079 
0.000067 0.000117 -0.000015 -0.000024 0.000041 0.000234 
0.000015 0.000031 -0.000016 -0.000053 0.000037 0.000031 
0.000007 0.000028 0.000014 -0.000026 -0.000025 0.000048 
-0.000017 -0.000009 0.000021 -0.000034 -0.000048 -0.000012 
-0.000027 -0.000009 0.000066 -0.000063 -0.000097 -0.000042 
-0.000036 -0.000022 0.000070 -0.000101 -0.000136 -0.000078 
-0.000058 -0.000083 0.000024 -0.000042 -0.000053 -0.000168 
-0.000036 -0.000055 -0.000010 0.000001 -0.000030 -0.000102 
-0.000004 -0.000023 -0.000017 -0.000003 0.000044 -0.000036 
0.000014 0.000005 -0.000038 -0.000017 0.000062 -0.000011 
0.000034 0.000051 -0.000034 -0.000028 0.000066 0.000091 
0.000038 0.000044 -0.000045 -0.000054 0.000116 0.000085 
0.000029 0.000068 -0.000001 -0.000046 0.000040 0.000096 
0.000035 0.000056 0.000002 -0.000008 0.000002 0.000126 
-0.000005 0.000019 0.000031 -0.000033 -0.000049 0.000006 
-0.000024 -0.000030 0.000029 0.000016 -0.000069 -0.000066 
-0.000042 -0.000067 0.000037 -0.000048 -0.000055 -0.000138 
-0.000039 -0.000061 0.000008 0.000073 -0.000031 -0.000067 
-0.000018 -0.000067 -0.000019 0.000086 -0.000000 -0.000102 
-0.000024 -0.000069 -0.000031 0.000027 0.000044 -0.000150 
0.000008 -0.000005 -0.000031 0.000027 0.000043 0.000006 
0.000033 0.000028 -0.000060 -0.000061 0.000138 0.000020 
0.000065 0.000109 -0.000022 -0.000029 0.000072 0.000234 
0.000033 0.000048 -0.000007 -0.000010 0.000032 0.000054 
0.000017 0.000056 0.000022 -0.000036 -0.000025 0.000126 
-0.000007 0.000010 0.000023 -0.000002 -0.000052 0.000018 
-0.000038 -0.000056 0.000033 -0.000018 -0.000055 -0.000126 
-0.000037 -0.000045 0.000013 0.000051 -0.000095 -0.000097 
-0.000038 -0.000068 -0.000002 0.000003 -0.000019 -0.000102 
-0.000036 -0.000077 -0.000027 0.000036 0.000008 -0.000120 
-0.000009 -0.000027 -0.000032 0.000013 0.000056 -0.000030 
0.000021 0.000009 -0.000042 0.000000 0.000064 -0.000011 
0.000039 0.000066 -0.000034 0.000014 0.000054 0.000126 
0.000042 0.000054 -0.000013 -0.000032 0.000061 0.000085 
0.000018 0.000048 0.000000 -0.000026 -0.000009 0.000102 
0.000012 0.000039 0.000022 -0.000023 -0.000009 0.000078 
-0.000017 0.000002 0.000035 -0.000028 -0.000083 -0.000012 
-0.000021 -0.000014 0.000036 0.000019 -0.000088 -0.000019 
-0.000026 -0.000043 0.000010 -0.000021 -0.000015 -0.000090 
-0.000046 -0.000088 -0.000010 0.000034 -0.000016 -0.000144 
-0.000030 -0.000053 -0.000021 -0.000014 0.000019 -0.000101 
0.000013 -0.000015 -0.000048 0.000016 0.000083 -0.000041 
0.000010 0.000004 -0.000025 0.000035 0.000004 -0.000000 
0.000027 0.000030 -0.000036 -0.000001 0.000062 0.000066 
0.000037 0.000061 -0.000026 -0.000024 0.000063 0.000121 
0.000030 0.000078 0.000027 -0.000027 -0.000029 0.000132 
0.000023 0.000054 0.000016 -0.000034 -0.000034 0.000090 
-0.000022 -0.000009 0.000042 0.000008 -0.000089 -0.000007 
-0.000035 -0.000042 0.000040 -0.000007 -0.000065 -0.000078 
-0.000046 -0.000070 0.000011 -0.000007 -0.000034 -0.000132 
-0.000023 -0.000032 -0.000017 -0.000021 -0.000014 -0.000083 
-0.000011 -0.000046 -0.000023 0.000020 0.000044 -0.000072 
0.000009 -0.000011 -0.000058 0.000010 0.000072 -0.000011 
0.001255 0.000235 -0.003001 0.003751 0.007014 0.001859 
0.001395 -0.000303 -0.007089 0.009234 0.007946 0.002630 
0.001878 -0.000751 -0.012276 0.016465 0.009755 0.003936 
0.003030 0.001372 -0.013366 0.017844 0.010284 0.007406 
0.005771 0.006721 -0.013207 0.017563 0.010460 0.012723 
0.010316 0.015391 -0.013423 0.017675 0.010620 0.006194 
0.016441 0.028499 -0.014248 0.018014 0.011910 -0.009842 
0.025736 0.055560 -0.013511 0.017919 0.011256 -0.005678 
0.035871 0.086891 -0.011413 0.015436 0.009972 -0.007360 
0.042629 0.111683 -0.009485 0.013761 0.007778 -0.035401 
0.052902 0.144736 -0.006450 0.009964 0.005603 -0.047480 
0.065561 0.183129 -0.002806 0.006082 0.002557 -0.043473 
0.078198 0.222854 0.000961 0.002689 -0.001603 -0.040950 
0.092054 0.264352 0.003505 0.000594 -0.003350 -0.032876 
0.104499 0.304657 0.008257 -0.003997 -0.007365 -0.030012 
0.117422 0.348444 0.012119 -0.007722 -0.010821 -0.016383 
0.131060 0.395154 0.014537 -0.009238 -0.011942 0.003408 
0.143791 0.439782 0.015965 -0.008436 -0.011981 0.016874 
0.154471 0.477017 0.017624 -0.007634 -0.004246 0.010948 
0.162173 0.514844 0.016578 -0.006087 0.001292 0.013803 
0.169502 0.555043 0.015842 -0.004427 0.000322 0.017409 
0.175951 0.598712 0.018367 -0.008335 -0.004912 0.027077 
0.180810 0.644724 0.016107 -0.005869 -0.004987 0.044974 
0.179047 0.669400 0.015021 -0.002209 -0.007225 0.020809 
0.173308 0.692319 0.015557 -0.001971 -0.011760 0.001016 
0.172657 0.722296 0.015018 0.001215 -0.008596 0.011133 
0.167835 0.749479 0.017077 -0.007591 -0.008928 0.027623 
0.158739 0.749726 0.014007 0.001561 -0.008101 -0.015277 
0.148642 0.757398 0.014489 -0.004049 -0.006845 -0.005190 
0.144777 0.771940 0.014683 -0.004429 -0.001900 0.022713 
0.134482 0.779148 0.012578 -0.009678 0.002016 0.038516 
0.121243 0.770104 0.011667 0.000209 0.000319 0.031409 
0.108785 0.778494 0.011379 -0.000511 0.000822 0.052842 
0.099649 0.772317 0.010242 0.004765 0.007737 0.046835 
0.083977 0.762942 0.009815 -0.002836 0.007873 0.031965 
0.072778 0.755932 0.011422 -0.004159 0.000398 0.011359 
0.063338 0.760461 0.010252 -0.005303 0.002468 0.024073 
0.052484 0.751735 0.010457 -0.009034 0.009590 0.005981 
0.039242 0.737757 0.011776 -0.001185 0.005309 -0.014162 
0.029025 0.737620 0.011572 -0.002334 0.001342 -0.013414 
0.020681 0.741011 0.010404 -0.007379 0.008488 -0.007648 
0.007412 0.731516 0.011113 -0.003940 -0.000487 -0.018756 
-0.001044 0.722902 0.009854 0.007718 -0.001438 -0.033580 
-0.011070 0.734216 0.009441 -0.000348 -0.001115 -0.008221 
-0.019825 0.735369 0.008938 0.000583 0.000530 -0.001438 
-0.032253 0.725788 0.008054 0.001907 -0.001468 -0.016597 
-0.039658 0.722576 0.006427 0.011350 0.001240 -0.015901 
-0.051579 0.732023 0.007822 0.001796 -0.002558 0.004685 
-0.060368 0.723480 0.007323 0.000419 0.002758 -0.006476 
-0.072614 0.714176 0.008128 0.003269 -0.003802 -0.017253 
-0.079854 0.716904 0.007990 0.006107 -0.003591 -0.010077 
-0.091180 0.723995 0.009002 -0.006062 0.000834 0.011451 
-0.099459 0.709189 0.008458 -0.001672 0.000413 -0.013842 
-0.110563 0.706664 0.008038 0.002039 -0.004182 -0.010361 
-0.117790 0.710489 0.007633 -0.000631 0.001464 0.001693 
-0.130446 0.708879 0.008056 -0.004766 -0.001073 0.006744 
-0.137357 0.692841 0.007194 0.001896 -0.000479 -0.017957 
-0.148460 0.696451 0.007204 0.001650 -0.002405 -0.002259 
-0.156309 0.696789 0.008404 -0.005286 -0.001045 0.001792 
-0.166454 0.684956 0.007863 -0.003742 -0.001818 -0.008325 
-0.172417 0.666137 0.006946 0.005714 -0.002822 -0.031974 
-0.180958 0.660057 0.006979 -0.001701 -0.002299 -0.000837 
-0.184584 0.642209 0.007658 -0.008836 -0.000610 0.017922 
-0.182783 0.606473 0.006608 -0.007392 0.004823 0.017643 
-0.176506 0.574004 0.005949 -0.004019 0.008066 0.020720 
-0.174210 0.550915 0.006569 -0.013909 0.008874 0.048276 
-0.167525 0.515534 0.007849 -0.019306 0.009147 0.053041 
-0.158801 0.469761 0.007168 -0.011524 0.005824 0.031177 
-0.149406 0.428627 0.005372 -0.004953 0.001980 0.021356 
-0.140256 0.391693 0.006488 -0.008235 -0.002059 0.012776 
-0.131775 0.358304 0.004901 -0.004606 -0.001919 0.018625 
-0.120494 0.318881 0.001768 0.003528 -0.000082 0.008166 
-0.106615 0.275364 0.000735 0.003615 0.001975 -0.014510 
-0.094615 0.234591 0.000490 0.004266 0.002238 -0.028400 
-0.083340 0.199875 0.000314 0.005066 0.002223 -0.033117 
-0.071754 0.168252 0.000074 0.004051 0.002637 -0.030382 
-0.059560 0.139024 0.000240 0.002526 0.002168 -0.022842 
-0.048117 0.109114 0.000002 0.003044 0.002116 -0.016598 
-0.034015 0.078403 -0.001163 0.004961 0.003776 -0.018444 
-0.021300 0.049094 -0.001829 0.004321 0.004716 -0.015396 
-0.011710 0.028969 -0.002059 0.003695 0.005219 -0.002140 
-0.004105 0.011412 -0.002050 0.004297 0.004609 0.000914 
0.000976 -0.000417 -0.002242 0.004616 0.004618 -0.012412 
0.002070 -0.005880 -0.002097 0.004181 0.004341 -0.018080 
0.002112 -0.010316 -0.001350 0.002554 0.002852 -0.022909 
0.004545 -0.016369 -0.001745 0.002827 0.003200 -0.037247 
0.005562 -0.018966 -0.001963 0.003480 0.003753 -0.042233 
0.005269 -0.018509 -0.001072 0.002286 0.002432 -0.041437 
0.003847 -0.014974 -0.000591 0.001765 0.001627 -0.032893 
0.002052 -0.011183 0.000063 0.000357 0.000167 -0.023676 
0.000818 -0.006867 0.000523 -0.001009 -0.001033 -0.014830 
-0.000209 -0.002341 0.000495 -0.000768 -0.000833 -0.003170 
-0.001003 0.001924 0.000738 -0.001159 -0.001225 0.004764 
-0.001626 0.005740 0.000552 -0.001200 -0.000867 0.012291 
-0.002563 0.008750 0.000584 -0.001473 -0.000814 0.019069 
-0.003068 0.010050 0.000409 -0.000680 -0.000648 0.022459 
-0.002986 0.009885 0.000501 -0.000536 -0.000818 0.022008 
-0.002764 0.008083 0.001127 -0.001272 -0.001853 0.018035 
-0.002415 0.006411 0.001985 -0.002764 -0.003303 0.013787 
-0.002218 0.005516 0.002516 -0.003662 -0.004179 0.011360 
-0.001761 0.004553 0.002571 -0.003914 -0.004267 0.008772 
-0.001257 0.003415 0.002245 -0.003540 -0.003701 0.006178 
-0.000785 0.002665 0.001428 -0.002217 -0.002376 0.004746 
-0.000409 0.002249 0.000539 -0.000737 -0.000883 0.004146 
-0.000392 0.002050 0.000147 -0.000158 -0.000243 0.004098 
-0.000211 0.001389 -0.000024 -0.000070 0.000051 0.002775 
-0.000248 0.001092 -0.000072 0.000093 0.000114 0.002373 
-0.000315 0.001296 -0.000258 0.000410 0.000435 0.003020 
-0.000553 0.001755 -0.000457 0.000606 0.000766 0.004387 
-0.000570 0.001643 -0.000184 0.000376 0.000313 0.004056 
-0.000378 0.001295 -0.000439 0.000692 0.000726 0.003278 
-0.000220 0.000888 -0.000533 0.000877 0.000898 0.002415 
-0.000245 0.000902 -0.000663 0.000998 0.001103 0.002553 
-0.000335 0.001137 -0.000602 0.000907 0.001010 0.003074 
-0.000300 0.001160 -0.000509 0.000741 0.000834 0.002978 
-0.000308 0.000997 -0.000358 0.000543 0.000613 0.002583 
-0.000272 0.000926 -0.000198 0.000338 0.000325 0.002247 
-0.000169 0.000993 -0.000133 0.000253 0.000225 0.002145 
-0.000174 0.000939 -0.000108 0.000186 0.000180 0.002019 
-0.000161 0.000695 -0.000118 0.000168 0.000196 0.001582 
-0.000095 0.000511 -0.000120 0.000143 0.000214 0.001145 
-0.000102 0.000541 -0.000097 0.000127 0.000161 0.001187 
-0.000148 0.000781 -0.000103 0.000169 0.000171 0.001696 
-0.000138 0.000805 -0.000074 0.000125 0.000132 0.001696 
-0.000110 0.000715 -0.000024 0.000080 0.000031 0.001450 
-0.000098 0.000604 -0.000017 0.000002 0.000027 0.001216 
-0.000124 0.000524 -0.000005 0.000016 0.000007 0.001126 
-0.000038 0.000350 -0.000024 0.000048 0.000056 0.000695 
-0.000062 0.000173 -0.000023 0.000021 0.000038 0.000443 
-0.000053 0.000040 -0.000024 0.000054 0.000040 0.000174 
-0.000036 0.000040 -0.000025 0.000007 0.000042 0.000150 
-0.000039 0.000031 -0.000016 0.000025 0.000026 0.000138 
-0.000025 -0.000010 -0.000021 0.000033 0.000035 0.000048 
-0.000013 -0.000092 -0.000030 0.000054 0.000058 -0.000114 
-0.000007 -0.000139 -0.000029 0.000059 0.000061 -0.000180 
0.000009 -0.000085 -0.000015 -0.000001 0.000025 -0.000156 
0.000047 -0.000080 -0.000014 0.000028 0.000023 -0.000210 
0.000001 -0.000032 0.000017 0.000000 -0.000032 -0.000072 
0.000009 -0.000059 0.000002 0.000025 -0.000008 -0.000126 
0.000012 -0.000063 -0.000003 -0.000000 0.000009 -0.000126 
0.000017 -0.000030 -0.000015 -0.000014 0.000030 -0.000060 
0.000016 -0.000035 -0.000033 0.000010 0.000056 -0.000072 
0.000015 -0.000007 -0.000033 0.000033 0.000069 -0.000012 
0.000002 0.000018 -0.000032 0.000034 0.000040 0.000048 
0.000004 0.000041 -0.000014 0.000037 0.000023 0.000078 
0.000005 0.000023 -0.000001 0.000016 0.000031 0.000042 
-0.000007 0.000005 -0.000003 0.000012 -0.000005 0.000024 
-0.000003 -0.000006 0.000005 -0.000006 -0.000021 -0.000024 
0.000001 0.000003 0.000002 0.000036 0.000019 0.000030 
-0.000004 -0.000001 0.000003 -0.000019 -0.000026 -0.000018 
0.000004 -0.000039 -0.000013 0.000012 0.000022 -0.000054 
0.000012 -0.000050 -0.000005 0.000022 0.000022 -0.000096 
0.000014 -0.000036 -0.000020 -0.000032 0.000039 -0.000084 
0.000006 -0.000017 -0.000016 0.000039 0.000039 -0.000018 
0.000005 0.000010 -0.000020 0.000007 0.000034 0.000018 
-0.000001 0.000050 -0.000006 0.000025 0.000010 0.000078 
-0.000007 0.000036 0.000007 -0.000001 -0.000025 0.000084 
-0.000013 0.000026 -0.000003 0.000004 0.000004 0.000072 
-0.000007 0.000040 -0.000003 0.000004 0.000004 0.000072 
0.000002 0.000006 0.000015 0.000032 -0.000012 0.000024 
0.000002 -0.000037 -0.000005 -0.000000 0.000008 -0.000066 
0.000018 -0.000090 -0.000005 -0.000009 0.000008 -0.000186 
0.000004 -0.000032 -0.000013 -0.000001 0.000026 -0.000072 
0.000006 -0.000018 -0.000013 0.000024 0.000018 -0.000012 
0.000005 0.000010 -0.000020 0.000007 0.000034 0.000018 
0.000005 0.000008 -0.000006 -0.000003 0.000032 0.000012 
-0.000007 0.000038 0.000005 0.000017 -0.000017 0.000078 
-0.000007 0.000038 0.000000 0.000008 -0.000009 0.000078 
-0.000012 0.000043 0.000007 0.000009 -0.000008 0.000096 
0.000001 0.000011 -0.000003 -0.000014 -0.000004 0.000012 
0.000003 0.000005 -0.000005 0.000014 0.000021 0.000012 
0.000006 -0.000021 -0.000005 0.000000 0.000018 -0.000042 
0.000003 -0.000029 -0.000000 -0.000000 0.000000 -0.000072 
0.000010 -0.000040 -0.000015 0.000007 0.000026 -0.000060 
0.000018 -0.000070 -0.000008 0.000026 0.000026 -0.000138 
-0.000001 -0.000003 -0.000007 -0.000005 0.000012 -0.000018 
-0.000004 0.000022 -0.000005 -0.000006 -0.000004 0.000060 
-0.000006 0.000018 0.000010 0.000001 -0.000017 0.000024 
-0.000007 0.000038 -0.000000 0.000017 0.000001 0.000078 
-0.000003 0.000042 0.000001 -0.000017 -0.000001 0.000090 
0.000001 0.000015 -0.000005 0.000019 0.000026 0.000036 
-0.000003 0.000012 0.000000 -0.000010 -0.000017 0.000018 
0.000005 -0.000017 -0.000000 0.000014 0.000013 -0.000030 
0.000007 -0.000032 -0.000011 -0.000002 0.000010 -0.000066 
0.000001 -0.000021 -0.000000 0.000018 0.000008 -0.000042 
0.000001 -0.000029 -0.000005 -0.000018 0.000010 -0.000054 
0.000003 -0.000004 -0.000000 -0.000000 0.000000 -0.000012 
-0.000001 -0.000006 -0.000003 0.000004 0.000004 -0.000012 
-0.000003 0.000021 0.000000 0.000014 0.000013 0.000048 
-0.000007 0.000017 0.000007 0.000007 -0.000024 0.000054 
-0.000004 0.000041 0.000000 0.000000 -0.000000 0.000078 
0.000005 0.000004 -0.000007 -0.000005 0.000013 0.000000 
-0.000001 0.000015 -0.000003 0.000004 0.000004 0.000030 
0.000006 -0.000012 -0.000005 0.000006 0.000021 -0.000024 
-0.000000 -0.000014 0.000000 0.000000 0.000000 -0.000024 
0.000006 -0.000026 -0.000011 -0.000014 0.000023 -0.000072 
0.000008 -0.000038 -0.000000 -0.000000 0.000000 -0.000072 
-0.000006 -0.000009 0.000000 0.000004 -0.000005 0.000000 
0.000001 0.000007 -0.000003 0.000000 0.000009 0.000012 
-0.000002 0.000013 0.000003 0.000010 0.000008 0.000036 
-0.000003 0.000022 -0.000001 0.000017 0.000001 0.000048 
-0.000002 0.000027 0.000000 -0.000014 -0.000013 0.000024 
0.000000 0.000003 0.000000 0.000014 0.000013 0.000030 
0.000002 -0.000002 -0.000000 -0.000000 0.000000 -0.000006 
0.000003 -0.000004 -0.000005 0.000000 0.000018 -0.000018 
0.000002 -0.000010 -0.000007 -0.000005 0.000013 -0.000024 
0.000003 -0.000011 -0.000000 -0.000000 0.000000 -0.000018 
-0.000003 -0.000018 0.000002 0.000025 -0.000017 -0.000030 
0.000005 -0.000006 -0.000013 -0.000009 0.000035 -0.000012 
-0.000003 0.000004 0.000000 0.000000 -0.000000 0.000012 
0.000002 -0.000005 0.000005 0.000009 -0.000008 -0.000006 
-0.000006 0.000031 0.000003 -0.000018 -0.000017 0.000048 
0.000001 0.000007 -0.000003 0.000000 0.000009 0.000012 
-0.000001 0.000007 0.000000 0.000004 -0.000005 0.000030 
0.000001 0.000004 0.000000 -0.000016 0.000018 0.000006 
0.000003 -0.000004 -0.000003 0.000027 0.000017 -0.000000 
-0.000001 -0.000016 0.000003 -0.000001 -0.000018 -0.000048 
0.000001 -0.000017 -0.000008 -0.000006 0.000005 -0.000012 
0.000006 -0.000019 -0.000000 0.000006 0.000022 -0.000054 
0.000002 0.000005 -0.000007 -0.000011 -0.000009 0.000006 
-0.000003 0.000006 0.000000 0.000007 0.000022 0.000018 
0.000003 0.000018 -0.000000 -0.000000 0.000000 0.000024 
-0.000006 0.000011 0.000000 0.000000 -0.000000 0.000048 
0.000002 0.000002 0.000005 0.000009 -0.000008 -0.000000 
-0.000004 0.000014 -0.000005 -0.000023 -0.000005 0.000018 
0.000003 -0.000002 -0.000003 0.000035 0.000018 0.000012 
0.000002 -0.000004 0.000003 -0.000021 -0.000005 -0.000018 
0.000001 -0.000018 -0.000003 0.000021 0.000005 -0.000036 
0.000006 -0.000017 0.000003 -0.000004 -0.000004 -0.000030 
-0.000000 0.000014 -0.000010 -0.000001 0.000017 0.000012 
-0.000005 -0.000005 0.000000 -0.000014 -0.000013 -0.000006 
0.000005 0.000001 -0.000000 0.000014 0.000013 0.000006 
-0.000003 0.000007 0.000000 -0.000008 0.000009 0.000030 
-0.000000 0.000007 0.000007 0.000013 -0.000012 0.000012 
0.000003 0.000016 -0.000010 -0.000009 0.000017 0.000012 
-0.000008 0.000007 0.000012 0.000014 -0.000021 0.000018 
0.000002 -0.000010 0.000003 -0.000019 -0.000017 -0.000030 
-0.000001 -0.000003 -0.000005 0.000022 0.000012 0.000006 
0.000006 -0.000019 -0.000008 0.000004 0.000022 -0.000018 
0.000004 -0.000014 -0.000002 -0.000004 0.000004 -0.000042 
0.000004 -0.000016 -0.000007 0.000010 0.000025 -0.000012 
-0.000002 0.000002 0.000000 -0.000014 -0.000013 -0.000012 
0.000000 0.000000 0.000000 0.000000 0.000000 0.000000 
-0.000005 0.000031 0.000000 -0.000014 -0.000013 0.000054 
-0.000001 0.000030 0.000000 0.000014 0.000013 0.000060 
-0.000002 -0.000008 0.000007 0.000005 -0.000013 -0.000018 
-0.000002 0.000000 -0.000003 0.000000 0.000009 0.000006 
-0.000001 0.000012 -0.000003 0.000004 0.000004 0.000030 
0.000006 -0.000016 0.000003 -0.000000 -0.000009 -0.000042 
0.000002 -0.000019 -0.000005 -0.000013 0.000013 -0.000042 
0.000003 -0.000017 -0.000001 0.000017 0.000001 -0.000012 
0.000001 -0.000009 -0.000005 0.000012 0.000004 -0.000030 
-0.000003 0.000001 -0.000005 -0.000027 -0.000000 0.000006 
0.000004 0.000005 -0.000003 0.000011 0.000026 0.000012 
-0.000004 0.000012 0.000002 0.000013 -0.000004 0.000030 
-0.000001 0.000019 0.000010 0.000005 -0.000021 0.000036 
0.000005 0.000024 -0.000007 0.000006 0.000030 0.000030 
-0.000009 0.000010 0.000000 -0.000029 -0.000025 0.000018 
0.000006 -0.000021 -0.000003 0.000041 0.000021 -0.000024 
0.000002 -0.000014 0.000003 -0.000026 -0.000008 -0.000036 
0.000001 -0.000001 -0.000003 0.000004 0.000004 -0.000000 
0.000001 -0.000026 -0.000000 -0.000014 -0.000013 -0.000054 
0.000003 -0.000015 -0.000005 0.000006 0.000021 -0.000030 
0.000003 -0.000006 -0.000001 0.000017 0.000001 -0.000012 
-0.000006 0.000017 0.000001 -0.000017 -0.000001 0.000048 
0.000001 0.000011 -0.000003 0.000021 0.000005 0.000012 
-0.000003 0.000026 0.000008 -0.000016 -0.000009 0.000042 
0.000000 0.000016 -0.000008 0.000023 0.000030 0.000042 
-0.000005 0.000000 0.000007 -0.000002 -0.000034 -0.000000 
0.000002 -0.000008 -0.000008 0.000004 0.000013 -0.000012 
0.000001 -0.000009 0.000000 -0.000012 0.000004 -0.000036 
0.000007 -0.000021 -0.000007 -0.000001 0.000008 -0.000030 
-0.000004 -0.000014 0.000003 -0.000004 -0.000004 -0.000012 
0.000006 -0.000002 0.000002 0.000013 -0.000004 -0.000018 
-0.000002 0.000008 -0.000005 -0.000017 0.000017 0.000024 
0.000002 -0.000004 -0.000001 0.000017 0.000001 -0.000000 
-0.000004 0.000027 0.000005 -0.000000 -0.000018 0.000036 
-0.000001 0.000013 -0.000008 0.000000 0.000027 0.000036 
-0.000001 0.000010 0.000000 0.000004 -0.000005 0.000024 
-0.000002 0.000003 0.000003 0.000004 -0.000013 0.000012 
0.000001 -0.000003 -0.000000 -0.000004 0.000005 -0.000024 
0.000005 -0.000021 -0.000003 0.000008 -0.000000 -0.000036 
-0.000000 -0.000014 0.000005 0.000001 0.000001 -0.000018 
0.000005 -0.000020 -0.000007 0.000003 0.000004 -0.000054 
-0.000001 0.000006 -0.000005 -0.000017 0.000017 0.000012 
0.000004 -0.000003 -0.000000 -0.000004 0.000005 0.000006 
-0.000009 0.000021 0.000000 0.000000 -0.000000 0.000036 
0.000003 0.000003 -0.000000 0.000004 -0.000004 -0.000000 
0.000000 0.000013 0.000005 0.000019 0.000009 0.000030 
-0.000004 0.000010 0.000002 -0.000010 -0.000017 0.000024 
0.000002 -0.000005 -0.000002 -0.000004 0.000004 0.000000 
0.000000 -0.000010 0.000005 0.000009 -0.000008 -0.000030 
0.000004 -0.000011 -0.000012 0.000005 0.000029 -0.000006 
-0.000002 -0.000002 0.000007 0.000003 -0.000020 -0.000006 
0.000001 -0.000009 -0.000010 -0.000022 0.000021 -0.000036 
0.000000 -0.000010 0.000005 0.000017 -0.000017 -0.000012 
0.000004 0.000003 -0.000005 0.000002 0.000025 0.000006 
-0.000006 0.000002 0.000005 -0.000002 -0.000025 0.000018 
0.000000 0.000014 0.000000 0.000000 0.000000 0.000024 
0.000001 0.000011 0.000000 0.000010 0.000017 0.000024 
0.000001 0.000013 -0.000003 -0.000002 -0.000008 0.000018 
-0.000009 0.000019 0.000000 -0.000008 -0.000000 0.000042 
0.000004 -0.000005 0.000003 -0.000004 -0.000004 -0.000024 
0.000008 -0.000017 -0.000005 0.000015 0.000030 -0.000024 
-0.000001 -0.000023 0.000003 -0.000011 -0.000026 -0.000054 
0.000003 -0.000007 -0.000005 0.000000 0.000018 -0.000018 
-0.000001 -0.000001 0.000002 0.000004 -0.000004 0.000018 
-0.000003 -0.000001 -0.000005 0.000008 -0.000001 -0.000012 
0.000006 0.000005 0.000002 0.000011 0.000018 0.000024 
-0.000003 0.000019 -0.000002 -0.000019 -0.000009 0.000018 
0.000000 0.000011 0.000000 0.000000 0.000000 0.000018 
-0.000006 0.000014 0.000000 0.000000 -0.000000 0.000030 
0.000003 -0.000001 0.000002 0.000019 0.000009 -0.000000 
0.000001 -0.000012 -0.000000 -0.000014 -0.000013 -0.000012 
0.000001 -0.000009 -0.000012 -0.000013 0.000030 -0.000030 
-0.000000 -0.000018 0.000012 0.000013 -0.000030 -0.000018 
0.000000 -0.000009 -0.000008 0.000004 0.000013 -0.000024 
0.000003 -0.000013 0.000002 0.000013 -0.000004 -0.000012 
0.000001 0.000009 -0.000005 -0.000009 0.000008 0.000006 
-0.000006 0.000011 0.000000 0.000000 -0.000000 0.000024 
0.000004 0.000006 -0.000002 -0.000013 0.000004 0.000012 
-0.000002 0.000011 0.000010 0.000018 -0.000016 0.000006 
-0.000003 0.000003 -0.000007 -0.000005 0.000012 0.000030 
0.000003 -0.000001 -0.000000 -0.000008 0.000009 -0.000024 
-0.000001 -0.000001 0.000005 0.000009 -0.000008 -0.000000 
0.000002 -0.000008 -0.000000 0.000008 -0.000009 -0.000000 
0.000000 -0.000002 -0.000007 -0.000013 0.000022 0.000000 
