0.075941 -0.017966 0.231875 0.999917 -0.008020 -0.009915 -0.001934 
0.075939 -0.017971 0.231863 0.999924 -0.007814 -0.009436 -0.001217 
0.075954 -0.017972 0.231914 0.999918 -0.007782 -0.010108 -0.001487 
0.075955 -0.017973 0.231919 0.999918 -0.007754 -0.010039 -0.001509 
0.075945 -0.017974 0.231897 0.999921 -0.007799 -0.009823 -0.001019 
0.075942 -0.017971 0.231880 0.999922 -0.007872 -0.009632 -0.001427 
0.075945 -0.017970 0.231887 0.999919 -0.007861 -0.009805 -0.001858 
0.075945 -0.017977 0.231883 0.999920 -0.007779 -0.009916 -0.000975 
0.075947 -0.017970 0.231894 0.999919 -0.007891 -0.009798 -0.001882 
0.075946 -0.017972 0.231888 0.999920 -0.007882 -0.009760 -0.001582 
0.075941 -0.017972 0.231883 0.999919 -0.007906 -0.009790 -0.001739 
0.075953 -0.017976 0.231919 0.999919 -0.007833 -0.009978 -0.001362 
0.075953 -0.017979 0.231917 0.999921 -0.007742 -0.009891 -0.000965 
0.075956 -0.017972 0.231927 0.999918 -0.007856 -0.009973 -0.001591 
0.075949 -0.017975 0.231902 0.999919 -0.007672 -0.010162 -0.000910 
0.075939 -0.017972 0.231869 0.999923 -0.007833 -0.009597 -0.001139 
0.075946 -0.017968 0.231889 0.999921 -0.007815 -0.009747 -0.001469 
0.075945 -0.017971 0.231883 0.999919 -0.007846 -0.009875 -0.001619 
0.075936 -0.017971 0.231862 0.999922 -0.007864 -0.009597 -0.001257 
0.075952 -0.017971 0.231905 0.999919 -0.007843 -0.009906 -0.001691 
0.075955 -0.017973 0.231917 0.999917 -0.007879 -0.010053 -0.001892 
0.075950 -0.017977 0.231911 0.999916 -0.007897 -0.010113 -0.001639 
0.075942 -0.017966 0.231869 0.999920 -0.007918 -0.009724 -0.001775 
0.075942 -0.017975 0.231880 0.999923 -0.007698 -0.009716 -0.000707 
0.075945 -0.017972 0.231886 0.999920 -0.007979 -0.009608 -0.002028 
0.075947 -0.017964 0.231893 0.999917 -0.007993 -0.009930 -0.002052 
0.075951 -0.017972 0.231897 0.999919 -0.008022 -0.009716 -0.001898 
0.075956 -0.017972 0.231926 0.999918 -0.007845 -0.010047 -0.001058 
0.075946 -0.017971 0.231892 0.999918 -0.007848 -0.009975 -0.001685 
0.075937 -0.017974 0.231864 0.999921 -0.007745 -0.009796 -0.001176 
0.075940 -0.017970 0.231870 0.999924 -0.007894 -0.009428 -0.001276 
0.075940 -0.017972 0.231876 0.999921 -0.007851 -0.009762 -0.001224 
0.075944 -0.017971 0.231882 0.999924 -0.007877 -0.009447 -0.001078 
0.075934 -0.017968 0.231863 0.999920 -0.007832 -0.009820 -0.001528 
0.075942 -0.017968 0.231886 0.999919 -0.007806 -0.009970 -0.001530 
0.075946 -0.017973 0.231893 0.999922 -0.007867 -0.009649 -0.001401 
0.075950 -0.017974 0.231900 0.999920 -0.007883 -0.009870 -0.000989 
0.075951 -0.017974 0.231893 0.999921 -0.007892 -0.009730 -0.001426 
0.075962 -0.017977 0.231940 0.999917 -0.007853 -0.010131 -0.001241 
0.075950 -0.017976 0.231907 0.999921 -0.007680 -0.009857 -0.000969 
0.075947 -0.017971 0.231897 0.999919 -0.008003 -0.009740 -0.001677 
0.075934 -0.017972 0.231861 0.999923 -0.007748 -0.009622 -0.000889 
0.075933 -0.017971 0.231857 0.999925 -0.007747 -0.009393 -0.001046 
0.075953 -0.017970 0.231907 0.999919 -0.007865 -0.009891 -0.001744 
0.075948 -0.017974 0.231891 0.999922 -0.007788 -0.009622 -0.001456 
0.075944 -0.017968 0.231888 0.999921 -0.008020 -0.009548 -0.001604 
0.075936 -0.017969 0.231857 0.999923 -0.007987 -0.009338 -0.001633 
0.075933 -0.017969 0.231846 0.999927 -0.007629 -0.009371 -0.000593 
0.075941 -0.017965 0.231873 0.999919 -0.007977 -0.009745 -0.001570 
0.075951 -0.017976 0.231913 0.999917 -0.007743 -0.010159 -0.001406 
0.075941 -0.017969 0.231875 0.999920 -0.007833 -0.009827 -0.001726 
0.075951 -0.017971 0.231903 0.999922 -0.007677 -0.009787 -0.001160 
0.075940 -0.017970 0.231871 0.999922 -0.007904 -0.009494 -0.001623 
0.075944 -0.017969 0.231889 0.999919 -0.007842 -0.009961 -0.001067 
0.075944 -0.017969 0.231883 0.999919 -0.007895 -0.009878 -0.001488 
0.075953 -0.017973 0.231902 0.999919 -0.007815 -0.009974 -0.001508 
0.075940 -0.017970 0.231868 0.999924 -0.007785 -0.009515 -0.001091 
0.075950 -0.017971 0.231899 0.999920 -0.007736 -0.009903 -0.001191 
0.075954 -0.017966 0.231915 0.999915 -0.008266 -0.009777 -0.002505 
0.075933 -0.017970 0.231862 0.999922 -0.007694 -0.009768 -0.000995 
0.075950 -0.017974 0.231904 0.999919 -0.007805 -0.009990 -0.001298 
0.075941 -0.017970 0.231879 0.999920 -0.007855 -0.009728 -0.001724 
0.075941 -0.017969 0.231874 0.999920 -0.007931 -0.009739 -0.001686 
0.075958 -0.017975 0.231931 0.999917 -0.007951 -0.009984 -0.001743 
0.075940 -0.017970 0.231866 0.999924 -0.007813 -0.009506 -0.001245 
0.075945 -0.017971 0.231883 0.999918 -0.007931 -0.009878 -0.001861 
0.075917 -0.017963 0.231804 0.999924 -0.007901 -0.009337 -0.001704 
0.075923 -0.017967 0.231818 0.999922 -0.007721 -0.009728 -0.001015 
0.075914 -0.017961 0.231796 0.999922 -0.007969 -0.009491 -0.001625 
0.075917 -0.017962 0.231813 0.999918 -0.007897 -0.009889 -0.001826 
0.075914 -0.017957 0.231787 0.999922 -0.007981 -0.009496 -0.001760 
0.075906 -0.017958 0.231777 0.999922 -0.007863 -0.009568 -0.001622 
0.075922 -0.017958 0.231813 0.999920 -0.008007 -0.009557 -0.002005 
0.075906 -0.017960 0.231784 0.999924 -0.007909 -0.009352 -0.001472 
0.075916 -0.017962 0.231799 0.999922 -0.007973 -0.009500 -0.001595 
0.075939 -0.017966 0.231858 0.999919 -0.007970 -0.009750 -0.002077 
0.075920 -0.017961 0.231821 0.999919 -0.007940 -0.009760 -0.001715 
0.075933 -0.017967 0.231845 0.999920 -0.008058 -0.009509 -0.002066 
0.075934 -0.017964 0.231851 0.999921 -0.007865 -0.009715 -0.001344 
0.075942 -0.017969 0.231886 0.999916 -0.007837 -0.010217 -0.001677 
0.075940 -0.017966 0.231875 0.999919 -0.007812 -0.009955 -0.001197 
0.075945 -0.017969 0.231883 0.999920 -0.007872 -0.009816 -0.001530 
0.075945 -0.017965 0.231885 0.999919 -0.008042 -0.009644 -0.002049 
0.075951 -0.017969 0.231909 0.999916 -0.007770 -0.010260 -0.001442 
0.075945 -0.017973 0.231898 0.999922 -0.007730 -0.009805 -0.000941 
0.075932 -0.017969 0.231842 0.999926 -0.007540 -0.009474 -0.000694 
0.075954 -0.017968 0.231929 0.999914 -0.008015 -0.010169 -0.002000 
0.075948 -0.017973 0.231897 0.999918 -0.007961 -0.009847 -0.001742 
0.075939 -0.017970 0.231874 0.999921 -0.007780 -0.009807 -0.001182 
0.075952 -0.017973 0.231904 0.999922 -0.007768 -0.009713 -0.001444 
0.075960 -0.017968 0.231939 0.999913 -0.007998 -0.010303 -0.001837 
0.075940 -0.017969 0.231869 0.999921 -0.007844 -0.009689 -0.001345 
0.075946 -0.017964 0.231892 0.999919 -0.007992 -0.009755 -0.001905 
0.075916 -0.017964 0.231814 0.999922 -0.007943 -0.009545 -0.001103 
0.076092 -0.018122 0.232393 0.999868 -0.007757 -0.014276 -0.000464 
0.075955 -0.017921 0.232121 0.999890 -0.007882 -0.012509 0.001218 
0.075878 -0.017920 0.231873 0.999907 -0.008558 -0.010496 -0.001782 
0.075842 -0.017918 0.231731 0.999915 -0.008538 -0.009705 -0.001537 
0.075876 -0.017954 0.231748 0.999924 -0.008122 -0.009193 -0.001498 
0.075828 -0.017913 0.231614 0.999929 -0.008167 -0.008540 -0.001769 
0.075853 -0.017930 0.231624 0.999933 -0.007973 -0.008212 -0.001571 
0.075838 -0.017937 0.231607 0.999932 -0.008140 -0.008202 -0.001723 
0.075864 -0.017967 0.231672 0.999931 -0.007759 -0.008757 -0.001375 
0.075871 -0.017972 0.231698 0.999927 -0.008063 -0.008755 -0.001838 
0.075915 -0.017981 0.231839 0.999921 -0.007801 -0.009784 -0.001083 
0.075917 -0.017976 0.231873 0.999914 -0.007780 -0.010510 -0.000610 
0.075895 -0.017957 0.231790 0.999917 -0.008057 -0.009893 -0.001540 
0.075872 -0.017953 0.231715 0.999926 -0.007844 -0.009264 -0.001213 
0.075871 -0.017954 0.231709 0.999923 -0.007995 -0.009354 -0.001505 
0.075859 -0.017954 0.231674 0.999926 -0.007970 -0.009019 -0.001698 
0.075852 -0.017962 0.231660 0.999922 -0.008058 -0.009489 -0.001261 
0.075878 -0.017962 0.231725 0.999920 -0.008163 -0.009394 -0.002121 
0.075856 -0.017964 0.231662 0.999925 -0.008027 -0.009197 -0.001257 
0.075888 -0.017977 0.231771 0.999923 -0.007840 -0.009618 -0.000870 
0.075877 -0.017966 0.231735 0.999920 -0.008060 -0.009603 -0.001587 
0.075889 -0.017976 0.231792 0.999919 -0.007780 -0.010040 -0.000977 
0.075893 -0.017965 0.231784 0.999922 -0.007900 -0.009649 -0.000984 
0.075886 -0.017962 0.231773 0.999918 -0.008052 -0.009768 -0.001820 
0.075881 -0.017965 0.231739 0.999925 -0.007849 -0.009355 -0.000627 
0.075875 -0.017964 0.231723 0.999925 -0.008026 -0.009186 -0.001326 
0.075864 -0.017965 0.231689 0.999920 -0.008155 -0.009473 -0.001668 
0.075881 -0.017968 0.231752 0.999918 -0.008107 -0.009805 -0.001745 
0.075882 -0.017971 0.231764 0.999922 -0.007962 -0.009493 -0.001447 
0.075881 -0.017967 0.231747 0.999922 -0.007993 -0.009441 -0.001464 
0.075890 -0.017968 0.231778 0.999923 -0.008035 -0.009356 -0.001490 
0.075890 -0.017968 0.231777 0.999921 -0.008198 -0.009446 -0.001583 
0.075892 -0.017978 0.231770 0.999923 -0.007909 -0.009462 -0.001156 
0.075882 -0.017968 0.231754 0.999919 -0.008185 -0.009548 -0.001978 
0.075880 -0.017965 0.231737 0.999922 -0.008011 -0.009455 -0.001523 
0.075733 -0.017881 0.231570 0.999907 -0.008781 -0.010003 -0.003088 
0.073890 -0.017880 0.228116 0.999886 -0.008419 -0.011032 -0.006001 
0.071761 -0.017892 0.224331 0.999828 -0.008362 -0.014898 -0.007270 
0.069463 -0.017913 0.220113 0.999697 -0.008473 -0.022120 -0.006662 
0.067357 -0.017971 0.216024 0.999456 -0.008020 -0.031770 -0.003868 
0.065940 -0.017976 0.213148 0.999157 -0.008727 -0.040053 -0.002085 
0.065652 -0.018027 0.212128 0.998919 -0.008794 -0.045622 -0.001642 
0.065665 -0.018038 0.212012 0.998972 -0.008591 -0.044444 -0.002224 
0.065741 -0.018044 0.212160 0.998932 -0.008441 -0.045329 -0.003041 
0.065798 -0.018046 0.212208 0.998867 -0.008615 -0.046754 -0.002227 
0.065801 -0.018020 0.212068 0.998951 -0.008757 -0.044879 -0.002524 
0.065860 -0.018049 0.212120 0.998786 -0.008896 -0.048414 -0.002061 
0.065886 -0.018028 0.211913 0.998913 -0.008542 -0.045790 -0.001476 
0.065979 -0.018023 0.211851 0.998853 -0.009096 -0.046921 -0.002997 
0.066078 -0.018082 0.211959 0.998831 -0.008093 -0.047641 -0.001028 
0.066071 -0.018036 0.211831 0.998857 -0.008913 -0.046889 -0.002691 
0.066129 -0.018070 0.211904 0.998848 -0.008323 -0.047195 -0.002331 
0.066101 -0.018048 0.211798 0.998892 -0.008612 -0.046211 -0.002431 
0.066154 -0.018061 0.211909 0.998892 -0.008452 -0.046242 -0.002374 
0.066176 -0.018080 0.211899 0.998873 -0.008466 -0.046654 -0.002294 
0.066173 -0.018061 0.211810 0.998915 -0.008583 -0.045699 -0.002534 
0.066216 -0.018087 0.211822 0.998898 -0.008323 -0.046107 -0.002742 
0.066165 -0.018029 0.211640 0.998929 -0.008927 -0.045329 -0.002446 
0.066254 -0.018060 0.211631 0.998944 -0.008364 -0.045129 -0.002142 
0.066245 -0.018030 0.211612 0.998864 -0.009050 -0.046696 -0.002723 
0.066365 -0.018067 0.211769 0.998867 -0.008318 -0.046700 -0.003699 
0.066436 -0.018091 0.212236 0.998855 -0.008287 -0.047027 -0.002812 
0.066612 -0.018047 0.213654 0.998886 -0.008888 -0.045685 -0.007777 
0.066905 -0.018057 0.215640 0.998982 -0.008643 -0.043625 -0.007566 
0.067154 -0.018039 0.217961 0.998914 -0.008693 -0.044572 -0.010402 
0.067170 -0.017991 0.220034 0.998858 -0.008657 -0.045956 -0.009820 
0.067275 -0.017977 0.221822 0.998710 -0.008716 -0.049648 -0.006164 
0.067409 -0.017972 0.222507 0.998620 -0.008358 -0.051789 -0.002455 
0.067364 -0.017958 0.222391 0.998646 -0.008700 -0.051201 -0.002827 
0.067373 -0.017959 0.222409 0.998639 -0.008612 -0.051376 -0.002498 
0.067379 -0.017970 0.222405 0.998652 -0.008481 -0.051152 -0.002177 
0.067383 -0.017983 0.222428 0.998660 -0.008346 -0.051029 -0.002142 
0.067382 -0.017975 0.222416 0.998647 -0.008498 -0.051246 -0.002480 
0.067401 -0.017963 0.222488 0.998610 -0.008643 -0.051893 -0.003378 
0.067367 -0.017962 0.222364 0.998691 -0.008538 -0.050369 -0.002631 
0.067385 -0.017964 0.222439 0.998638 -0.008490 -0.051407 -0.002546 
0.067362 -0.017960 0.222348 0.998692 -0.008583 -0.050329 -0.002814 
0.067365 -0.017965 0.222363 0.998681 -0.008370 -0.050624 -0.002044 
0.067389 -0.017968 0.222443 0.998636 -0.008604 -0.051394 -0.003347 
0.067368 -0.017964 0.222369 0.998686 -0.008620 -0.050426 -0.002970 
0.067387 -0.017969 0.222444 0.998646 -0.008471 -0.051259 -0.002777 
0.067386 -0.017973 0.222439 0.998640 -0.008430 -0.051396 -0.002322 
0.067377 -0.017969 0.222403 0.998670 -0.008420 -0.050826 -0.001944 
0.067400 -0.017971 0.222494 0.998606 -0.008414 -0.052069 -0.002175 
0.067368 -0.017958 0.222389 0.998672 -0.008618 -0.050698 -0.003163 
0.067381 -0.017961 0.222427 0.998635 -0.008586 -0.051420 -0.003092 
0.067377 -0.017966 0.222398 0.998681 -0.008504 -0.050582 -0.002389 
0.067386 -0.017968 0.222439 0.998655 -0.008448 -0.051093 -0.002702 
0.067403 -0.017971 0.222497 0.998614 -0.008633 -0.051811 -0.003226 
0.067402 -0.017973 0.222497 0.998604 -0.008517 -0.052073 -0.002606 
0.067389 -0.017971 0.222445 0.998648 -0.008431 -0.051231 -0.002364 
0.067390 -0.017969 0.222431 0.998686 -0.008427 -0.050505 -0.002223 
0.067395 -0.017968 0.222448 0.998688 -0.008522 -0.050426 -0.002575 
0.067394 -0.017968 0.222454 0.998656 -0.008294 -0.051115 -0.002240 
0.067397 -0.017962 0.222463 0.998647 -0.008654 -0.051132 -0.003866 
0.067400 -0.017964 0.222468 0.998650 -0.008741 -0.051072 -0.003524 
0.067391 -0.017962 0.222458 0.998639 -0.008730 -0.051294 -0.003461 
0.067394 -0.017963 0.222456 0.998650 -0.008444 -0.051175 -0.002808 
0.067385 -0.017967 0.222421 0.998685 -0.008389 -0.050500 -0.002731 
0.067399 -0.017969 0.222477 0.998626 -0.008586 -0.051602 -0.003222 
NaN NaN NaN NaN NaN NaN NaN 
