-0.000006 -0.000008 0.000002 0.000003 -0.000005 0.000006 
0.000000 0.000001 -0.000000 -0.000002 -0.000012 -0.000018 
0.000008 0.000004 -0.000004 0.000008 0.000021 -0.000006 
0.000004 0.000017 0.000019 0.000003 -0.000031 0.000036 
-0.000000 -0.000001 -0.000000 -0.000038 0.000006 -0.000018 
0.000003 0.000005 0.000000 0.000038 -0.000006 0.000054 
-0.000003 -0.000008 0.000004 0.000006 -0.000010 -0.000048 
-0.000002 -0.000001 -0.000007 -0.000030 0.000030 0.000006 
0.000004 0.000003 -0.000008 0.000040 -0.000010 0.000018 
-0.000004 -0.000001 -0.000002 -0.000054 0.000007 -0.000017 
-0.000002 -0.000002 0.000010 0.000012 -0.000014 -0.000000 
-0.000003 -0.000007 -0.000000 0.000002 0.000012 -0.000024 
0.000005 0.000003 -0.000008 0.000029 0.000003 0.000012 
0.000004 0.000014 0.000012 -0.000024 -0.000019 0.000006 
0.000005 0.000004 -0.000013 0.000000 0.000016 0.000030 
-0.000009 -0.000011 0.000010 -0.000006 0.000001 -0.000018 
-0.000000 -0.000009 -0.000008 0.000010 0.000006 -0.000030 
0.000007 0.000012 0.000000 0.000001 0.000006 0.000036 
-0.000002 -0.000008 -0.000004 0.000023 -0.000006 0.000006 
0.000002 0.000008 -0.000002 -0.000022 0.000008 -0.000006 
0.000003 0.000001 -0.000006 0.000002 0.000008 -0.000012 
0.000001 0.000009 0.000012 -0.000004 -0.000016 0.000018 
-0.000002 -0.000002 -0.000002 -0.000022 0.000008 0.000000 
-0.000006 -0.000007 0.000002 0.000039 -0.000023 -0.000012 
0.000002 -0.000002 -0.000002 -0.000001 0.000017 -0.000006 
0.000000 0.000009 0.000010 -0.000025 -0.000002 0.000012 
0.000004 0.000006 0.000004 -0.000005 -0.000003 0.000006 
-0.000003 -0.000005 -0.000010 -0.000007 0.000001 0.000000 
-0.000002 -0.000005 -0.000008 0.000010 0.000006 -0.000006 
-0.000003 -0.000012 -0.000012 0.000006 0.000028 -0.000018 
0.000003 0.000005 -0.000006 0.000008 0.000001 -0.000000 
-0.000000 -0.000002 -0.000000 -0.000000 0.000000 -0.000006 
-0.000001 0.000009 0.000004 -0.000045 -0.000009 0.000036 
0.000006 0.000004 0.000006 0.000030 -0.000007 -0.000018 
-0.000000 0.000001 -0.000002 -0.000014 0.000013 0.000030 
0.000001 0.000001 0.000002 0.000003 -0.000005 -0.000018 
0.000002 0.000001 -0.000000 0.000019 -0.000003 -0.000006 
-0.000009 -0.000014 -0.000002 -0.000003 0.000005 -0.000012 
0.000002 0.000009 -0.000006 -0.000009 -0.000020 0.000030 
0.000000 -0.000005 0.000002 -0.000016 0.000033 -0.000030 
0.000003 0.000007 -0.000004 0.000003 -0.000009 0.000012 
0.000003 -0.000000 0.000000 0.000008 0.000005 0.000018 
0.000002 0.000007 -0.000012 -0.000016 0.000007 -0.000006 
-0.000008 -0.000020 0.000004 0.000027 -0.000001 -0.000042 
0.000007 0.000022 0.000004 -0.000054 -0.000008 0.000036 
0.000000 -0.000011 -0.000000 0.000068 0.000002 -0.000013 
0.000010 0.000020 0.000008 -0.000046 0.000012 0.000036 
-0.000006 -0.000012 -0.000006 0.000019 -0.000007 -0.000030 
-0.000010 -0.000011 -0.000002 -0.000024 -0.000004 -0.000012 
0.000003 0.000002 0.000002 0.000003 -0.000005 -0.000000 
0.000001 0.000000 -0.000008 -0.000002 0.000007 -0.000024 
0.000003 0.000011 0.000000 -0.000001 -0.000006 0.000048 
-0.000001 -0.000006 -0.000000 0.000002 0.000012 -0.000024 
0.000001 0.000002 0.000000 -0.000011 0.000007 0.000012 
-0.000005 -0.000006 0.000000 0.000010 -0.000001 -0.000006 
-0.000005 -0.000003 0.000012 -0.000004 -0.000016 -0.000006 
-0.000005 -0.000006 0.000012 -0.000014 -0.000015 -0.000018 
0.000003 0.000006 -0.000010 0.000008 0.000011 0.000018 
-0.000002 -0.000000 0.000002 -0.000029 -0.000007 -0.000012 
0.000007 0.000001 -0.000012 0.000019 0.000033 -0.000006 
0.000002 0.000002 -0.000004 0.000011 -0.000004 0.000006 
0.000001 -0.000002 -0.000008 0.000010 0.000006 -0.000000 
0.000003 0.000005 -0.000004 -0.000017 0.000018 0.000018 
-0.000002 -0.000006 0.000004 -0.000005 -0.000003 -0.000030 
0.000001 0.000005 0.000000 0.000000 -0.000000 0.000012 
-0.000017 -0.000020 0.000019 0.000015 -0.000033 -0.000030 
0.000006 0.000006 -0.000004 -0.000025 0.000013 0.000000 
0.000003 0.000011 0.000004 -0.000005 -0.000003 0.000036 
-0.000001 -0.000002 -0.000000 0.000011 -0.000007 -0.000012 
0.000003 0.000001 -0.000005 -0.000020 0.000023 -0.000006 
0.000005 0.000005 -0.000006 0.000013 0.000001 0.000012 
0.000007 0.000006 0.000002 0.000030 -0.000004 0.000006 
-0.000006 -0.000006 -0.000004 -0.000033 0.000009 -0.000006 
-0.000002 -0.000007 0.000004 0.000014 -0.000006 -0.000012 
0.000007 0.000015 -0.000006 -0.000017 0.000011 0.000036 
-0.000003 -0.000010 -0.000004 0.000024 0.000000 -0.000036 
-0.000001 0.000010 0.000015 -0.000019 -0.000036 0.000024 
0.000004 0.000006 0.000004 -0.000003 0.000009 0.000012 
0.000000 0.000002 0.000000 0.000000 -0.000000 0.000006 
-0.000010 -0.000022 -0.000004 0.000005 0.000003 -0.000054 
-0.000003 -0.000001 -0.000004 -0.000006 0.000010 0.000012 
0.000002 0.000001 -0.000000 0.000019 -0.000003 0.000006 
0.000002 0.000004 -0.000002 -0.000004 -0.000001 0.000006 
-0.000009 -0.000013 -0.000010 -0.000002 -0.000005 -0.000024 
0.000011 0.000015 0.000012 0.000004 -0.000006 0.000036 
-0.000003 -0.000001 0.000004 -0.000011 0.000004 -0.000012 
-0.000001 0.000002 0.000012 -0.000016 -0.000009 0.000000 
0.000000 0.000002 -0.000012 0.000033 -0.000006 0.000030 
0.000007 0.000012 0.000004 -0.000024 -0.000000 0.000012 
-0.000006 -0.000010 -0.000008 -0.000002 0.000007 -0.000030 
-0.000006 -0.000014 -0.000000 0.000012 -0.000001 -0.000024 
-0.000004 -0.000002 0.000008 -0.000011 -0.000012 0.000006 
0.000001 0.000002 -0.000000 0.000011 -0.000007 -0.000006 
-0.000002 -0.000001 0.000008 0.000020 -0.000016 0.000006 
0.000009 0.000011 -0.000011 -0.000026 0.000027 0.000000 
0.000001 -0.000000 -0.000000 0.000001 0.000006 0.000000 
-0.000012 -0.000011 0.000004 0.000003 -0.000028 -0.000036 
0.000001 -0.000003 -0.000000 0.000021 0.000009 0.000030 
-0.000004 0.000002 0.000008 -0.000037 -0.000008 -0.000006 
0.000000 0.000001 -0.000000 0.000017 -0.000015 -0.000006 
0.000001 -0.000002 -0.000004 0.000013 0.000007 0.000012 
0.000011 0.000012 -0.000019 -0.000004 0.000025 0.000018 
-0.000007 -0.000005 0.000008 0.000010 -0.000003 -0.000000 
0.000008 0.000011 -0.000000 0.000001 0.000006 0.000006 
-0.000002 -0.000005 -0.000008 -0.000011 -0.000003 -0.000018 
-0.000002 -0.000001 0.000004 0.000006 -0.000010 -0.000000 
-0.000005 -0.000002 0.000015 -0.000010 -0.000019 0.000006 
0.000000 -0.000001 -0.000004 0.000005 0.000003 -0.000000 
-0.000002 -0.000003 0.000000 -0.000003 0.000000 -0.000018 
0.000008 0.000011 -0.000012 0.000007 0.000016 0.000036 
-0.000006 -0.000012 -0.000000 -0.000000 0.000000 -0.000042 
0.000006 0.000007 -0.000004 0.000013 0.000007 0.000024 
-0.000004 -0.000004 0.000004 -0.000013 -0.000007 -0.000012 
0.000005 0.000017 0.000004 0.000004 -0.000022 0.000036 
0.000002 -0.000000 -0.000000 0.000002 0.000012 0.000000 
-0.000001 -0.000011 -0.000004 0.000012 0.000002 -0.000012 
-0.000003 0.000000 0.000000 -0.000018 0.000009 -0.000030 
-0.000010 -0.000012 -0.000008 0.000007 -0.000018 -0.000000 
0.000005 0.000007 0.000004 0.000003 0.000001 -0.000006 
0.000004 0.000009 -0.000004 -0.000033 0.000009 0.000024 
-0.000003 -0.000008 0.000004 0.000034 -0.000015 0.000006 
0.000011 0.000018 -0.000004 -0.000046 0.000022 0.000018 
-0.000005 -0.000003 0.000004 0.000043 -0.000022 0.000012 
-0.000002 -0.000003 -0.000000 -0.000040 -0.000006 -0.000012 
-0.000001 -0.000007 -0.000004 0.000016 0.000025 -0.000018 
-0.000007 -0.000011 -0.000002 0.000007 -0.000008 -0.000030 
0.000005 0.000010 0.000006 -0.000001 -0.000002 0.000018 
-0.000005 -0.000007 0.000000 0.000000 0.000000 -0.000012 
-0.000000 -0.000004 -0.000004 0.000012 0.000002 0.000006 
0.000006 0.000015 0.000000 -0.000038 0.000006 0.000018 
0.000003 0.000000 -0.000000 0.000030 -0.000010 -0.000006 
-0.000003 -0.000003 0.000000 -0.000011 0.000007 0.000006 
-0.000005 -0.000006 0.000004 0.000007 -0.000004 -0.000018 
-0.000007 -0.000008 0.000012 -0.000005 -0.000022 -0.000006 
0.000005 0.000005 -0.000012 0.000004 0.000016 0.000012 
0.000005 0.000005 -0.000000 -0.000000 0.000000 -0.000006 
0.000005 0.000011 -0.000004 -0.000008 -0.000001 0.000030 
-0.000005 -0.000005 0.000008 0.000003 -0.000002 -0.000006 
0.000009 0.000012 -0.000008 0.000016 -0.000001 0.000012 
-0.000002 -0.000001 0.000000 -0.000019 0.000003 0.000018 
-0.000003 -0.000006 0.000004 0.000024 -0.000019 -0.000018 
-0.000007 -0.000005 0.000004 -0.000036 0.000001 -0.000006 
0.000006 0.000008 -0.000008 0.000010 0.000006 -0.000006 
-0.000005 -0.000004 -0.000000 0.000011 -0.000007 -0.000000 
-0.000005 -0.000012 0.000000 -0.000011 0.000007 -0.000030 
0.000004 0.000009 0.000004 -0.000013 -0.000007 0.000024 
-0.000005 -0.000010 -0.000000 0.000019 -0.000003 -0.000024 
0.000001 0.000002 0.000004 -0.000016 0.000004 0.000012 
0.000003 -0.000000 -0.000004 0.000016 -0.000004 -0.000000 
-0.000002 -0.000002 -0.000007 -0.000011 0.000027 0.000000 
-0.000001 -0.000004 0.000004 0.000005 -0.000016 -0.000024 
0.000001 0.000007 0.000008 -0.000012 -0.000000 0.000024 
-0.000001 -0.000003 -0.000000 0.000002 -0.000006 -0.000006 
0.000004 0.000008 0.000004 -0.000005 -0.000003 0.000000 
-0.000005 -0.000009 -0.000004 0.000024 0.000000 -0.000006 
0.000010 0.000018 0.000002 -0.000037 0.000007 0.000018 
-0.000007 -0.000009 0.000000 0.000027 -0.000016 0.000006 
0.000011 0.000014 0.000002 0.000005 0.000007 0.000012 
-0.000008 -0.000010 -0.000002 -0.000041 0.000011 -0.000030 
-0.000004 -0.000008 -0.000012 0.000034 0.000000 0.000012 
0.000001 -0.000002 -0.000000 -0.000018 0.000009 -0.000012 
-0.000003 -0.000004 0.000008 0.000016 -0.000004 -0.000012 
0.000008 0.000014 0.000000 -0.000019 0.000003 0.000030 
-0.000006 -0.000008 0.000004 0.000006 -0.000010 -0.000024 
-0.000001 0.000003 0.000000 -0.000002 -0.000012 0.000018 
0.000008 0.000012 0.000006 -0.000002 -0.000008 0.000006 
-0.000003 0.000000 -0.000002 -0.000003 0.000005 0.000018 
-0.000002 -0.000011 -0.000002 0.000027 -0.000005 -0.000048 
0.000003 0.000003 -0.000002 -0.000020 0.000020 0.000018 
-0.000003 0.000008 0.000004 -0.000009 -0.000027 0.000030 
0.000002 -0.000004 -0.000004 0.000026 0.000012 -0.000012 
-0.000004 -0.000002 -0.000000 -0.000040 -0.000006 -0.000036 
-0.000007 -0.000017 0.000002 0.000045 0.000013 0.000006 
0.000010 0.000015 0.000002 -0.000029 -0.000007 -0.000006 
-0.000001 0.000001 0.000004 0.000006 -0.000010 0.000024 
-0.000003 -0.000007 -0.000002 0.000008 -0.000002 -0.000000 
0.000014 0.000016 -0.000002 -0.000012 0.000024 0.000024 
-0.000007 -0.000010 -0.000002 0.000027 -0.000005 -0.000018 
-0.000001 0.000004 0.000000 -0.000011 -0.000010 0.000030 
-0.000000 -0.000005 -0.000002 0.000008 0.000016 -0.000030 
0.000001 -0.000000 0.000006 -0.000021 -0.000005 0.000000 
-0.000006 -0.000004 0.000004 0.000025 -0.000013 -0.000006 
0.000005 0.000002 -0.000004 -0.000014 0.000006 -0.000024 
0.000007 0.000010 -0.000004 -0.000006 0.000010 0.000036 
-0.000001 0.000007 0.000008 -0.000018 -0.000011 0.000012 
-0.000003 -0.000010 -0.000012 0.000020 -0.000010 -0.000006 
0.000006 0.000008 0.000004 -0.000003 0.000009 0.000012 
-0.000009 -0.000016 -0.000004 0.000024 0.000000 -0.000048 
0.000007 0.000008 0.000002 -0.000035 0.000018 0.000000 
-0.000007 -0.000014 -0.000008 0.000039 0.000002 0.000006 
-0.000005 -0.000006 -0.000002 0.000008 -0.000002 -0.000006 
0.000005 0.000013 0.000008 -0.000031 -0.000015 0.000012 
0.000007 0.000003 -0.000004 0.000026 0.000012 0.000012 
-0.000005 -0.000003 0.000004 -0.000024 -0.000000 0.000000 
-0.000001 -0.000005 -0.000004 0.000016 -0.000004 -0.000018 
0.000001 0.000002 0.000000 -0.000011 0.000007 0.000000 
0.000002 0.000004 -0.000004 0.000006 0.000009 0.000012 
-0.000003 -0.000011 0.000002 0.000040 -0.000017 -0.000012 
0.000001 0.000004 -0.000002 -0.000041 0.000011 -0.000024 
0.000000 0.000002 0.000000 0.000000 -0.000000 0.000024 
0.000005 0.000005 -0.000000 -0.000000 0.000000 0.000006 
-0.000006 -0.000003 0.000004 -0.000013 -0.000008 -0.000006 
0.000008 0.000010 -0.000004 0.000005 0.000003 0.000018 
-0.000002 -0.000005 0.000000 0.000008 0.000004 0.000006 
-0.000001 0.000002 0.000004 -0.000013 -0.000007 -0.000012 
-0.000000 -0.000003 -0.000000 0.000019 -0.000003 -0.000000 
0.000007 0.000005 -0.000006 -0.000007 0.000027 0.000018 
0.000003 0.000012 0.000006 0.000007 -0.000027 0.000012 
-0.000001 -0.000010 -0.000008 0.000020 0.000022 -0.000000 
-0.000012 -0.000013 -0.000000 -0.000021 -0.000009 -0.000042 
0.000004 0.000005 -0.000000 0.000011 -0.000007 0.000036 
0.000005 0.000010 0.000012 -0.000003 -0.000005 0.000006 
-0.000007 -0.000012 -0.000000 -0.000001 -0.000006 -0.000054 
0.000003 0.000011 0.000004 -0.000017 -0.000002 0.000048 
-0.000007 -0.000015 -0.000012 0.000027 0.000002 -0.000048 
0.000004 -0.000001 0.000000 -0.000008 0.000031 0.000012 
0.000001 0.000005 -0.000004 -0.000017 -0.000018 0.000024 
0.000003 0.000008 0.000000 0.000019 -0.000003 0.000012 
-0.000006 -0.000010 -0.000004 -0.000006 0.000010 -0.000030 
0.000003 0.000011 0.000007 -0.000007 -0.000018 0.000018 
-0.000001 -0.000006 0.000004 0.000006 0.000025 -0.000006 
-0.000007 -0.000008 -0.000000 0.000019 -0.000038 -0.000000 
0.000008 0.000008 -0.000004 -0.000004 0.000022 -0.000018 
-0.000003 -0.000001 0.000008 -0.000012 -0.000018 0.000012 
-0.000003 -0.000003 -0.000008 -0.000009 0.000009 -0.000006 
0.000000 -0.000004 0.000000 0.000008 0.000005 -0.000024 
0.000011 0.000016 -0.000004 -0.000014 0.000006 0.000054 
0.000005 0.000004 -0.000008 0.000039 0.000002 0.000018 
-0.000003 -0.000001 0.000000 -0.000040 0.000012 -0.000012 
0.000002 0.000000 0.000004 0.000044 -0.000016 -0.000000 
-0.000005 -0.000007 0.000004 -0.000041 0.000015 -0.000012 
-0.000005 -0.000002 0.000008 0.000007 -0.000021 -0.000012 
-0.000007 -0.000010 0.000004 0.000006 -0.000010 -0.000018 
0.000003 -0.000000 -0.000007 -0.000012 0.000021 0.000006 
-0.000007 -0.000004 0.000007 0.000012 -0.000021 -0.000000 
0.000015 0.000011 -0.000017 -0.000006 0.000038 -0.000018 
-0.000001 0.000005 0.000004 -0.000003 -0.000009 0.000042 
0.000003 0.000003 -0.000004 0.000005 0.000003 0.000006 
-0.000003 -0.000006 0.000004 0.000014 -0.000006 -0.000018 
0.000001 0.000004 0.000006 -0.000021 -0.000005 0.000000 
-0.000001 0.000001 0.000006 -0.000031 0.000008 -0.000006 
-0.000006 -0.000012 -0.000006 0.000031 -0.000008 -0.000012 
0.000000 0.000002 0.000000 0.000019 -0.000003 0.000012 
-0.000003 -0.000003 0.000006 -0.000032 0.000002 -0.000018 
0.000007 0.000010 0.000002 0.000003 -0.000005 -0.000000 
-0.000003 -0.000007 -0.000008 -0.000001 0.000013 -0.000012 
0.000002 0.000009 0.000006 0.000015 -0.000023 0.000042 
0.000002 -0.000004 -0.000008 -0.000007 0.000021 0.000000 
0.000002 0.000003 -0.000004 -0.000006 0.000010 -0.000006 
-0.000008 -0.000007 0.000013 -0.000001 -0.000022 -0.000030 
-0.000001 -0.000003 0.000006 0.000006 -0.000004 0.000012 
0.000009 0.000019 -0.000006 -0.000024 0.000007 0.000012 
-0.000009 -0.000015 0.000004 0.000014 -0.000006 -0.000024 
0.000005 0.000006 -0.000000 0.000009 -0.000001 0.000042 
-0.000006 -0.000008 -0.000004 0.000003 -0.000009 -0.000024 
0.000001 0.000002 0.000004 -0.000014 0.000004 0.000000 
-0.000007 -0.000008 -0.000002 -0.000004 -0.000001 -0.000030 
0.000003 0.000000 0.000004 0.000006 0.000007 0.000018 
0.000005 0.000005 -0.000004 -0.000004 0.000004 0.000018 
0.000004 0.000009 0.000004 0.000006 -0.000010 0.000006 
-0.000005 -0.000014 -0.000002 0.000016 0.000002 -0.000042 
0.000001 0.000008 0.000000 -0.000019 0.000003 0.000012 
-0.000002 -0.000003 -0.000000 0.000017 -0.000015 0.000030 
-0.000005 -0.000007 -0.000002 -0.000021 0.000014 -0.000048 
0.000002 0.000004 0.000006 -0.000001 -0.000002 0.000024 
0.000004 0.000003 -0.000000 -0.000019 0.000003 -0.000006 
-0.000001 0.000002 -0.000002 0.000033 -0.000013 0.000018 
-0.000001 -0.000002 -0.000002 -0.000030 0.000004 -0.000018 
0.000002 0.000003 0.000000 0.000011 0.000010 0.000024 
-0.000006 -0.000012 -0.000000 0.000028 -0.000004 -0.000042 
-0.000002 -0.000002 0.000002 -0.000027 0.000005 -0.000012 
0.000000 0.000013 -0.000006 -0.000007 -0.000008 0.000030 
-0.000000 -0.000010 0.000012 0.000026 -0.000009 -0.000000 
0.000001 0.000005 -0.000006 -0.000037 0.000020 -0.000018 
0.000007 0.000012 0.000010 0.000021 -0.000033 0.000042 
-0.000000 -0.000006 -0.000012 0.000006 0.000028 -0.000024 
-0.000009 -0.000007 0.000008 -0.000001 -0.000025 0.000018 
0.000009 0.000007 -0.000008 0.000001 0.000025 -0.000018 
-0.000000 -0.000002 -0.000000 -0.000000 0.000000 0.000012 
0.000005 0.000009 -0.000012 0.000012 -0.000015 -0.000000 
0.000006 0.000007 0.000008 -0.000007 0.000018 0.000030 
-0.000015 -0.000021 0.000004 0.000017 -0.000018 -0.000030 
0.000003 0.000003 0.000000 -0.000011 0.000007 0.000000 
-0.000016 -0.000019 0.000008 -0.000018 -0.000010 -0.000036 
0.000010 0.000013 0.000000 0.000008 0.000004 0.000024 
0.000004 0.000011 -0.000004 0.000003 -0.000009 0.000006 
0.000002 -0.000002 -0.000012 -0.000003 0.000018 0.000012 
-0.000004 -0.000008 0.000004 0.000003 0.000007 -0.000012 
0.000004 0.000009 0.000004 0.000006 -0.000010 0.000018 
-0.000003 -0.000015 -0.000012 0.000004 0.000016 -0.000030 
0.000002 0.000005 0.000008 -0.000010 -0.000006 0.000006 
-0.000002 -0.000001 0.000000 -0.000019 0.000003 -0.000024 
0.000006 0.000005 -0.000008 0.000029 0.000003 0.000036 
0.000005 0.000013 0.000012 -0.000024 -0.000002 0.000018 
-0.000005 -0.000009 -0.000004 -0.000005 -0.000001 -0.000036 
0.000005 0.000002 0.000004 0.000053 -0.000018 0.000017 
-0.000001 0.000002 -0.000012 -0.000022 0.000032 0.000006 
-0.000010 -0.000020 0.000004 0.000023 -0.000025 -0.000036 
-0.000005 -0.000000 0.000008 -0.000029 -0.000003 0.000012 
0.000003 -0.000000 -0.000008 0.000010 0.000006 -0.000018 
0.000005 0.000004 -0.000006 -0.000007 0.000027 0.000024 
0.000006 0.000016 0.000002 0.000014 -0.000013 0.000048 
-0.000002 -0.000009 0.000004 -0.000005 -0.000003 -0.000036 
0.000003 0.000014 0.000008 -0.000012 -0.000018 0.000024 
-0.000005 -0.000013 -0.000008 0.000010 0.000006 -0.000012 
0.000002 0.000003 -0.000004 -0.000006 0.000010 -0.000024 
-0.000006 -0.000012 -0.000004 0.000016 -0.000004 -0.000018 
0.000008 0.000011 -0.000002 -0.000025 0.000020 0.000012 
-0.000019 -0.000023 0.000009 0.000026 -0.000033 -0.000012 
0.000001 -0.000001 -0.000004 -0.000006 0.000010 -0.000024 
0.000009 0.000012 0.000004 -0.000022 0.000012 0.000030 
-0.000004 -0.000001 0.000004 0.000023 -0.000025 0.000006 
0.000002 -0.000002 -0.000008 -0.000001 0.000013 -0.000006 
0.000002 0.000012 0.000000 0.000000 -0.000000 0.000012 
0.000004 0.000003 0.000008 0.000001 -0.000013 -0.000012 
0.000004 0.000003 -0.000011 -0.000007 0.000024 0.000036 
-0.000002 -0.000003 0.000004 0.000006 -0.000010 -0.000006 
0.000004 0.000008 0.000004 -0.000005 -0.000003 -0.000006 
0.000007 0.000012 -0.000006 -0.000017 0.000011 0.000048 
-0.000007 -0.000018 -0.000002 0.000027 -0.000005 -0.000042 
-0.000010 -0.000012 -0.000004 -0.000006 0.000010 -0.000018 
-0.000011 -0.000012 0.000007 0.000011 -0.000027 -0.000036 
-0.000000 -0.000002 0.000000 -0.000010 0.000013 0.000012 
-0.000001 0.000000 0.000004 0.000014 -0.000006 0.000006 
0.000013 0.000017 -0.000004 0.000005 0.000003 0.000030 
0.000005 0.000005 -0.000004 -0.000014 0.000006 0.000000 
0.000006 0.000011 0.000004 0.000003 0.000001 0.000024 
-0.000002 -0.000007 -0.000013 -0.000018 0.000024 -0.000054 
-0.000000 -0.000003 -0.000000 0.000019 -0.000003 0.000018 
-0.000014 -0.000021 0.000004 -0.000002 0.000003 -0.000036 
-0.000015 0.000006 -0.000004 -0.000070 -0.000089 -0.000011 
-0.001696 0.003499 -0.008280 -0.013506 -0.009688 0.004056 
-0.002371 0.005167 -0.036489 -0.016169 -0.010951 0.006966 
-0.000391 0.005608 -0.045927 -0.011568 -0.004605 0.009172 
0.003582 0.002493 -0.045172 -0.008723 0.028425 0.003070 
0.006016 0.000918 -0.038923 0.000646 0.042289 0.002756 
0.005876 0.000946 -0.025212 0.004028 0.032735 0.002446 
0.004821 -0.000073 -0.018361 0.013051 0.022842 0.001587 
0.001109 -0.001147 -0.007049 0.012627 0.001755 -0.000343 
-0.003403 -0.000514 0.005237 0.011871 -0.029420 0.001314 
-0.007256 -0.001894 0.013852 0.015274 -0.053724 -0.000935 
-0.007797 -0.003972 0.021885 0.017692 -0.052542 -0.003795 
-0.007398 -0.001740 0.027757 0.018920 -0.055172 0.001677 
-0.008374 -0.002404 0.032587 0.013085 -0.055508 -0.000789 
-0.006118 -0.002628 0.030665 0.008101 -0.036219 -0.002476 
0.001618 -0.001826 0.027370 0.006893 0.011547 -0.001138 
0.005699 -0.002227 0.027573 0.002737 0.041120 -0.002945 
0.006867 -0.001792 0.025012 -0.006525 0.052643 -0.004918 
0.009483 -0.001670 0.018061 -0.010724 0.072072 -0.005769 
0.006329 -0.000221 0.014299 -0.015225 0.050988 -0.003833 
0.001012 0.000963 0.007856 -0.017528 0.014373 -0.002774 
-0.000984 0.002712 0.005789 -0.018841 -0.004682 0.000240 
-0.001316 0.002294 -0.000077 -0.015906 -0.007152 0.000042 
-0.001680 0.002396 -0.003194 -0.013718 -0.011189 0.000646 
-0.002181 0.002317 -0.004072 -0.013224 -0.014719 0.000512 
-0.002565 0.002072 -0.005397 -0.012223 -0.016630 0.000427 
-0.001741 0.001748 -0.006366 -0.011883 -0.010595 -0.000144 
-0.000383 0.001393 -0.007278 -0.010488 -0.001168 -0.000478 
0.000193 0.000544 -0.006572 -0.010565 0.005417 -0.001971 
0.001261 0.000223 -0.006655 -0.008168 0.012612 -0.001811 
0.000927 -0.000121 -0.004150 -0.004972 0.009020 -0.001775 
0.000253 -0.000583 -0.002583 -0.000684 0.004285 -0.001158 
0.000106 -0.000565 -0.001928 0.002600 0.001492 -0.000360 
0.000112 -0.000302 -0.001813 0.003549 0.000019 0.000482 
-0.000543 -0.000246 -0.000031 0.003084 -0.004143 0.000446 
-0.001334 -0.000110 0.000976 0.001100 -0.008847 0.000084 
-0.000819 -0.000459 0.001675 0.002555 -0.005347 -0.000257 
-0.000949 -0.000627 0.002181 0.003740 -0.006317 -0.000135 
-0.000947 -0.000682 0.002008 0.004829 -0.006438 0.000068 
-0.000736 -0.000738 0.001577 0.004627 -0.004814 -0.000129 
-0.000523 -0.000601 0.001672 0.003991 -0.003515 0.000044 
-0.000815 -0.000452 0.001796 0.003869 -0.005690 0.000353 
-0.000789 -0.000485 0.001940 0.004062 -0.005867 0.000111 
-0.000334 -0.000454 0.001136 0.003551 -0.002796 0.000083 
-0.000186 -0.000066 0.000413 0.002008 -0.002182 0.000457 
0.000192 0.000232 -0.000194 0.001326 -0.000677 0.000680 
0.000291 -0.000004 -0.000447 0.000821 0.001338 0.000245 
0.000637 -0.000028 -0.000506 0.000999 0.003546 0.000126 
0.000708 -0.000187 -0.000863 0.001429 0.004443 0.000121 
0.000607 -0.000246 -0.001124 0.001666 0.003868 -0.000064 
0.000889 -0.000269 -0.000958 0.001919 0.005665 0.000077 
0.001059 -0.000213 -0.000662 0.001602 0.006732 0.000078 
0.000867 -0.000199 -0.000665 0.001572 0.005418 0.000041 
0.000215 -0.000136 -0.000578 0.000992 0.001346 0.000041 
0.000026 -0.000070 -0.000301 0.000468 0.000150 -0.000025 
0.000010 -0.000035 -0.000288 0.000317 0.000038 0.000024 
-0.000055 -0.000046 -0.000179 0.000297 -0.000357 -0.000025 
-0.000075 -0.000013 -0.000070 0.000004 -0.000405 0.000000 
-0.000032 -0.000009 0.000062 0.000115 -0.000241 0.000016 
-0.000055 -0.000028 0.000128 0.000102 -0.000346 -0.000032 
-0.000087 -0.000013 0.000209 0.000223 -0.000653 0.000049 
-0.000066 -0.000004 0.000200 0.000180 -0.000425 0.000056 
-0.000041 0.000010 0.000180 0.000105 -0.000381 0.000027 
-0.000055 -0.000020 0.000142 0.000256 -0.000417 0.000068 
-0.000081 -0.000048 0.000187 0.000303 -0.000531 0.000013 
-0.000047 -0.000043 0.000123 0.000210 -0.000326 -0.000081 
-0.000037 -0.000049 0.000088 0.000144 -0.000220 -0.000050 
0.000011 0.000046 -0.000012 -0.000014 -0.000059 0.000090 
0.000015 0.000044 0.000019 0.000008 -0.000020 0.000108 
0.000021 0.000035 0.000031 -0.000035 0.000017 0.000024 
-0.000013 0.000010 0.000063 0.000030 -0.000139 0.000029 
-0.000033 -0.000017 0.000095 0.000082 -0.000203 0.000028 
-0.000045 -0.000032 0.000108 0.000039 -0.000207 -0.000085 
-0.000019 -0.000013 0.000042 0.000018 -0.000091 -0.000019 
-0.000008 0.000004 0.000019 -0.000029 -0.000051 -0.000018 
-0.000007 -0.000015 0.000019 0.000051 -0.000037 0.000029 
0.000001 -0.000009 0.000023 -0.000006 -0.000009 -0.000060 
0.000009 0.000013 0.000008 -0.000000 -0.000019 0.000042 
0.000001 0.000011 -0.000015 -0.000031 0.000037 0.000018 
0.000011 0.000009 -0.000006 0.000000 0.000014 0.000042 
0.000002 0.000016 -0.000005 -0.000034 0.000012 -0.000018 
0.000006 0.000020 0.000012 -0.000014 -0.000015 0.000054 
-0.000000 0.000009 0.000041 -0.000014 -0.000034 0.000012 
-0.000018 -0.000007 0.000048 -0.000046 -0.000054 -0.000054 
-0.000004 0.000010 0.000047 -0.000064 -0.000030 0.000030 
-0.000006 0.000002 0.000014 -0.000036 -0.000023 -0.000006 
-0.000010 -0.000031 0.000010 -0.000006 0.000001 -0.000090 
0.000005 -0.000007 -0.000017 0.000015 0.000035 -0.000012 
-0.000001 0.000000 -0.000004 -0.000018 -0.000006 0.000012 
0.000020 0.000014 -0.000032 -0.000069 0.000115 0.000025 
0.000021 0.000041 -0.000010 -0.000011 0.000014 0.000060 
0.000000 -0.000005 -0.000005 -0.000014 0.000033 -0.000012 
0.000003 0.000022 0.000031 -0.000051 -0.000023 0.000012 
-0.000010 0.000002 0.000044 0.000000 -0.000069 0.000005 
-0.000011 0.000009 0.000053 -0.000074 -0.000043 0.000000 
-0.000014 -0.000012 0.000026 -0.000041 -0.000010 -0.000012 
0.000002 0.000004 0.000026 -0.000060 -0.000007 -0.000018 
-0.000019 -0.000008 0.000012 -0.000016 -0.000076 -0.000018 
-0.000012 -0.000001 0.000004 -0.000007 -0.000075 -0.000006 
0.000005 -0.000007 -0.000013 -0.000036 0.000008 -0.000042 
-0.000008 0.000004 0.000000 -0.000038 -0.000025 0.000000 
-0.000010 0.000026 -0.000021 -0.000035 -0.000118 0.000042 
0.000007 0.000026 -0.000001 -0.000046 -0.000020 0.000036 
-0.000007 0.000018 0.000023 -0.000022 -0.000061 0.000018 
-0.000006 -0.000000 0.000004 0.000001 -0.000040 -0.000000 
-0.000010 0.000011 0.000013 0.000006 -0.000102 0.000042 
-0.000009 0.000001 0.000008 -0.000038 -0.000056 -0.000030 
-0.000017 -0.000022 -0.000012 0.000011 -0.000003 -0.000030 
-0.000009 -0.000010 0.000006 -0.000011 -0.000044 -0.000030 
-0.000007 -0.000001 -0.000019 -0.000038 -0.000037 -0.000017 
-0.000012 -0.000012 0.000004 0.000001 -0.000040 -0.000006 
0.000002 0.000000 -0.000005 -0.000033 0.000019 -0.000042 
0.000008 0.000013 -0.000013 -0.000016 0.000005 0.000030 
0.000004 0.000019 -0.000002 -0.000018 -0.000017 0.000054 
0.000008 0.000013 -0.000007 -0.000034 0.000018 -0.000006 
0.000002 0.000018 0.000004 0.000023 -0.000031 0.000066 
-0.000007 0.000004 -0.000004 -0.000025 -0.000047 -0.000048 
0.001176 0.001383 -0.002477 -0.000032 0.005040 0.005746 
0.001685 0.002740 -0.002739 -0.002711 0.006490 0.006240 
0.002095 0.002942 -0.003598 -0.004379 0.008996 0.005300 
0.003186 0.005227 -0.004487 -0.006244 0.011860 0.009420 
0.004425 0.008208 -0.004700 -0.006802 0.012687 0.014814 
0.006162 0.012866 -0.004403 -0.004049 0.010223 0.022690 
0.008883 0.017962 -0.008089 0.004760 0.010425 0.013771 
0.012544 0.026587 -0.008460 0.011061 0.006806 -0.000740 
0.017652 0.041279 -0.007059 0.012387 0.003648 -0.000271 
0.023118 0.056777 -0.005972 0.011697 0.002443 -0.010087 
0.028903 0.072261 -0.006069 0.011920 0.002656 -0.023420 
0.034237 0.088291 -0.005012 0.012162 0.000760 -0.040494 
0.041834 0.111211 -0.003136 0.009838 -0.000571 -0.037798 
0.049965 0.136893 -0.001148 0.008043 -0.002489 -0.031082 
0.057032 0.159435 0.000434 0.006969 -0.003986 -0.027154 
0.065421 0.184898 0.002219 0.004926 -0.005553 -0.022403 
0.074149 0.210671 0.003753 0.003822 -0.007058 -0.015777 
0.082442 0.236204 0.005922 0.000343 -0.008439 -0.011257 
0.091245 0.264641 0.007291 -0.001762 -0.009031 0.001481 
0.099897 0.292938 0.009271 -0.003545 -0.010214 0.013824 
0.108232 0.320373 0.010505 -0.002951 -0.010300 0.023870 
0.114783 0.344206 0.011384 -0.003372 -0.010238 0.023963 
0.118277 0.361548 0.012089 -0.004403 -0.010263 0.011493 
0.121569 0.377736 0.011216 -0.001926 -0.001891 0.001424 
0.124188 0.396559 0.010902 -0.001950 0.002120 -0.001557 
0.126689 0.415437 0.012219 -0.002633 -0.002510 0.008644 
0.128604 0.435166 0.012359 -0.005263 -0.004702 0.009826 
0.128877 0.448357 0.010391 -0.003132 -0.005499 0.007973 
0.127180 0.452728 0.010458 -0.003196 -0.005330 0.007888 
0.122220 0.449857 0.012838 -0.005314 -0.008403 -0.004086 
0.117654 0.452950 0.010392 -0.002860 -0.007252 0.007353 
0.115415 0.461926 0.008174 -0.001601 -0.004437 0.026645 
0.113655 0.465981 0.009244 -0.002222 -0.005247 0.031948 
0.110843 0.471809 0.008768 -0.002774 -0.004601 0.042719 
0.105781 0.469500 0.006722 0.000047 -0.003767 0.040465 
0.099380 0.457583 0.006452 0.001555 -0.003606 0.014882 
0.093405 0.449072 0.006850 0.002402 -0.002569 -0.003023 
0.089317 0.452394 0.005699 0.002657 -0.003041 0.005821 
0.086753 0.452830 0.006624 0.002533 -0.003008 0.004099 
0.082243 0.450663 0.007498 -0.000140 -0.003229 -0.000534 
0.076652 0.446693 0.006337 0.001444 -0.004481 -0.008161 
0.072047 0.439764 0.005857 0.002302 -0.003635 -0.021663 
0.067848 0.436480 0.006105 0.001773 -0.001975 -0.029764 
0.064347 0.441801 0.004686 0.004173 -0.002100 -0.014305 
0.062022 0.446866 0.004697 0.003473 -0.001786 -0.005750 
0.059162 0.448239 0.006352 0.000582 -0.000834 -0.005280 
0.054613 0.446371 0.005864 0.001842 -0.000179 -0.006901 
0.049956 0.441715 0.004641 0.003179 0.000103 -0.013599 
0.046724 0.435944 0.005367 0.002722 0.002814 -0.028388 
0.043171 0.440651 0.005215 0.002576 0.001653 -0.017754 
0.040520 0.447143 0.004926 0.001520 0.000674 -0.003955 
0.038804 0.450413 0.006094 0.000389 0.000720 0.000924 
0.034621 0.449369 0.006862 -0.002001 0.001012 -0.002077 
0.029114 0.444582 0.005083 0.001302 0.000422 -0.007233 
0.025451 0.439910 0.005062 0.001578 0.001780 -0.016992 
0.021711 0.444255 0.006112 -0.000099 0.001444 -0.006799 
0.017776 0.451662 0.005008 0.000562 0.001854 0.011501 
0.015004 0.454039 0.005158 0.000063 0.001600 0.015787 
0.011358 0.451152 0.005917 -0.002093 0.003778 0.009150 
0.006663 0.444529 0.004426 0.001291 0.003733 -0.000444 
0.002805 0.439799 0.003949 0.002536 0.002449 -0.007228 
0.000654 0.440573 0.005358 -0.000078 0.003774 -0.010334 
-0.003193 0.446845 0.005507 -0.000148 0.001719 0.005374 
-0.007386 0.449954 0.005420 0.000279 -0.001767 0.014138 
-0.010078 0.444877 0.006277 -0.001297 -0.001027 0.002918 
-0.014305 0.437452 0.004922 0.001225 0.000733 -0.010957 
-0.019258 0.434583 0.003583 0.004444 -0.001388 -0.010209 
-0.021707 0.436232 0.004453 0.003337 -0.002146 -0.008964 
-0.025550 0.440406 0.005145 0.001094 -0.002905 0.001978 
-0.029312 0.441999 0.004790 0.001685 -0.002884 0.007043 
-0.032295 0.437833 0.005080 0.001745 -0.002561 -0.000565 
-0.036613 0.431880 0.005613 0.001287 -0.002383 -0.010882 
-0.041146 0.428486 0.004572 0.004228 -0.001636 -0.011223 
-0.043955 0.430474 0.004455 0.003218 -0.001055 -0.006448 
-0.047026 0.434509 0.005668 0.000299 -0.001782 0.000171 
-0.050781 0.436722 0.005490 -0.001397 -0.001987 0.007033 
-0.054174 0.433608 0.004619 -0.000062 -0.001778 0.005406 
-0.057119 0.426823 0.004844 0.000540 -0.000919 -0.008786 
-0.061649 0.423475 0.004639 0.000820 -0.000328 -0.011172 
-0.066247 0.427348 0.004366 0.000875 -0.000554 0.001313 
-0.068557 0.429544 0.004911 -0.000461 -0.000463 0.005921 
-0.071696 0.431288 0.005104 -0.003192 0.002380 0.010599 
-0.075032 0.429125 0.004262 -0.003348 0.005864 0.009840 
-0.077326 0.420621 0.003988 -0.001447 0.004771 -0.005595 
-0.080769 0.415546 0.004081 -0.000883 0.003591 -0.014573 
-0.085531 0.418478 0.004218 -0.000769 0.000828 -0.001709 
-0.088409 0.421508 0.004819 -0.002195 -0.000189 0.003482 
-0.091741 0.422002 0.005405 -0.004049 -0.000128 0.006042 
-0.095275 0.417696 0.004463 -0.001461 -0.000081 0.001930 
-0.098242 0.410729 0.003697 0.000164 0.000151 -0.006215 
-0.101208 0.406734 0.003900 0.000043 0.001235 -0.014914 
-0.105450 0.408648 0.003609 0.000220 0.001429 -0.004594 
-0.109260 0.412424 0.003729 -0.001687 0.000989 0.005881 
-0.111808 0.411962 0.004964 -0.003415 -0.000177 0.006341 
-0.115104 0.407954 0.004709 -0.002308 -0.000522 -0.000114 
-0.118471 0.401310 0.003633 -0.001585 0.001014 -0.006577 
-0.119903 0.397429 0.003992 -0.003373 0.005203 -0.013607 
-0.122953 0.395224 0.004392 -0.005725 0.004796 -0.013279 
-0.126859 0.394934 0.003950 -0.006740 0.005022 -0.000846 
-0.127421 0.387451 0.004424 -0.008168 0.004793 0.011085 
-0.125192 0.371773 0.004473 -0.009599 0.005299 0.010642 
-0.121310 0.351871 0.002864 -0.005365 0.004944 0.011645 
-0.116625 0.331639 0.003202 -0.005465 0.004321 0.011266 
-0.111051 0.314227 0.004268 -0.007652 0.003120 0.013794 
-0.107464 0.298165 0.004280 -0.007070 0.000298 0.027815 
-0.102845 0.278583 0.004153 -0.004005 -0.003926 0.034055 
-0.095451 0.256061 0.003518 -0.001943 -0.003005 0.027513 
-0.086264 0.229011 0.002786 0.000407 -0.001322 0.010369 
-0.078060 0.202042 0.001798 0.001217 0.000980 -0.000851 
-0.070771 0.178135 0.000851 0.002280 0.001841 -0.011800 
-0.063571 0.156728 0.001017 0.001509 0.001114 -0.015691 
-0.056954 0.137572 0.000848 0.001452 0.001245 -0.012525 
-0.049225 0.118889 0.000335 0.002211 0.001648 -0.010355 
-0.042061 0.099226 -0.000010 0.002061 0.002129 -0.011340 
-0.034445 0.079135 0.000005 0.002070 0.001875 -0.012388 
-0.026062 0.059895 -0.000045 0.001467 0.001520 -0.016897 
-0.018669 0.042639 -0.000154 0.001351 0.001405 -0.010903 
-0.012779 0.030422 -0.000313 0.001559 0.001423 -0.002566 
-0.007406 0.019338 -0.000240 0.000936 0.001031 0.005118 
-0.003110 0.008650 -0.000849 0.001553 0.001966 0.002266 
-0.001277 0.001726 -0.001164 0.002696 0.002480 -0.004535 
-0.000229 -0.002789 -0.001204 0.002678 0.002574 -0.009808 
0.000244 -0.006762 -0.001266 0.002572 0.002677 -0.014998 
0.000277 -0.008143 -0.001151 0.002322 0.002397 -0.016836 
0.000195 -0.008805 -0.000855 0.001824 0.001929 -0.017417 
0.000253 -0.007615 -0.001118 0.002253 0.002237 -0.011628 
0.000172 -0.006036 -0.000918 0.001953 0.001813 -0.008368 
0.000122 -0.004248 -0.000572 0.001716 0.001326 -0.006457 
0.000076 -0.002184 -0.000199 0.000721 0.000654 -0.003442 
-0.000080 -0.000189 -0.000068 0.000028 0.000282 -0.000043 
-0.000260 0.001754 -0.000010 0.000122 0.000163 0.003606 
-0.000051 0.002703 -0.000007 0.000129 0.000217 0.004828 
-0.000020 0.002791 0.000005 0.000044 0.000165 0.004864 
-0.000080 0.003561 0.000015 -0.000125 0.000039 0.006231 
-0.000129 0.003405 0.000183 -0.000002 -0.000212 0.005997 
-0.000117 0.002861 0.000459 -0.000448 -0.000596 0.004816 
-0.000134 0.002227 0.000435 -0.000649 -0.000725 0.003661 
-0.000306 0.002085 0.000943 -0.001220 -0.001565 0.003362 
-0.000480 0.002188 0.001239 -0.001921 -0.002064 0.003535 
-0.000419 0.001890 0.001309 -0.002239 -0.002161 0.002792 
-0.000296 0.001578 0.001078 -0.001570 -0.001772 0.002343 
-0.000232 0.001385 0.000856 -0.001255 -0.001436 0.002067 
-0.000190 0.001038 0.000725 -0.001101 -0.001192 0.001492 
-0.000142 0.000849 0.000568 -0.000882 -0.000957 0.001193 
-0.000119 0.000999 0.000459 -0.000685 -0.000772 0.001522 
-0.000100 0.000907 0.000238 -0.000418 -0.000400 0.001516 
-0.000077 0.000771 0.000131 -0.000232 -0.000201 0.001336 
-0.000035 0.000684 0.000025 0.000019 -0.000041 0.001240 
-0.000011 0.000461 -0.000005 0.000008 0.000009 0.000833 
0.000002 0.000423 -0.000033 0.000082 0.000045 0.000737 
0.000022 0.000452 -0.000056 0.000065 0.000115 0.000779 
0.000031 0.000430 -0.000145 0.000171 0.000209 0.000791 
0.000032 0.000403 -0.000151 0.000234 0.000278 0.000779 
0.000009 0.000523 -0.000082 0.000129 0.000123 0.000941 
0.000102 0.000538 -0.000362 0.000565 0.000615 0.001067 
0.000097 0.000516 -0.000399 0.000644 0.000656 0.001055 
0.000067 0.000532 -0.000269 0.000428 0.000441 0.001019 
0.000044 0.000458 -0.000173 0.000200 0.000288 0.000827 
0.000032 0.000294 -0.000123 0.000119 0.000218 0.000539 
0.000026 0.000316 -0.000125 0.000199 0.000208 0.000599 
-0.000019 0.000361 -0.000045 0.000058 0.000049 0.000677 
0.000073 0.000024 -0.000007 0.000059 0.000042 -0.000066 
0.000016 -0.000061 0.000017 0.000023 -0.000035 -0.000138 
0.000005 -0.000107 -0.000008 0.000031 0.000006 -0.000180 
-0.000003 -0.000185 -0.000008 0.000009 0.000027 -0.000300 
0.000004 -0.000278 -0.000008 -0.000004 0.000006 -0.000479 
0.000009 -0.000367 -0.000012 0.000005 0.000013 -0.000623 
-0.000002 -0.000412 -0.000016 0.000009 0.000020 -0.000689 
0.000003 -0.000239 -0.000005 0.000008 0.000009 -0.000419 
0.000008 -0.000146 -0.000015 -0.000005 0.000039 -0.000240 
0.000000 -0.000159 -0.000003 0.000033 -0.000008 -0.000276 
-0.000002 -0.000095 0.000007 0.000001 0.000001 -0.000156 
-0.000013 -0.000032 -0.000000 0.000000 0.000000 -0.000030 
-0.000004 -0.000003 -0.000000 -0.000014 -0.000013 -0.000006 
-0.000016 0.000008 0.000005 0.000021 -0.000021 0.000060 
0.000017 -0.000042 -0.000003 0.000015 0.000031 -0.000108 
0.000014 -0.000105 -0.000002 -0.000005 0.000004 -0.000192 
0.000009 -0.000076 -0.000010 0.000018 0.000010 -0.000150 
0.000006 -0.000009 -0.000020 -0.000012 0.000041 -0.000024 
0.000003 -0.000004 -0.000033 0.000005 0.000041 0.000006 
0.000004 -0.000017 0.000005 0.000007 -0.000002 -0.000036 
-0.000008 0.000019 0.000007 0.000003 -0.000004 0.000060 
-0.000016 0.000029 0.000007 0.000030 -0.000011 0.000084 
-0.000001 -0.000010 0.000007 0.000020 -0.000006 -0.000012 
-0.000006 -0.000001 0.000005 -0.000003 -0.000029 0.000000 
0.000003 -0.000035 -0.000005 0.000008 0.000009 -0.000054 
0.000010 -0.000024 -0.000002 -0.000009 0.000024 -0.000060 
0.000005 -0.000011 -0.000015 -0.000010 0.000025 -0.000024 
0.000021 -0.000023 -0.000012 -0.000005 0.000021 -0.000084 
-0.000001 -0.000030 -0.000008 0.000012 0.000013 -0.000030 
0.000002 -0.000032 -0.000005 0.000020 -0.000005 -0.000054 
-0.000006 0.000029 -0.000000 -0.000012 0.000014 0.000066 
-0.000012 0.000028 0.000012 0.000015 -0.000026 0.000060 
-0.000011 0.000017 0.000005 0.000009 -0.000008 0.000054 
-0.000005 -0.000002 -0.000000 0.000000 0.000000 0.000006 
0.000001 -0.000002 0.000002 -0.000010 -0.000017 -0.000012 
0.000004 -0.000018 -0.000002 0.000010 0.000017 -0.000036 
0.000005 -0.000032 -0.000010 -0.000003 -0.000009 -0.000060 
0.000030 -0.000062 -0.000003 0.000006 0.000030 -0.000156 
0.000004 -0.000058 -0.000007 -0.000028 -0.000001 -0.000108 
-0.000005 -0.000062 -0.000005 0.000023 0.000022 -0.000090 
-0.000011 -0.000019 0.000002 0.000016 -0.000017 -0.000006 
-0.000003 0.000008 0.000010 -0.000004 0.000003 0.000012 
-0.000004 0.000006 -0.000001 0.000010 -0.000006 0.000024 
-0.000019 0.000029 0.000005 -0.000022 -0.000021 0.000084 
0.000008 0.000005 -0.000003 0.000027 0.000017 -0.000006 
-0.000001 0.000005 0.000003 -0.000013 -0.000005 -0.000000 
0.000007 -0.000012 -0.000011 0.000008 0.000027 -0.000018 
0.000014 -0.000031 -0.000012 0.000001 0.000018 -0.000072 
0.000003 -0.000002 -0.000002 -0.000012 -0.000002 -0.000012 
0.000004 -0.000002 -0.000005 -0.000009 0.000008 -0.000018 
-0.000008 0.000012 0.000007 0.000013 -0.000012 0.000042 
0.000002 0.000041 0.000003 0.000003 0.000002 0.000066 
-0.000006 0.000062 0.000002 0.000006 -0.000010 0.000126 
-0.000015 0.000051 0.000005 0.000009 -0.000008 0.000102 
0.000002 0.000033 -0.000005 -0.000009 0.000008 0.000054 
-0.000001 -0.000001 0.000005 0.000009 -0.000008 0.000012 
0.000007 -0.000026 0.000000 0.000007 0.000006 -0.000054 
0.000004 -0.000009 -0.000015 0.000000 0.000019 -0.000030 
0.000005 -0.000010 0.000001 -0.000017 -0.000001 -0.000018 
0.000005 -0.000005 0.000000 -0.000000 -0.000000 -0.000018 
0.000001 -0.000019 -0.000005 0.000008 0.000009 -0.000030 
-0.000001 0.000001 0.000005 -0.000008 -0.000009 -0.000012 
-0.000003 0.000021 -0.000000 0.000000 0.000000 0.000054 
-0.000007 0.000020 0.000005 0.000009 -0.000008 0.000048 
-0.000001 0.000008 -0.000005 -0.000006 -0.000004 0.000000 
0.000002 -0.000007 0.000001 -0.000003 0.000012 -0.000000 
0.000000 0.000001 -0.000001 0.000017 0.000001 -0.000006 
0.000000 0.000004 -0.000000 0.000000 -0.000000 0.000018 
-0.000000 -0.000021 0.000000 -0.000000 0.000000 -0.000048 
-0.000001 0.000004 -0.000005 -0.000023 -0.000005 0.000012 
0.000009 -0.000021 0.000000 -0.000000 -0.000000 -0.000066 
-0.000001 -0.000001 -0.000001 0.000031 0.000013 0.000012 
0.000004 -0.000012 0.000000 0.000007 0.000006 -0.000012 
-0.000009 0.000031 -0.000000 -0.000015 0.000003 0.000066 
-0.000003 0.000001 0.000000 -0.000007 -0.000022 0.000000 
0.000006 0.000004 0.000000 0.000022 0.000019 0.000006 
-0.000003 0.000020 -0.000000 -0.000015 0.000003 0.000048 
-0.000001 -0.000005 0.000000 0.000008 -0.000009 -0.000018 
0.000009 -0.000014 0.000000 -0.000001 0.000015 -0.000048 
-0.000004 -0.000002 -0.000000 -0.000007 -0.000006 0.000000 
0.000001 -0.000009 0.000000 -0.000000 -0.000000 -0.000018 
-0.000001 -0.000005 0.000005 0.000009 -0.000008 0.000006 
0.000004 0.000001 -0.000010 -0.000018 0.000016 -0.000006 
0.000000 0.000000 0.000000 0.000000 0.000000 0.000000 
-0.000004 0.000006 0.000002 0.000006 -0.000025 0.000012 
0.000000 -0.000001 -0.000000 0.000007 0.000022 0.000006 
-0.000002 0.000010 0.000003 0.000004 -0.000013 0.000018 
