0.595404 -0.406591 0.488898 1.571546 -0.000160 -3.140106 
0.595404 -0.406591 0.488898 1.571547 -0.000160 -3.140105 
0.595404 -0.406591 0.488898 1.571547 -0.000160 -3.140106 
0.595404 -0.406591 0.488898 1.571547 -0.000160 -3.140106 
0.595404 -0.406591 0.488898 1.571547 -0.000160 -3.140106 
0.595404 -0.406591 0.488898 1.571546 -0.000160 -3.140106 
0.595404 -0.406591 0.488898 1.571546 -0.000160 -3.140106 
0.595404 -0.406591 0.488898 1.571546 -0.000160 -3.140106 
0.595404 -0.406591 0.488898 1.571547 -0.000160 -3.140105 
0.595404 -0.406591 0.488898 1.571546 -0.000160 -3.140105 
0.595404 -0.406591 0.488898 1.571547 -0.000160 -3.140106 
0.595404 -0.406591 0.488898 1.571546 -0.000160 -3.140105 
0.595404 -0.406591 0.488898 1.571546 -0.000160 -3.140105 
0.595404 -0.406591 0.488898 1.571547 -0.000160 -3.140105 
0.595404 -0.406591 0.488898 1.571547 -0.000160 -3.140106 
0.595404 -0.406591 0.488898 1.571547 -0.000160 -3.140106 
0.595404 -0.406591 0.488898 1.571547 -0.000160 -3.140106 
0.595404 -0.406591 0.488898 1.571546 -0.000160 -3.140106 
0.595404 -0.406591 0.488898 1.571546 -0.000160 -3.140105 
0.595404 -0.406591 0.488898 1.571547 -0.000160 -3.140105 
0.595404 -0.406591 0.488898 1.571547 -0.000160 -3.140106 
0.595404 -0.406591 0.488898 1.571546 -0.000160 -3.140106 
0.595404 -0.406591 0.488898 1.571547 -0.000160 -3.140105 
0.595404 -0.406591 0.488898 1.571546 -0.000160 -3.140106 
0.595404 -0.406591 0.488898 1.571546 -0.000160 -3.140106 
0.595404 -0.406591 0.488898 1.571547 -0.000160 -3.140106 
0.595404 -0.406591 0.488898 1.571546 -0.000160 -3.140106 
0.595404 -0.406591 0.488898 1.571547 -0.000160 -3.140106 
0.595404 -0.406591 0.488898 1.571547 -0.000160 -3.140106 
0.595404 -0.406591 0.488898 1.571546 -0.000160 -3.140105 
0.595404 -0.406591 0.488898 1.571547 -0.000160 -3.140105 
0.595404 -0.406591 0.488898 1.571547 -0.000160 -3.140106 
0.595404 -0.406591 0.488898 1.571547 -0.000160 -3.140106 
0.595404 -0.406591 0.488898 1.571547 -0.000160 -3.140106 
0.595404 -0.406591 0.488898 1.571547 -0.000160 -3.140106 
0.595404 -0.406591 0.488898 1.571546 -0.000160 -3.140106 
0.595404 -0.406591 0.488898 1.571547 -0.000160 -3.140106 
0.595404 -0.406591 0.488898 1.571547 -0.000160 -3.140106 
0.595404 -0.406591 0.488898 1.571546 -0.000160 -3.140106 
0.595404 -0.406591 0.488898 1.571547 -0.000160 -3.140106 
0.595404 -0.406591 0.488898 1.571546 -0.000160 -3.140106 
0.595404 -0.406591 0.488898 1.571546 -0.000160 -3.140106 
0.595404 -0.406591 0.488898 1.571546 -0.000160 -3.140106 
0.595404 -0.406591 0.488898 1.571546 -0.000160 -3.140106 
0.595404 -0.406591 0.488898 1.571547 -0.000160 -3.140106 
0.595404 -0.406591 0.488898 1.571547 -0.000160 -3.140106 
0.595404 -0.406591 0.488898 1.571546 -0.000160 -3.140106 
0.595404 -0.406591 0.488898 1.571547 -0.000160 -3.140106 
0.595404 -0.406591 0.488898 1.571546 -0.000160 -3.140106 
0.595404 -0.406591 0.488898 1.571546 -0.000161 -3.140106 
0.595404 -0.406591 0.488898 1.571547 -0.000160 -3.140105 
0.595404 -0.406591 0.488898 1.571547 -0.000160 -3.140106 
0.595404 -0.406591 0.488898 1.571546 -0.000160 -3.140106 
0.595404 -0.406591 0.488898 1.571547 -0.000161 -3.140106 
0.595404 -0.406591 0.488898 1.571546 -0.000161 -3.140106 
0.595404 -0.406591 0.488898 1.571547 -0.000161 -3.140106 
0.595404 -0.406591 0.488898 1.571547 -0.000161 -3.140106 
0.595404 -0.406591 0.488898 1.571546 -0.000160 -3.140106 
0.595404 -0.406591 0.488898 1.571547 -0.000160 -3.140106 
0.595404 -0.406591 0.488898 1.571546 -0.000161 -3.140106 
0.595404 -0.406591 0.488898 1.571547 -0.000160 -3.140106 
0.595404 -0.406591 0.488898 1.571547 -0.000161 -3.140106 
0.595404 -0.406591 0.488898 1.571546 -0.000161 -3.140106 
0.595404 -0.406591 0.488898 1.571547 -0.000161 -3.140106 
0.595404 -0.406591 0.488898 1.571546 -0.000161 -3.140106 
0.595404 -0.406591 0.488898 1.571546 -0.000160 -3.140106 
0.595404 -0.406591 0.488898 1.571547 -0.000161 -3.140106 
0.595404 -0.406591 0.488898 1.571547 -0.000161 -3.140106 
0.595404 -0.406591 0.488898 1.571547 -0.000161 -3.140106 
0.595404 -0.406591 0.488898 1.571546 -0.000161 -3.140106 
0.595404 -0.406591 0.488898 1.571546 -0.000160 -3.140106 
0.595404 -0.406591 0.488898 1.571546 -0.000160 -3.140106 
0.595404 -0.406591 0.488898 1.571546 -0.000161 -3.140106 
0.595404 -0.406591 0.488898 1.571546 -0.000161 -3.140106 
0.595404 -0.406591 0.488898 1.571546 -0.000161 -3.140106 
0.595404 -0.406591 0.488898 1.571546 -0.000161 -3.140106 
0.595404 -0.406591 0.488898 1.571547 -0.000161 -3.140106 
0.595404 -0.406591 0.488898 1.571547 -0.000161 -3.140106 
0.595404 -0.406591 0.488898 1.571547 -0.000160 -3.140106 
0.595404 -0.406591 0.488898 1.571547 -0.000160 -3.140106 
0.595404 -0.406591 0.488898 1.571546 -0.000160 -3.140106 
0.595404 -0.406591 0.488898 1.571547 -0.000161 -3.140106 
0.595404 -0.406591 0.488898 1.571546 -0.000160 -3.140106 
0.595404 -0.406591 0.488898 1.571546 -0.000160 -3.140106 
0.595404 -0.406591 0.488898 1.571547 -0.000161 -3.140106 
0.595404 -0.406591 0.488898 1.571547 -0.000160 -3.140106 
0.595404 -0.406591 0.488898 1.571547 -0.000160 -3.140106 
0.595404 -0.406591 0.488898 1.571547 -0.000161 -3.140106 
0.595404 -0.406591 0.488898 1.571546 -0.000161 -3.140106 
0.595404 -0.406591 0.488898 1.571546 -0.000161 -3.140106 
0.595404 -0.406591 0.488898 1.571547 -0.000161 -3.140106 
0.595404 -0.406591 0.488898 1.571547 -0.000161 -3.140106 
0.595404 -0.406591 0.488898 1.571547 -0.000161 -3.140106 
0.595404 -0.406591 0.488898 1.571546 -0.000161 -3.140106 
0.595404 -0.406591 0.488898 1.571546 -0.000161 -3.140106 
0.595404 -0.406591 0.488898 1.571546 -0.000161 -3.140106 
0.595404 -0.406591 0.488898 1.571546 -0.000161 -3.140106 
0.595404 -0.406591 0.488898 1.571547 -0.000160 -3.140106 
0.595404 -0.406591 0.488898 1.571546 -0.000161 -3.140106 
0.595404 -0.406591 0.488898 1.571546 -0.000160 -3.140106 
0.595404 -0.406591 0.488898 1.571547 -0.000161 -3.140106 
0.595404 -0.406591 0.488898 1.571547 -0.000161 -3.140106 
0.595404 -0.406591 0.488898 1.571547 -0.000160 -3.140106 
0.595404 -0.406591 0.488898 1.571546 -0.000160 -3.140106 
0.595404 -0.406591 0.488898 1.571546 -0.000160 -3.140106 
0.595404 -0.406591 0.488898 1.571546 -0.000161 -3.140106 
0.595404 -0.406591 0.488898 1.571546 -0.000161 -3.140106 
0.595404 -0.406591 0.488898 1.571546 -0.000160 -3.140106 
0.595404 -0.406591 0.488898 1.571546 -0.000160 -3.140106 
0.595404 -0.406591 0.488898 1.571546 -0.000161 -3.140106 
0.595404 -0.406591 0.488898 1.571547 -0.000161 -3.140106 
0.595404 -0.406591 0.488898 1.571546 -0.000160 -3.140106 
0.595404 -0.406591 0.488898 1.571547 -0.000161 -3.140106 
0.595404 -0.406591 0.488898 1.571546 -0.000161 -3.140106 
0.595404 -0.406591 0.488898 1.571547 -0.000161 -3.140106 
0.595404 -0.406591 0.488898 1.571547 -0.000161 -3.140106 
0.595404 -0.406591 0.488898 1.571546 -0.000161 -3.140106 
0.595404 -0.406591 0.488898 1.571547 -0.000161 -3.140106 
0.595404 -0.406591 0.488898 1.571546 -0.000161 -3.140106 
0.595404 -0.406591 0.488898 1.571546 -0.000161 -3.140106 
0.595404 -0.406591 0.488898 1.571547 -0.000161 -3.140106 
0.595404 -0.406591 0.488898 1.571546 -0.000161 -3.140106 
0.595404 -0.406591 0.488898 1.571547 -0.000161 -3.140106 
0.595404 -0.406591 0.488898 1.571547 -0.000161 -3.140106 
0.595404 -0.406591 0.488898 1.571546 -0.000161 -3.140106 
0.595404 -0.406591 0.488898 1.571546 -0.000161 -3.140106 
0.595404 -0.406591 0.488898 1.571546 -0.000161 -3.140106 
0.595404 -0.406591 0.488898 1.571547 -0.000160 -3.140106 
0.595404 -0.406591 0.488898 1.571546 -0.000161 -3.140106 
0.595404 -0.406591 0.488898 1.571546 -0.000161 -3.140106 
0.595404 -0.406591 0.488898 1.571547 -0.000160 -3.140106 
0.595404 -0.406591 0.488898 1.571546 -0.000161 -3.140106 
0.595404 -0.406591 0.488898 1.571546 -0.000161 -3.140106 
0.595404 -0.406591 0.488898 1.571546 -0.000161 -3.140106 
0.595404 -0.406591 0.488898 1.571547 -0.000161 -3.140106 
0.595404 -0.406591 0.488898 1.571546 -0.000161 -3.140106 
0.595404 -0.406591 0.488898 1.571546 -0.000161 -3.140106 
0.595404 -0.406591 0.488898 1.571546 -0.000161 -3.140106 
0.595404 -0.406591 0.488898 1.571546 -0.000161 -3.140106 
0.595404 -0.406591 0.488898 1.571546 -0.000161 -3.140106 
0.595404 -0.406591 0.488898 1.571546 -0.000161 -3.140106 
0.595404 -0.406591 0.488898 1.571547 -0.000161 -3.140106 
0.595404 -0.406591 0.488898 1.571546 -0.000161 -3.140106 
0.595404 -0.406591 0.488898 1.571546 -0.000161 -3.140106 
0.595404 -0.406591 0.488898 1.571546 -0.000161 -3.140106 
0.595404 -0.406591 0.488898 1.571546 -0.000161 -3.140106 
0.595404 -0.406591 0.488898 1.571546 -0.000161 -3.140106 
0.595404 -0.406591 0.488898 1.571547 -0.000161 -3.140106 
0.595404 -0.406591 0.488898 1.571547 -0.000161 -3.140106 
0.595404 -0.406591 0.488898 1.571547 -0.000161 -3.140106 
0.595404 -0.406591 0.488898 1.571546 -0.000161 -3.140106 
0.595404 -0.406591 0.488898 1.571546 -0.000161 -3.140106 
0.595404 -0.406591 0.488898 1.571546 -0.000161 -3.140106 
0.595404 -0.406591 0.488898 1.571546 -0.000161 -3.140106 
0.595404 -0.406591 0.488898 1.571546 -0.000161 -3.140106 
0.595404 -0.406591 0.488898 1.571547 -0.000161 -3.140106 
0.595404 -0.406591 0.488898 1.571547 -0.000161 -3.140106 
0.595404 -0.406591 0.488898 1.571547 -0.000161 -3.140106 
0.595404 -0.406591 0.488898 1.571547 -0.000161 -3.140106 
0.595404 -0.406591 0.488898 1.571547 -0.000161 -3.140106 
0.595404 -0.406591 0.488898 1.571547 -0.000161 -3.140106 
0.595404 -0.406591 0.488898 1.571547 -0.000161 -3.140106 
0.595404 -0.406591 0.488898 1.571546 -0.000161 -3.140106 
0.595404 -0.406591 0.488898 1.571546 -0.000161 -3.140106 
0.595404 -0.406591 0.488898 1.571546 -0.000161 -3.140106 
0.595404 -0.406591 0.488898 1.571546 -0.000161 -3.140106 
0.595404 -0.406591 0.488898 1.571546 -0.000161 -3.140106 
0.595404 -0.406591 0.488898 1.571547 -0.000161 -3.140106 
0.595404 -0.406591 0.488898 1.571547 -0.000161 -3.140106 
0.595404 -0.406591 0.488898 1.571546 -0.000161 -3.140106 
0.595404 -0.406591 0.488898 1.571546 -0.000161 -3.140106 
0.595404 -0.406591 0.488898 1.571547 -0.000161 -3.140106 
0.595404 -0.406591 0.488898 1.571547 -0.000161 -3.140106 
0.595404 -0.406591 0.488898 1.571547 -0.000161 -3.140106 
0.595404 -0.406591 0.488898 1.571547 -0.000161 -3.140106 
0.595404 -0.406591 0.488898 1.571546 -0.000161 -3.140106 
0.595404 -0.406591 0.488898 1.571547 -0.000161 -3.140106 
0.595404 -0.406591 0.488898 1.571546 -0.000161 -3.140106 
0.595404 -0.406591 0.488898 1.571546 -0.000161 -3.140106 
0.595404 -0.406591 0.488898 1.571546 -0.000161 -3.140106 
0.595404 -0.406591 0.488898 1.571546 -0.000161 -3.140106 
0.595404 -0.406591 0.488898 1.571547 -0.000161 -3.140106 
0.595404 -0.406591 0.488898 1.571547 -0.000161 -3.140106 
0.595404 -0.406591 0.488898 1.571547 -0.000161 -3.140106 
0.595404 -0.406591 0.488898 1.571547 -0.000161 -3.140106 
0.595404 -0.406591 0.488898 1.571546 -0.000161 -3.140106 
0.595404 -0.406591 0.488898 1.571546 -0.000161 -3.140106 
0.595404 -0.406591 0.488898 1.571546 -0.000161 -3.140106 
0.595404 -0.406591 0.488898 1.571546 -0.000161 -3.140106 
0.595404 -0.406591 0.488898 1.571546 -0.000161 -3.140106 
0.595404 -0.406591 0.488898 1.571546 -0.000161 -3.140106 
0.595404 -0.406591 0.488898 1.571547 -0.000161 -3.140106 
0.595404 -0.406591 0.488898 1.571546 -0.000161 -3.140106 
0.595404 -0.406591 0.488898 1.571546 -0.000161 -3.140106 
0.595404 -0.406591 0.488898 1.571547 -0.000161 -3.140106 
0.595404 -0.406591 0.488898 1.571546 -0.000161 -3.140106 
0.595404 -0.406591 0.488898 1.571547 -0.000161 -3.140106 
0.595404 -0.406591 0.488898 1.571547 -0.000161 -3.140106 
0.595404 -0.406591 0.488898 1.571546 -0.000161 -3.140106 
0.595404 -0.406591 0.488898 1.571546 -0.000161 -3.140106 
0.595404 -0.406591 0.488898 1.571546 -0.000161 -3.140106 
0.595398 -0.406569 0.488859 1.571568 -0.000264 -3.140080 
0.595466 -0.406491 0.488540 1.571623 -0.000684 -3.140615 
0.595628 -0.406397 0.487904 1.571727 -0.000979 -3.141580 
0.595725 -0.406346 0.487275 1.571761 -0.001186 3.141010 
0.595713 -0.406314 0.486725 1.571799 -0.001259 3.141079 
0.595632 -0.406283 0.486354 1.571827 -0.001270 -3.141467 
0.595530 -0.406259 0.486128 1.571880 -0.001134 -3.140567 
0.595428 -0.406260 0.485999 1.571911 -0.000888 -3.139691 
0.595370 -0.406283 0.486049 1.571913 -0.000636 -3.139159 
0.595335 -0.406309 0.486237 1.571940 -0.000317 -3.138800 
0.595292 -0.406380 0.486504 1.571915 0.000065 -3.138530 
0.595261 -0.406436 0.486854 1.571906 0.000402 -3.138338 
0.595247 -0.406508 0.487289 1.571853 0.000677 -3.138340 
0.595286 -0.406582 0.487743 1.571770 0.000832 -3.138741 
0.595361 -0.406618 0.488152 1.571720 0.000875 -3.139309 
0.595421 -0.406643 0.488500 1.571659 0.000785 -3.139834 
0.595473 -0.406637 0.488809 1.571610 0.000568 -3.140272 
0.595521 -0.406607 0.489038 1.571602 0.000301 -3.140616 
0.595520 -0.406581 0.489217 1.571592 0.000074 -3.140646 
0.595477 -0.406570 0.489313 1.571554 -0.000144 -3.140465 
0.595441 -0.406561 0.489376 1.571529 -0.000314 -3.140315 
0.595404 -0.406559 0.489399 1.571510 -0.000406 -3.140133 
0.595367 -0.406570 0.489379 1.571478 -0.000442 -3.139958 
0.595371 -0.406564 0.489325 1.571478 -0.000480 -3.139980 
0.595392 -0.406546 0.489241 1.571491 -0.000561 -3.140103 
0.595408 -0.406530 0.489131 1.571493 -0.000650 -3.140201 
0.595425 -0.406521 0.489005 1.571494 -0.000705 -3.140318 
0.595438 -0.406519 0.488906 1.571493 -0.000717 -3.140411 
0.595440 -0.406526 0.488837 1.571491 -0.000694 -3.140447 
0.595424 -0.406541 0.488780 1.571482 -0.000631 -3.140372 
0.595399 -0.406556 0.488730 1.571475 -0.000549 -3.140222 
0.595386 -0.406564 0.488703 1.571478 -0.000487 -3.140135 
0.595384 -0.406567 0.488694 1.571487 -0.000428 -3.140092 
0.595390 -0.406560 0.488694 1.571510 -0.000392 -3.140079 
0.595397 -0.406551 0.488695 1.571524 -0.000388 -3.140076 
0.595396 -0.406549 0.488700 1.571526 -0.000389 -3.140067 
0.595391 -0.406551 0.488715 1.571530 -0.000377 -3.140039 
0.595380 -0.406559 0.488745 1.571521 -0.000340 -3.139971 
0.595366 -0.406571 0.488779 1.571513 -0.000293 -3.139900 
0.595359 -0.406579 0.488806 1.571510 -0.000250 -3.139856 
0.595354 -0.406582 0.488824 1.571515 -0.000219 -3.139811 
0.595351 -0.406583 0.488837 1.571517 -0.000200 -3.139784 
0.595357 -0.406581 0.488843 1.571522 -0.000190 -3.139808 
0.595361 -0.406576 0.488845 1.571534 -0.000186 -3.139808 
0.595365 -0.406569 0.488845 1.571542 -0.000192 -3.139810 
0.595364 -0.406570 0.488846 1.571539 -0.000201 -3.139814 
0.595366 -0.406572 0.488846 1.571533 -0.000209 -3.139838 
0.595370 -0.406574 0.488845 1.571532 -0.000206 -3.139872 
0.595377 -0.406574 0.488845 1.571532 -0.000200 -3.139915 
0.595387 -0.406573 0.488844 1.571534 -0.000198 -3.139969 
0.595395 -0.406570 0.488843 1.571539 -0.000196 -3.140013 
0.595399 -0.406568 0.488843 1.571544 -0.000196 -3.140024 
0.595399 -0.406568 0.488843 1.571543 -0.000196 -3.140024 
0.595398 -0.406569 0.488843 1.571542 -0.000196 -3.140025 
0.595397 -0.406570 0.488844 1.571540 -0.000197 -3.140024 
0.595396 -0.406570 0.488847 1.571539 -0.000201 -3.140019 
0.595396 -0.406569 0.488851 1.571539 -0.000207 -3.140016 
0.595396 -0.406568 0.488854 1.571539 -0.000211 -3.140014 
0.595396 -0.406568 0.488855 1.571540 -0.000211 -3.140014 
0.595396 -0.406567 0.488855 1.571541 -0.000211 -3.140014 
0.595396 -0.406568 0.488855 1.571539 -0.000212 -3.140013 
0.595395 -0.406568 0.488857 1.571538 -0.000214 -3.140012 
0.595394 -0.406569 0.488858 1.571538 -0.000216 -3.140011 
0.595394 -0.406569 0.488860 1.571537 -0.000217 -3.140010 
0.595394 -0.406568 0.488862 1.571537 -0.000220 -3.140009 
0.595394 -0.406567 0.488864 1.571539 -0.000222 -3.140008 
0.595395 -0.406566 0.488865 1.571540 -0.000224 -3.140006 
0.595395 -0.406565 0.488867 1.571540 -0.000226 -3.140006 
0.595395 -0.406565 0.488868 1.571540 -0.000227 -3.140006 
0.595395 -0.406565 0.488869 1.571541 -0.000228 -3.140005 
0.595395 -0.406565 0.488869 1.571540 -0.000229 -3.140005 
0.595394 -0.406566 0.488870 1.571538 -0.000231 -3.140004 
0.595394 -0.406565 0.488872 1.571539 -0.000232 -3.140003 
0.595394 -0.406565 0.488873 1.571539 -0.000234 -3.140002 
0.595393 -0.406565 0.488875 1.571538 -0.000236 -3.140001 
0.595393 -0.406566 0.488876 1.571537 -0.000238 -3.140001 
0.595393 -0.406565 0.488877 1.571537 -0.000239 -3.140002 
0.595394 -0.406564 0.488877 1.571539 -0.000239 -3.140002 
0.595394 -0.406564 0.488876 1.571539 -0.000241 -3.140006 
0.595395 -0.406564 0.488875 1.571539 -0.000241 -3.140009 
0.595395 -0.406563 0.488875 1.571540 -0.000241 -3.140009 
0.595395 -0.406564 0.488876 1.571539 -0.000242 -3.140009 
0.595394 -0.406564 0.488877 1.571538 -0.000244 -3.140008 
0.595394 -0.406564 0.488878 1.571538 -0.000245 -3.140007 
0.595394 -0.406564 0.488878 1.571537 -0.000246 -3.140009 
0.595394 -0.406564 0.488877 1.571537 -0.000246 -3.140010 
0.595395 -0.406564 0.488876 1.571537 -0.000247 -3.140013 
0.595395 -0.406564 0.488876 1.571537 -0.000248 -3.140014 
0.595395 -0.406564 0.488875 1.571537 -0.000249 -3.140016 
0.595396 -0.406563 0.488874 1.571538 -0.000251 -3.140018 
0.595396 -0.406563 0.488874 1.571538 -0.000251 -3.140019 
0.595396 -0.406563 0.488874 1.571538 -0.000251 -3.140019 
0.595396 -0.406563 0.488875 1.571538 -0.000251 -3.140019 
0.595396 -0.406563 0.488875 1.571538 -0.000251 -3.140019 
0.595396 -0.406563 0.488875 1.571537 -0.000252 -3.140019 
0.595395 -0.406564 0.488875 1.571537 -0.000252 -3.140019 
0.595395 -0.406564 0.488875 1.571536 -0.000253 -3.140020 
0.595396 -0.406564 0.488875 1.571536 -0.000253 -3.140021 
0.595396 -0.406564 0.488874 1.571536 -0.000254 -3.140021 
0.595396 -0.406563 0.488874 1.571536 -0.000254 -3.140023 
0.595396 -0.406563 0.488874 1.571537 -0.000255 -3.140024 
0.595397 -0.406562 0.488874 1.571539 -0.000255 -3.140024 
0.595397 -0.406562 0.488874 1.571539 -0.000255 -3.140024 
0.595397 -0.406562 0.488875 1.571538 -0.000256 -3.140023 
0.595396 -0.406562 0.488875 1.571537 -0.000257 -3.140022 
0.595396 -0.406562 0.488876 1.571538 -0.000257 -3.140022 
0.595396 -0.406563 0.488876 1.571536 -0.000258 -3.140022 
0.595396 -0.406563 0.488876 1.571536 -0.000258 -3.140022 
0.595396 -0.406563 0.488876 1.571536 -0.000258 -3.140022 
0.595396 -0.406563 0.488876 1.571536 -0.000259 -3.140023 
0.595396 -0.406563 0.488875 1.571536 -0.000259 -3.140024 
0.595397 -0.406562 0.488875 1.571538 -0.000259 -3.140024 
0.595397 -0.406562 0.488875 1.571538 -0.000259 -3.140024 
0.595397 -0.406562 0.488876 1.571538 -0.000259 -3.140024 
0.595396 -0.406562 0.488876 1.571537 -0.000260 -3.140023 
0.595396 -0.406562 0.488877 1.571537 -0.000261 -3.140023 
0.595396 -0.406563 0.488877 1.571536 -0.000261 -3.140023 
0.595396 -0.406563 0.488877 1.571536 -0.000262 -3.140023 
0.595396 -0.406563 0.488877 1.571536 -0.000262 -3.140024 
0.595396 -0.406562 0.488876 1.571536 -0.000263 -3.140025 
0.595396 -0.406562 0.488876 1.571536 -0.000264 -3.140027 
0.595397 -0.406562 0.488875 1.571537 -0.000265 -3.140028 
0.595397 -0.406562 0.488875 1.571537 -0.000265 -3.140029 
0.595397 -0.406561 0.488875 1.571537 -0.000265 -3.140029 
0.595397 -0.406561 0.488876 1.571537 -0.000265 -3.140028 
0.595397 -0.406561 0.488876 1.571537 -0.000266 -3.140028 
0.595397 -0.406562 0.488876 1.571536 -0.000266 -3.140028 
0.595396 -0.406562 0.488876 1.571536 -0.000266 -3.140028 
0.595396 -0.406562 0.488876 1.571536 -0.000267 -3.140028 
0.595396 -0.406562 0.488876 1.571536 -0.000267 -3.140028 
0.595397 -0.406562 0.488876 1.571535 -0.000267 -3.140029 
0.595397 -0.406562 0.488876 1.571536 -0.000267 -3.140029 
0.595397 -0.406562 0.488876 1.571536 -0.000267 -3.140030 
0.595397 -0.406561 0.488876 1.571537 -0.000267 -3.140030 
0.595397 -0.406561 0.488876 1.571537 -0.000268 -3.140030 
0.595397 -0.406561 0.488876 1.571537 -0.000268 -3.140030 
0.595397 -0.406561 0.488876 1.571536 -0.000268 -3.140029 
0.595397 -0.406561 0.488876 1.571536 -0.000268 -3.140029 
0.595397 -0.406561 0.488877 1.571536 -0.000269 -3.140029 
0.595395 -0.406562 0.488853 1.571569 -0.000233 -3.140013 
0.595398 -0.406564 0.488817 1.571593 -0.000178 -3.140020 
0.595413 -0.406576 0.488708 1.571617 -0.000028 -3.140098 
0.595440 -0.406571 0.488581 1.571675 0.000147 -3.140188 
0.595497 -0.406503 0.488462 1.571824 0.000303 -3.140275 
0.595596 -0.406352 0.488338 1.571932 0.000469 -3.140368 
0.595761 -0.406040 0.488206 1.571890 0.000649 -3.140468 
0.596009 -0.405485 0.488079 1.571848 0.000825 -3.140564 
0.596320 -0.404728 0.487957 1.571616 0.001000 -3.140655 
0.596698 -0.403740 0.487862 1.571221 0.001146 -3.140725 
0.597167 -0.402467 0.487801 1.570790 0.001248 -3.140765 
0.597745 -0.400872 0.487768 1.570391 0.001326 -3.140782 
0.598425 -0.398957 0.487771 1.570082 0.001364 -3.140762 
0.599220 -0.396703 0.487799 1.569821 0.001379 -3.140718 
0.600128 -0.394114 0.487868 1.569626 0.001354 -3.140643 
0.601139 -0.391180 0.487986 1.569488 0.001264 -3.140531 
0.602268 -0.387867 0.488123 1.569538 0.001160 -3.140410 
0.603510 -0.384182 0.488272 1.569740 0.001044 -3.140294 
0.604851 -0.380158 0.488427 1.569996 0.000933 -3.140159 
0.606260 -0.375849 0.488596 1.570173 0.000813 -3.140023 
0.607728 -0.371272 0.488751 1.570333 0.000733 -3.139995 
0.609255 -0.366403 0.488887 1.570478 0.000726 -3.140030 
0.610839 -0.361236 0.489046 1.570609 0.000712 -3.140073 
0.612453 -0.355741 0.489198 1.570820 0.000698 -3.140102 
0.614067 -0.350043 0.489327 1.570932 0.000722 -3.140147 
0.615629 -0.344279 0.489470 1.570838 0.000717 -3.140156 
0.617159 -0.338350 0.489597 1.570828 0.000728 -3.140194 
0.618664 -0.332271 0.489728 1.570852 0.000716 -3.140263 
0.620128 -0.326052 0.489859 1.571166 0.000653 -3.140303 
0.621516 -0.319853 0.489956 1.571494 0.000666 -3.140268 
0.622809 -0.313709 0.490067 1.571709 0.000669 -3.140172 
0.624055 -0.307485 0.490163 1.572144 0.000686 -3.140104 
0.625253 -0.301231 0.490255 1.572615 0.000687 -3.140066 
0.626357 -0.295036 0.490341 1.572978 0.000681 -3.140022 
0.627362 -0.289012 0.490422 1.573004 0.000720 -3.139981 
0.628282 -0.282996 0.490513 1.573030 0.000725 -3.139937 
0.629151 -0.276945 0.490597 1.573118 0.000734 -3.139911 
0.629936 -0.270940 0.490691 1.573108 0.000714 -3.139869 
0.630627 -0.265047 0.490763 1.572928 0.000744 -3.139855 
0.631255 -0.259245 0.490836 1.572529 0.000761 -3.139908 
0.631828 -0.253365 0.490926 1.572318 0.000729 -3.139983 
0.632347 -0.247421 0.490999 1.572246 0.000723 -3.140050 
0.632786 -0.241529 0.491084 1.572056 0.000698 -3.140101 
0.633152 -0.235703 0.491145 1.571805 0.000726 -3.140169 
0.633466 -0.229853 0.491218 1.571587 0.000719 -3.140248 
0.633724 -0.223901 0.491299 1.571558 0.000682 -3.140342 
0.633931 -0.217935 0.491371 1.571586 0.000663 -3.140446 
0.634042 -0.212057 0.491448 1.571461 0.000646 -3.140455 
0.634086 -0.206215 0.491500 1.571326 0.000695 -3.140436 
0.634078 -0.200307 0.491571 1.571292 0.000678 -3.140431 
0.634014 -0.194334 0.491627 1.571406 0.000630 -3.140449 
0.633886 -0.188431 0.491685 1.571401 0.000625 -3.140445 
0.633673 -0.182624 0.491761 1.571237 0.000624 -3.140403 
0.633409 -0.176802 0.491826 1.571147 0.000656 -3.140400 
0.633083 -0.170920 0.491908 1.571185 0.000632 -3.140407 
0.632696 -0.165041 0.491975 1.571252 0.000656 -3.140417 
0.632239 -0.159273 0.492043 1.571135 0.000725 -3.140398 
0.631710 -0.153542 0.492116 1.571018 0.000800 -3.140400 
0.631135 -0.147746 0.492179 1.571038 0.000838 -3.140494 
0.630482 -0.141897 0.492259 1.571188 0.000790 -3.140567 
0.629769 -0.136112 0.492320 1.571274 0.000783 -3.140638 
0.628990 -0.130435 0.492389 1.571169 0.000785 -3.140695 
0.628150 -0.124746 0.492461 1.571144 0.000770 -3.140767 
0.627262 -0.119013 0.492533 1.571221 0.000716 -3.140878 
0.626311 -0.113284 0.492617 1.571297 0.000610 -3.140969 
0.625307 -0.107671 0.492677 1.571208 0.000576 -3.141039 
0.624228 -0.102136 0.492744 1.571025 0.000596 -3.141000 
0.623090 -0.096539 0.492804 1.571005 0.000600 -3.140985 
0.621901 -0.090923 0.492870 1.571047 0.000576 -3.140982 
0.620646 -0.085378 0.492933 1.571012 0.000559 -3.140963 
0.619342 -0.079940 0.492975 1.570828 0.000596 -3.140971 
0.617955 -0.074480 0.493040 1.570766 0.000589 -3.140955 
0.616498 -0.068956 0.493095 1.570903 0.000569 -3.140982 
0.614985 -0.063514 0.493160 1.570935 0.000542 -3.140967 
0.613431 -0.058248 0.493217 1.570793 0.000529 -3.140960 
0.611900 -0.053194 0.493259 1.570587 0.000511 -3.141026 
0.610366 -0.048247 0.493321 1.570696 0.000419 -3.141101 
0.608848 -0.043452 0.493380 1.571056 0.000326 -3.141160 
0.607377 -0.038956 0.493443 1.571412 0.000255 -3.141159 
0.605974 -0.034812 0.493496 1.571652 0.000214 -3.141158 
0.604644 -0.030958 0.493543 1.571891 0.000167 -3.141184 
0.603383 -0.027357 0.493605 1.572153 0.000084 -3.141197 
0.602201 -0.024036 0.493648 1.572418 0.000026 -3.141229 
0.601100 -0.021017 0.493674 1.572630 -0.000020 -3.141272 
0.600101 -0.018346 0.493691 1.572677 -0.000040 -3.141326 
0.599205 -0.016015 0.493706 1.572576 -0.000054 -3.141389 
0.598409 -0.013994 0.493714 1.572377 -0.000070 -3.141473 
0.597708 -0.012257 0.493721 1.572109 -0.000107 -3.141558 
0.597100 -0.010790 0.493731 1.571848 -0.000152 3.141548 
0.596579 -0.009552 0.493737 1.571666 -0.000174 3.141521 
0.596146 -0.008553 0.493739 1.571531 -0.000160 3.141528 
0.595820 -0.007807 0.493738 1.571381 -0.000149 3.141529 
0.595602 -0.007323 0.493734 1.571212 -0.000136 3.141522 
0.595473 -0.007026 0.493727 1.571128 -0.000125 3.141510 
0.595409 -0.006863 0.493719 1.571213 -0.000110 3.141495 
0.595397 -0.006817 0.493705 1.571203 -0.000081 3.141469 
0.595411 -0.006844 0.493690 1.571083 -0.000054 3.141443 
0.595429 -0.006918 0.493679 1.570898 -0.000038 3.141424 
0.595448 -0.007031 0.493664 1.570669 -0.000012 3.141397 
0.595480 -0.007178 0.493645 1.570367 0.000022 3.141361 
0.595526 -0.007340 0.493621 1.570020 0.000061 3.141319 
0.595572 -0.007484 0.493608 1.569695 0.000084 3.141294 
0.595605 -0.007594 0.493603 1.569447 0.000097 3.141284 
0.595624 -0.007672 0.493603 1.569277 0.000104 3.141283 
0.595632 -0.007716 0.493604 1.569182 0.000102 3.141285 
0.595631 -0.007726 0.493607 1.569161 0.000099 3.141291 
0.595624 -0.007701 0.493610 1.569208 0.000095 3.141297 
0.595614 -0.007654 0.493609 1.569305 0.000091 3.141296 
0.595594 -0.007589 0.493612 1.569447 0.000088 3.141300 
0.595570 -0.007514 0.493617 1.569611 0.000080 3.141309 
0.595546 -0.007446 0.493627 1.569761 0.000067 3.141325 
0.595521 -0.007388 0.493645 1.569886 0.000043 3.141354 
0.595498 -0.007334 0.493669 1.569999 0.000007 3.141395 
0.595478 -0.007283 0.493692 1.570102 -0.000027 3.141432 
0.595461 -0.007237 0.493711 1.570193 -0.000056 3.141465 
0.595447 -0.007194 0.493726 1.570275 -0.000079 3.141490 
0.595437 -0.007157 0.493737 1.570346 -0.000095 3.141507 
0.595430 -0.007128 0.493745 1.570402 -0.000108 3.141520 
0.595426 -0.007106 0.493749 1.570441 -0.000115 3.141527 
0.595425 -0.007091 0.493749 1.570465 -0.000114 3.141528 
0.595425 -0.007080 0.493749 1.570489 -0.000114 3.141527 
0.595425 -0.007072 0.493747 1.570506 -0.000112 3.141523 
0.595424 -0.007064 0.493743 1.570522 -0.000106 3.141517 
0.595425 -0.007059 0.493738 1.570535 -0.000098 3.141509 
0.595425 -0.007055 0.493733 1.570545 -0.000090 3.141501 
0.595427 -0.007052 0.493725 1.570553 -0.000077 3.141488 
0.595429 -0.007048 0.493715 1.570566 -0.000062 3.141471 
0.595430 -0.007043 0.493706 1.570582 -0.000047 3.141455 
0.595432 -0.007041 0.493696 1.570589 -0.000033 3.141439 
0.595434 -0.007039 0.493688 1.570597 -0.000021 3.141425 
0.595436 -0.007034 0.493681 1.570607 -0.000010 3.141413 
0.595438 -0.007029 0.493674 1.570618 -0.000000 3.141403 
0.595439 -0.007024 0.493670 1.570628 0.000006 3.141396 
0.595440 -0.007020 0.493666 1.570636 0.000012 3.141389 
0.595440 -0.007015 0.493663 1.570646 0.000016 3.141385 
0.595440 -0.007008 0.493661 1.570659 0.000019 3.141382 
0.595440 -0.007003 0.493661 1.570671 0.000021 3.141381 
0.595439 -0.007000 0.493661 1.570676 0.000021 3.141380 
0.595438 -0.007000 0.493661 1.570678 0.000021 3.141380 
0.595438 -0.007000 0.493661 1.570678 0.000021 3.141381 
0.595438 -0.007001 0.493662 1.570676 0.000020 3.141382 
0.595437 -0.007005 0.493663 1.570669 0.000018 3.141384 
0.595437 -0.007011 0.493663 1.570660 0.000017 3.141385 
0.595437 -0.007015 0.493663 1.570652 0.000016 3.141385 
0.595437 -0.007016 0.493663 1.570650 0.000016 3.141385 
0.595437 -0.007017 0.493664 1.570650 0.000015 3.141386 
0.595436 -0.007018 0.493665 1.570648 0.000015 3.141387 
0.595436 -0.007019 0.493665 1.570646 0.000014 3.141388 
0.595436 -0.007019 0.493665 1.570647 0.000014 3.141388 
0.595435 -0.007019 0.493665 1.570648 0.000014 3.141388 
0.595435 -0.007019 0.493665 1.570647 0.000014 3.141389 
0.595435 -0.007021 0.493665 1.570645 0.000014 3.141388 
0.595435 -0.007022 0.493665 1.570642 0.000014 3.141388 
0.595435 -0.007023 0.493665 1.570642 0.000014 3.141388 
0.595435 -0.007023 0.493665 1.570642 0.000014 3.141388 
0.595435 -0.007023 0.493665 1.570642 0.000014 3.141388 
0.595435 -0.007023 0.493665 1.570642 0.000014 3.141388 
0.595435 -0.007022 0.493665 1.570643 0.000014 3.141388 
0.595434 -0.007021 0.493665 1.570646 0.000014 3.141388 
0.595434 -0.007020 0.493666 1.570648 0.000014 3.141389 
0.595434 -0.007021 0.493665 1.570648 0.000014 3.141389 
0.595434 -0.007021 0.493666 1.570647 0.000014 3.141388 
0.595433 -0.007021 0.493666 1.570646 0.000014 3.141389 
0.595434 -0.007022 0.493666 1.570645 0.000014 3.141388 
0.595434 -0.007024 0.493665 1.570642 0.000014 3.141388 
0.595434 -0.007026 0.493665 1.570639 0.000014 3.141388 
0.595434 -0.007026 0.493665 1.570639 0.000014 3.141388 
0.595433 -0.007025 0.493665 1.570641 0.000014 3.141388 
0.595433 -0.007023 0.493666 1.570644 0.000014 3.141388 
0.595433 -0.007021 0.493666 1.570648 0.000014 3.141389 
0.595433 -0.007020 0.493666 1.570649 0.000014 3.141389 
0.595433 -0.007019 0.493666 1.570651 0.000014 3.141389 
0.595433 -0.007019 0.493666 1.570652 0.000014 3.141389 
0.595433 -0.007019 0.493666 1.570652 0.000014 3.141388 
0.595433 -0.007019 0.493666 1.570651 0.000014 3.141388 
0.595433 -0.007020 0.493665 1.570651 0.000014 3.141388 
0.595433 -0.007019 0.493665 1.570651 0.000014 3.141388 
0.595433 -0.007019 0.493665 1.570652 0.000014 3.141388 
0.595433 -0.007018 0.493666 1.570653 0.000014 3.141389 
0.595433 -0.007018 0.493665 1.570654 0.000014 3.141388 
0.595432 -0.007018 0.493666 1.570655 0.000014 3.141389 
0.595432 -0.007017 0.493666 1.570656 0.000014 3.141388 
0.595432 -0.007017 0.493666 1.570656 0.000014 3.141389 
0.595432 -0.007017 0.493666 1.570656 0.000014 3.141389 
0.595432 -0.007018 0.493666 1.570655 0.000014 3.141388 
0.595432 -0.007018 0.493666 1.570655 0.000014 3.141388 
0.595432 -0.007018 0.493666 1.570655 0.000014 3.141388 
0.595432 -0.007018 0.493665 1.570655 0.000014 3.141388 
0.595432 -0.007018 0.493666 1.570655 0.000014 3.141389 
0.595432 -0.007017 0.493666 1.570656 0.000013 3.141388 
0.595432 -0.007017 0.493666 1.570657 0.000014 3.141388 
0.595432 -0.007016 0.493666 1.570658 0.000014 3.141389 
0.595432 -0.007016 0.493666 1.570658 0.000014 3.141389 
0.595432 -0.007016 0.493666 1.570658 0.000014 3.141388 
0.595432 -0.007016 0.493666 1.570659 0.000014 3.141389 
0.595432 -0.007016 0.493666 1.570658 0.000014 3.141389 
0.595432 -0.007017 0.493666 1.570657 0.000013 3.141389 
0.595432 -0.007017 0.493666 1.570657 0.000014 3.141388 
0.595432 -0.007017 0.493666 1.570657 0.000014 3.141389 
0.595432 -0.007017 0.493666 1.570657 0.000014 3.141388 
0.595432 -0.007016 0.493666 1.570658 0.000014 3.141388 
0.595432 -0.007016 0.493666 1.570658 0.000014 3.141389 
0.595432 -0.007016 0.493666 1.570659 0.000014 3.141389 
0.595431 -0.007016 0.493666 1.570660 0.000014 3.141389 
0.595431 -0.007016 0.493666 1.570660 0.000014 3.141388 
0.595431 -0.007016 0.493666 1.570660 0.000014 3.141388 
0.595431 -0.007016 0.493666 1.570659 0.000014 3.141389 
0.595432 -0.007016 0.493666 1.570659 0.000014 3.141388 
0.595431 -0.007017 0.493666 1.570658 0.000014 3.141389 
0.595432 -0.007016 0.493666 1.570659 0.000014 3.141388 
0.595431 -0.007016 0.493666 1.570659 0.000014 3.141388 
0.595431 -0.007016 0.493666 1.570659 0.000014 3.141388 
0.595431 -0.007016 0.493666 1.570660 0.000014 3.141388 
0.595431 -0.007015 0.493666 1.570661 0.000014 3.141389 
0.595431 -0.007015 0.493666 1.570661 0.000014 3.141389 
0.595431 -0.007015 0.493666 1.570661 0.000014 3.141389 
0.595431 -0.007016 0.493666 1.570661 0.000014 3.141389 
0.595431 -0.007016 0.493666 1.570660 0.000014 3.141388 
0.595431 -0.007016 0.493666 1.570660 0.000014 3.141388 
0.595431 -0.007016 0.493666 1.570660 0.000014 3.141388 
0.595431 -0.007016 0.493666 1.570660 0.000014 3.141389 
0.595431 -0.007016 0.493666 1.570660 0.000014 3.141388 
0.595431 -0.007016 0.493666 1.570660 0.000013 3.141388 
0.595431 -0.007015 0.493666 1.570661 0.000014 3.141389 
0.595431 -0.007015 0.493666 1.570661 0.000014 3.141389 
0.595431 -0.007015 0.493666 1.570662 0.000014 3.141389 
0.595431 -0.007015 0.493666 1.570662 0.000014 3.141389 
0.595431 -0.007015 0.493666 1.570661 0.000014 3.141389 
0.595431 -0.007015 0.493666 1.570661 0.000014 3.141389 
0.595431 -0.007016 0.493666 1.570661 0.000014 3.141388 
0.595431 -0.007016 0.493666 1.570661 0.000013 3.141389 
0.595431 -0.007016 0.493666 1.570661 0.000014 3.141389 
0.595431 -0.007016 0.493666 1.570660 0.000014 3.141389 
0.595431 -0.007015 0.493666 1.570661 0.000014 3.141389 
0.595431 -0.007015 0.493666 1.570662 0.000013 3.141388 
0.595431 -0.007015 0.493666 1.570662 0.000014 3.141389 
0.595431 -0.007015 0.493666 1.570663 0.000014 3.141389 
0.595431 -0.007015 0.493666 1.570663 0.000014 3.141389 
0.595431 -0.007015 0.493666 1.570663 0.000014 3.141389 
0.595431 -0.007015 0.493666 1.570662 0.000014 3.141389 
0.595431 -0.007016 0.493666 1.570661 0.000014 3.141389 
0.595431 -0.007016 0.493666 1.570661 0.000014 3.141389 
0.595431 -0.007016 0.493666 1.570661 0.000014 3.141388 
0.595431 -0.007015 0.493666 1.570661 0.000013 3.141389 
0.595431 -0.007015 0.493666 1.570662 0.000014 3.141388 
0.595431 -0.007015 0.493666 1.570662 0.000014 3.141389 
0.595431 -0.007015 0.493666 1.570663 0.000014 3.141389 
0.595431 -0.007015 0.493666 1.570663 0.000014 3.141389 
0.595431 -0.007015 0.493666 1.570663 0.000014 3.141389 
0.595431 -0.007015 0.493666 1.570663 0.000014 3.141389 
0.595431 -0.007015 0.493666 1.570663 0.000014 3.141389 
0.595431 -0.007015 0.493666 1.570662 0.000014 3.141389 
0.595431 -0.007015 0.493666 1.570662 0.000014 3.141389 
0.595431 -0.007015 0.493666 1.570662 0.000014 3.141389 
0.595431 -0.007015 0.493666 1.570662 0.000014 3.141389 
0.595431 -0.007015 0.493666 1.570663 0.000013 3.141388 
0.595430 -0.007015 0.493666 1.570663 0.000014 3.141389 
0.595430 -0.007015 0.493666 1.570664 0.000014 3.141388 
0.595430 -0.007014 0.493666 1.570664 0.000014 3.141389 
0.595430 -0.007015 0.493666 1.570664 0.000014 3.141389 
0.595430 -0.007015 0.493666 1.570664 0.000014 3.141389 
0.595430 -0.007015 0.493666 1.570663 0.000014 3.141389 
0.595430 -0.007015 0.493666 1.570663 0.000014 3.141389 
0.595431 -0.007015 0.493666 1.570662 0.000014 3.141389 
0.595431 -0.007015 0.493666 1.570663 0.000014 3.141388 
0.595430 -0.007015 0.493666 1.570663 0.000014 3.141388 
0.595430 -0.007015 0.493666 1.570663 0.000014 3.141389 
0.595430 -0.007015 0.493666 1.570664 0.000014 3.141389 
0.595430 -0.007015 0.493666 1.570664 0.000014 3.141389 
0.595430 -0.007014 0.493666 1.570664 0.000014 3.141389 
0.595430 -0.007014 0.493666 1.570664 0.000014 3.141389 
0.595430 -0.007015 0.493666 1.570664 0.000014 3.141389 
0.595430 -0.007015 0.493666 1.570664 0.000014 3.141389 
0.595430 -0.007015 0.493666 1.570663 0.000014 3.141389 
0.595430 -0.007015 0.493666 1.570663 0.000014 3.141389 
0.595430 -0.007015 0.493666 1.570663 0.000014 3.141389 
0.595430 -0.007015 0.493666 1.570664 0.000014 3.141388 
0.595430 -0.007015 0.493666 1.570664 0.000014 3.141388 
0.595430 -0.007014 0.493666 1.570664 0.000014 3.141389 
0.595430 -0.007014 0.493666 1.570665 0.000014 3.141389 
0.595430 -0.007014 0.493666 1.570665 0.000014 3.141389 
0.595430 -0.007014 0.493666 1.570664 0.000014 3.141389 
0.595430 -0.007014 0.493666 1.570664 0.000014 3.141389 
0.595430 -0.007015 0.493666 1.570664 0.000014 3.141389 
0.595430 -0.007015 0.493666 1.570664 0.000014 3.141389 
0.595430 -0.007015 0.493666 1.570664 0.000014 3.141388 
0.595430 -0.007015 0.493666 1.570664 0.000014 3.141389 
0.595430 -0.007015 0.493666 1.570664 0.000014 3.141389 
0.595430 -0.007015 0.493666 1.570664 0.000014 3.141389 
0.595430 -0.007014 0.493666 1.570665 0.000014 3.141389 
0.595430 -0.007014 0.493666 1.570665 0.000014 3.141389 
0.595430 -0.007014 0.493666 1.570665 0.000014 3.141389 
0.595430 -0.007014 0.493666 1.570665 0.000014 3.141389 
0.595430 -0.007014 0.493666 1.570665 0.000014 3.141389 
0.595430 -0.007014 0.493666 1.570664 0.000014 3.141389 
0.595430 -0.007015 0.493666 1.570664 0.000014 3.141389 
0.595430 -0.007015 0.493666 1.570664 0.000014 3.141389 
0.595430 -0.007015 0.493666 1.570664 0.000014 3.141388 
0.595430 -0.007014 0.493666 1.570664 0.000014 3.141389 
0.595430 -0.007014 0.493666 1.570665 0.000014 3.141388 
0.595430 -0.007014 0.493666 1.570665 0.000014 3.141389 
0.595430 -0.007014 0.493666 1.570665 0.000014 3.141388 
0.595430 -0.007014 0.493666 1.570665 0.000014 3.141389 
0.595430 -0.007014 0.493666 1.570665 0.000014 3.141389 
0.595430 -0.007014 0.493666 1.570665 0.000014 3.141389 
0.595430 -0.007014 0.493666 1.570665 0.000014 3.141388 
0.595430 -0.007014 0.493666 1.570665 0.000014 3.141389 
0.595430 -0.007014 0.493666 1.570664 0.000014 3.141389 
0.595430 -0.007015 0.493666 1.570664 0.000014 3.141389 
0.595430 -0.007014 0.493666 1.570665 0.000014 3.141388 
0.595430 -0.007014 0.493666 1.570665 0.000014 3.141388 
0.595430 -0.007014 0.493666 1.570666 0.000014 3.141389 
0.595430 -0.007014 0.493666 1.570666 0.000014 3.141389 
0.595430 -0.007014 0.493666 1.570666 0.000014 3.141388 
0.595430 -0.007014 0.493666 1.570666 0.000014 3.141389 
0.595430 -0.007014 0.493666 1.570666 0.000014 3.141389 
0.595430 -0.007014 0.493666 1.570665 0.000014 3.141389 
0.595430 -0.007014 0.493666 1.570665 0.000014 3.141389 
0.595430 -0.007015 0.493666 1.570665 0.000014 3.141389 
0.595430 -0.007014 0.493666 1.570665 0.000014 3.141388 
0.595430 -0.007014 0.493666 1.570665 0.000014 3.141389 
0.595430 -0.007014 0.493666 1.570665 0.000014 3.141389 
0.595430 -0.007014 0.493666 1.570666 0.000014 3.141388 
0.595430 -0.007014 0.493666 1.570666 0.000014 3.141389 
0.595430 -0.007014 0.493666 1.570666 0.000014 3.141389 
0.595430 -0.007014 0.493666 1.570666 0.000014 3.141389 
0.595430 -0.007014 0.493666 1.570666 0.000014 3.141389 
0.595430 -0.007014 0.493666 1.570666 0.000014 3.141389 
0.595430 -0.007014 0.493666 1.570666 0.000014 3.141389 
0.595430 -0.007014 0.493666 1.570665 0.000014 3.141389 
0.595430 -0.007014 0.493666 1.570666 0.000014 3.141389 
0.595430 -0.007014 0.493666 1.570666 0.000013 3.141388 
0.595430 -0.007014 0.493666 1.570666 0.000014 3.141389 
0.595430 -0.007014 0.493666 1.570666 0.000014 3.141389 
0.595430 -0.007014 0.493666 1.570667 0.000014 3.141389 
0.595430 -0.007014 0.493666 1.570667 0.000014 3.141389 
0.595430 -0.007014 0.493666 1.570666 0.000014 3.141389 
0.595430 -0.007014 0.493666 1.570667 0.000014 3.141389 
0.595430 -0.007014 0.493666 1.570666 0.000014 3.141389 
0.595430 -0.007014 0.493666 1.570666 0.000014 3.141389 
0.595430 -0.007014 0.493666 1.570666 0.000014 3.141389 
0.595430 -0.007014 0.493666 1.570666 0.000014 3.141389 
0.595430 -0.007014 0.493666 1.570666 0.000014 3.141389 
0.595430 -0.007014 0.493666 1.570666 0.000014 3.141389 
0.595430 -0.007014 0.493666 1.570667 0.000014 3.141389 
0.595430 -0.007014 0.493666 1.570667 0.000014 3.141389 
0.595430 -0.007013 0.493666 1.570667 0.000014 3.141389 
0.595430 -0.007014 0.493666 1.570667 0.000014 3.141389 
0.595430 -0.007014 0.493666 1.570666 0.000014 3.141389 
0.595430 -0.007014 0.493666 1.570666 0.000014 3.141389 
0.595430 -0.007014 0.493666 1.570666 0.000014 3.141389 
0.595430 -0.007014 0.493666 1.570666 0.000014 3.141389 
0.595430 -0.007014 0.493666 1.570666 0.000014 3.141389 
0.595430 -0.007014 0.493666 1.570666 0.000014 3.141389 
0.595430 -0.007014 0.493666 1.570667 0.000014 3.141389 
0.595430 -0.007014 0.493666 1.570667 0.000014 3.141389 
0.595430 -0.007014 0.493666 1.570667 0.000014 3.141389 
0.595430 -0.007013 0.493666 1.570667 0.000014 3.141389 
0.595430 -0.007014 0.493666 1.570667 0.000014 3.141389 
0.595430 -0.007014 0.493666 1.570667 0.000014 3.141388 
0.595430 -0.007014 0.493666 1.570667 0.000014 3.141388 
0.595430 -0.007014 0.493666 1.570666 0.000014 3.141389 
0.595430 -0.007014 0.493666 1.570666 0.000014 3.141389 
0.595430 -0.007014 0.493666 1.570667 0.000014 3.141389 
0.595430 -0.007014 0.493666 1.570667 0.000014 3.141389 
