-0.000000 0.000006 0.000017 -0.000018 -0.000017 -0.000024 
-0.000005 -0.000005 -0.000004 0.000032 -0.000031 0.000030 
0.000006 0.000006 -0.000012 -0.000014 0.000025 -0.000012 
0.000002 -0.000001 0.000008 -0.000008 0.000012 -0.000006 
0.000004 0.000002 -0.000013 0.000001 0.000022 0.000006 
-0.000004 -0.000005 -0.000004 -0.000009 -0.000007 -0.000024 
-0.000011 -0.000016 0.000000 -0.000009 0.000007 -0.000018 
0.000005 0.000008 0.000004 0.000015 -0.000018 0.000006 
-0.000002 0.000004 0.000013 -0.000002 -0.000027 0.000036 
-0.000002 -0.000004 -0.000000 0.000000 -0.000000 -0.000024 
0.000000 -0.000003 -0.000002 0.000014 0.000016 0.000018 
0.000004 0.000009 0.000006 -0.000007 -0.000020 -0.000006 
-0.000001 -0.000003 -0.000004 -0.000006 0.000010 -0.000018 
0.000000 0.000002 0.000000 -0.000000 -0.000000 0.000036 
0.000005 -0.000006 -0.000010 0.000026 0.000008 -0.000012 
0.000010 0.000022 -0.000004 -0.000025 0.000013 0.000018 
-0.000009 -0.000012 0.000004 0.000006 -0.000010 -0.000018 
-0.000006 -0.000007 -0.000000 -0.000001 -0.000006 -0.000012 
-0.000001 0.000001 0.000008 0.000009 -0.000009 -0.000006 
0.000003 0.000006 0.000002 -0.000015 0.000004 0.000036 
-0.000002 -0.000007 -0.000008 0.000010 0.000006 -0.000012 
0.000002 0.000001 0.000008 -0.000008 0.000012 -0.000018 
-0.000002 0.000006 0.000004 0.000002 -0.000034 0.000012 
0.000003 -0.000003 -0.000004 -0.000002 0.000034 -0.000006 
0.000003 -0.000000 -0.000013 0.000001 0.000022 0.000000 
-0.000002 -0.000002 0.000004 -0.000004 -0.000009 0.000012 
-0.000002 -0.000002 -0.000004 0.000001 -0.000009 -0.000024 
0.000003 0.000012 0.000012 -0.000004 -0.000016 0.000024 
-0.000001 -0.000001 -0.000000 -0.000010 -0.000004 -0.000006 
-0.000001 -0.000000 -0.000008 0.000018 -0.000007 -0.000006 
0.000001 0.000001 0.000010 -0.000005 0.000007 0.000012 
0.000003 -0.000000 0.000000 0.000003 0.000018 0.000000 
0.000000 -0.000002 -0.000002 -0.000003 0.000005 -0.000006 
0.000005 0.000015 0.000000 -0.000012 -0.000016 0.000042 
-0.000003 -0.000005 -0.000000 0.000010 -0.000001 -0.000024 
-0.000005 -0.000009 -0.000000 0.000000 0.000000 -0.000048 
0.000001 0.000003 -0.000004 -0.000007 0.000004 0.000036 
0.000003 -0.000003 -0.000000 0.000004 0.000024 -0.000006 
-0.000001 0.000003 0.000004 -0.000003 -0.000009 -0.000006 
-0.000007 -0.000001 0.000008 -0.000012 -0.000018 0.000012 
-0.000003 -0.000014 -0.000008 0.000012 0.000018 -0.000024 
-0.000006 -0.000007 -0.000004 -0.000018 -0.000006 -0.000030 
0.000005 0.000003 0.000012 0.000008 -0.000000 0.000036 
0.000008 0.000011 -0.000011 0.000004 0.000016 0.000006 
0.000004 0.000009 0.000008 -0.000010 -0.000006 0.000012 
-0.000001 -0.000003 -0.000004 0.000016 -0.000004 -0.000000 
0.000000 -0.000004 -0.000007 -0.000012 0.000021 -0.000012 
-0.000004 0.000002 0.000012 -0.000004 -0.000016 0.000006 
-0.000002 -0.000008 -0.000012 0.000012 0.000003 -0.000012 
0.000002 0.000005 0.000008 -0.000018 0.000007 0.000006 
-0.000005 -0.000001 0.000009 0.000012 -0.000044 0.000030 
0.000013 0.000011 -0.000013 -0.000009 0.000053 0.000006 
-0.000006 -0.000012 -0.000004 0.000016 -0.000004 -0.000036 
0.000005 0.000009 0.000004 -0.000026 0.000006 0.000006 
0.000002 0.000001 -0.000010 0.000007 0.000011 -0.000006 
-0.000004 -0.000002 0.000013 -0.000001 -0.000022 0.000006 
0.000002 0.000003 -0.000004 -0.000006 0.000010 0.000024 
-0.000009 -0.000009 0.000004 0.000013 -0.000030 -0.000030 
0.000007 0.000005 0.000004 -0.000003 0.000015 0.000024 
-0.000002 -0.000003 -0.000004 -0.000004 0.000004 -0.000024 
0.000001 0.000005 0.000004 0.000006 -0.000010 0.000012 
0.000003 0.000001 -0.000004 -0.000008 0.000016 0.000018 
-0.000007 -0.000010 -0.000004 -0.000004 0.000004 -0.000048 
-0.000004 -0.000005 0.000004 0.000006 -0.000010 0.000024 
0.000002 0.000002 0.000004 -0.000005 -0.000003 -0.000018 
0.000004 0.000005 -0.000000 0.000011 -0.000007 0.000012 
0.000004 0.000007 -0.000004 -0.000006 0.000010 0.000030 
0.000009 0.000012 -0.000004 -0.000006 0.000010 -0.000012 
-0.000005 -0.000006 -0.000000 -0.000002 -0.000012 -0.000000 
-0.000009 -0.000012 0.000000 0.000000 -0.000000 -0.000030 
-0.000007 -0.000005 0.000007 0.000011 -0.000027 0.000006 
-0.000003 -0.000012 -0.000004 0.000006 0.000027 -0.000030 
0.000004 0.000010 0.000008 -0.000020 -0.000005 0.000024 
-0.000001 0.000001 -0.000004 0.000002 -0.000021 0.000000 
0.000009 0.000006 -0.000008 0.000003 0.000037 0.000000 
-0.000002 0.000001 0.000004 0.000003 -0.000028 -0.000000 
0.000007 0.000006 -0.000004 -0.000003 0.000028 0.000042 
-0.000005 -0.000003 0.000004 0.000003 -0.000028 -0.000024 
0.000009 0.000010 0.000004 0.000007 0.000013 0.000018 
-0.000010 -0.000011 -0.000004 0.000002 -0.000015 -0.000000 
-0.000003 -0.000007 0.000004 -0.000001 0.000009 -0.000030 
0.000005 0.000008 -0.000004 -0.000008 -0.000001 0.000012 
-0.000006 -0.000006 0.000000 0.000009 -0.000007 -0.000006 
0.000004 -0.000002 -0.000004 -0.000003 0.000028 -0.000018 
-0.000007 -0.000003 0.000000 -0.000012 -0.000016 0.000024 
0.000006 0.000004 0.000004 0.000018 0.000006 0.000012 
-0.000006 -0.000005 -0.000000 -0.000004 -0.000024 -0.000012 
0.000011 0.000012 0.000000 -0.000006 0.000025 0.000000 
-0.000008 -0.000008 -0.000004 0.000001 -0.000009 -0.000012 
0.000003 0.000000 0.000004 -0.000002 0.000021 0.000000 
0.000007 0.000009 -0.000004 -0.000005 -0.000001 0.000012 
-0.000010 -0.000006 0.000012 -0.000007 -0.000034 0.000006 
0.000003 0.000004 -0.000012 0.000004 0.000016 0.000012 
0.000003 -0.000005 -0.000002 -0.000000 0.000023 -0.000030 
-0.000003 0.000002 0.000002 0.000000 -0.000023 -0.000006 
0.000001 -0.000001 0.000004 0.000009 0.000007 -0.000000 
-0.000008 -0.000014 0.000000 -0.000005 -0.000012 0.000000 
0.000001 0.000010 -0.000000 0.000011 -0.000008 0.000030 
-0.000004 -0.000012 -0.000004 -0.000016 0.000012 -0.000060 
0.000011 0.000018 0.000000 0.000012 0.000016 0.000042 
0.000005 0.000004 0.000004 -0.000004 -0.000009 0.000030 
0.000005 0.000012 0.000004 -0.000010 -0.000015 0.000000 
-0.000002 -0.000006 -0.000012 0.000017 0.000003 -0.000006 
-0.000004 -0.000010 0.000004 -0.000004 0.000021 -0.000030 
-0.000004 -0.000004 0.000008 0.000001 -0.000013 0.000006 
-0.000012 -0.000013 -0.000004 -0.000007 -0.000013 -0.000006 
0.000000 -0.000000 -0.000004 0.000003 0.000003 -0.000018 
0.000009 0.000007 0.000000 0.000004 0.000024 -0.000000 
-0.000008 -0.000014 -0.000006 0.000000 0.000014 -0.000012 
0.000000 0.000009 0.000006 -0.000013 -0.000030 0.000012 
0.000008 0.000010 -0.000002 0.000006 0.000004 0.000036 
0.000000 0.000002 0.000006 0.000009 -0.000016 -0.000024 
0.000005 0.000010 0.000004 -0.000005 -0.000003 0.000048 
0.000002 -0.000002 -0.000010 -0.000004 0.000019 -0.000036 
0.000007 0.000008 -0.000000 -0.000000 0.000000 0.000012 
0.000004 0.000011 0.000000 0.000000 -0.000000 0.000036 
-0.000025 -0.000042 -0.000004 -0.000007 0.000005 -0.000078 
0.000009 0.000011 0.000012 -0.000001 0.000007 0.000036 
0.000003 0.000004 -0.000008 -0.000010 0.000015 -0.000024 
-0.000003 0.000001 0.000006 0.000016 -0.000035 0.000006 
0.000004 0.000007 -0.000004 0.000004 -0.000003 0.000024 
-0.000003 -0.000010 -0.000006 0.000003 0.000014 -0.000018 
0.000004 0.000012 0.000010 -0.000017 -0.000010 0.000018 
0.000000 0.000002 0.000002 0.000001 0.000001 -0.000006 
-0.000015 -0.000026 -0.000002 -0.000001 -0.000001 -0.000036 
0.000006 0.000010 0.000004 0.000006 -0.000010 0.000018 
0.000004 0.000005 0.000000 -0.000011 0.000007 0.000006 
-0.000003 -0.000002 0.000004 0.000027 -0.000019 0.000024 
0.000004 0.000006 -0.000004 -0.000015 0.000012 -0.000024 
-0.000001 -0.000005 -0.000004 -0.000006 0.000010 0.000000 
0.000004 0.000007 0.000000 0.000018 -0.000009 0.000018 
-0.000004 -0.000009 -0.000009 -0.000033 0.000035 -0.000024 
-0.000009 -0.000014 0.000004 0.000026 -0.000025 -0.000018 
0.000005 0.000004 0.000000 -0.000008 0.000031 0.000024 
0.000005 0.000014 0.000004 0.000003 -0.000028 0.000024 
0.000004 0.000002 -0.000000 -0.000010 0.000002 -0.000024 
-0.000008 -0.000008 0.000002 0.000013 -0.000007 -0.000006 
0.000002 0.000005 -0.000000 -0.000010 -0.000004 0.000006 
-0.000001 -0.000003 -0.000006 -0.000008 0.000021 -0.000006 
-0.000002 -0.000001 0.000004 0.000006 -0.000010 -0.000000 
-0.000002 -0.000003 0.000004 0.000003 -0.000010 0.000012 
0.000006 0.000006 -0.000008 0.000000 0.000019 0.000012 
-0.000007 -0.000009 0.000000 -0.000009 0.000001 -0.000018 
0.000012 0.000014 -0.000004 0.000004 0.000015 0.000006 
-0.000003 -0.000000 0.000008 -0.000000 -0.000019 -0.000000 
-0.000012 -0.000014 -0.000000 0.000001 -0.000012 -0.000006 
0.000007 0.000009 0.000004 -0.000004 0.000003 -0.000006 
0.000006 0.000016 0.000006 -0.000003 -0.000014 0.000030 
0.000003 -0.000006 -0.000013 0.000012 0.000026 -0.000012 
-0.000003 0.000001 0.000008 -0.000010 -0.000018 -0.000000 
-0.000001 -0.000006 -0.000012 0.000005 0.000022 -0.000006 
-0.000013 -0.000020 0.000000 -0.000011 0.000007 -0.000018 
0.000000 0.000003 0.000008 0.000001 -0.000013 0.000006 
0.000002 -0.000001 -0.000004 -0.000003 0.000028 -0.000018 
0.000002 0.000002 -0.000000 0.000017 -0.000015 0.000024 
0.000009 0.000020 0.000000 -0.000021 -0.000009 0.000030 
0.000005 0.000005 -0.000000 0.000001 0.000006 -0.000012 
-0.000005 -0.000005 0.000011 0.000015 -0.000031 0.000012 
0.000002 0.000004 0.000000 -0.000009 0.000007 -0.000012 
-0.000002 0.000001 -0.000004 -0.000006 0.000010 0.000024 
0.000008 -0.000002 -0.000015 -0.000002 0.000027 -0.000030 
-0.000003 -0.000004 -0.000004 -0.000006 0.000010 0.000024 
-0.000001 0.000003 -0.000000 0.000010 -0.000013 -0.000030 
-0.000009 -0.000016 0.000008 -0.000021 0.000007 -0.000024 
-0.000006 -0.000004 0.000004 0.000004 -0.000022 -0.000018 
0.000008 0.000009 0.000004 0.000008 0.000001 0.000030 
-0.000010 -0.000012 0.000004 0.000013 -0.000030 -0.000018 
0.000016 0.000026 -0.000004 -0.000013 0.000029 0.000048 
0.000004 0.000002 -0.000000 -0.000000 0.000000 0.000018 
-0.000008 -0.000010 -0.000004 0.000002 -0.000015 -0.000036 
0.000007 0.000007 0.000004 -0.000002 0.000015 0.000000 
-0.000003 -0.000003 -0.000011 0.000004 0.000010 0.000012 
-0.000003 -0.000005 0.000008 0.000001 -0.000013 0.000006 
0.000000 0.000003 0.000000 -0.000010 0.000013 0.000006 
0.000014 0.000017 -0.000004 0.000026 -0.000006 0.000006 
-0.000013 -0.000015 -0.000004 -0.000018 -0.000006 -0.000030 
-0.000005 -0.000009 0.000015 0.000003 -0.000015 0.000012 
-0.000006 -0.000002 0.000004 0.000003 -0.000028 -0.000018 
-0.000005 -0.000014 -0.000012 0.000004 0.000016 -0.000024 
0.000005 0.000011 0.000008 0.000001 -0.000013 0.000018 
-0.000002 -0.000006 -0.000011 -0.000008 0.000018 -0.000012 
0.000007 0.000009 -0.000000 0.000009 -0.000001 0.000036 
0.000005 0.000005 0.000000 -0.000008 0.000013 0.000006 
-0.000000 -0.000001 -0.000000 0.000009 -0.000001 -0.000000 
-0.000002 0.000002 -0.000000 -0.000011 -0.000010 0.000000 
-0.000010 -0.000016 0.000008 0.000012 -0.000003 -0.000024 
0.000004 0.000007 -0.000000 0.000002 -0.000006 -0.000006 
-0.000006 -0.000012 -0.000000 -0.000000 0.000000 -0.000006 
0.000005 0.000009 0.000000 0.000000 -0.000000 0.000018 
-0.000005 -0.000004 0.000004 -0.000005 -0.000003 -0.000006 
-0.000002 -0.000010 -0.000011 0.000003 0.000022 -0.000036 
0.000003 0.000013 0.000004 0.000008 -0.000016 0.000048 
0.000010 0.000009 0.000000 -0.000011 0.000007 -0.000012 
-0.000004 -0.000006 -0.000004 0.000005 0.000003 -0.000006 
0.000003 0.000007 0.000004 0.000016 -0.000012 0.000036 
0.000001 0.000000 -0.000004 -0.000016 0.000012 -0.000024 
-0.000004 -0.000005 0.000004 0.000006 -0.000010 0.000012 
0.000003 0.000006 0.000000 0.000000 -0.000000 -0.000006 
-0.000001 -0.000004 0.000004 -0.000005 -0.000003 -0.000012 
0.000000 0.000001 -0.000002 0.000008 -0.000002 0.000006 
-0.000004 -0.000007 -0.000002 -0.000003 0.000005 -0.000024 
-0.000557 0.002267 -0.003874 -0.010318 -0.002597 0.002141 
0.006828 0.007730 -0.031952 -0.042079 0.053506 0.005513 
0.016147 0.009439 -0.063614 -0.029593 0.096422 0.010329 
0.009658 0.005089 -0.062826 -0.020747 0.059525 0.003366 
-0.001244 0.003235 -0.055042 -0.007236 -0.006871 0.003885 
-0.008066 0.003066 -0.037085 -0.001066 -0.063931 0.002832 
-0.010246 0.002398 -0.022622 0.013723 -0.090032 0.005478 
-0.010145 -0.000015 -0.012904 0.024692 -0.087539 0.003130 
-0.005847 -0.002379 0.005017 0.025291 -0.053132 0.000225 
-0.003524 -0.002581 0.018813 0.031944 -0.035899 0.002750 
-0.004302 -0.007062 0.026687 0.038204 -0.026979 -0.002537 
-0.003113 -0.005651 0.034929 0.033709 -0.019193 -0.000910 
-0.001346 -0.007223 0.043487 0.027482 0.000261 -0.005228 
0.003823 -0.007323 0.045411 0.015464 0.040171 -0.008246 
0.007475 -0.003628 0.040889 0.004213 0.056733 -0.004949 
0.006012 -0.002536 0.034871 -0.008975 0.052486 -0.006107 
0.005246 0.000598 0.030874 -0.021805 0.043847 -0.004901 
0.004745 0.003004 0.022866 -0.026715 0.034317 -0.000761 
-0.000113 0.002676 0.017915 -0.022657 0.003013 -0.001050 
-0.004287 0.001121 0.009656 -0.021801 -0.018121 -0.003799 
-0.003568 0.000880 0.006212 -0.016978 -0.014970 -0.002485 
-0.003758 0.000180 0.002332 -0.009223 -0.018273 -0.001838 
-0.003708 -0.001154 -0.001942 -0.003606 -0.017516 -0.003175 
0.000412 0.000642 -0.005424 -0.003799 0.002211 -0.000074 
0.002155 0.001816 -0.008417 -0.008094 0.012301 0.001358 
0.001547 0.001555 -0.011012 -0.008881 0.009830 0.000199 
0.001751 0.000943 -0.012600 -0.005545 0.011707 0.000109 
0.001246 0.000167 -0.009854 -0.001167 0.009301 -0.000112 
0.000247 -0.000665 -0.006947 0.002338 0.003577 -0.000276 
-0.001613 -0.001556 -0.005727 0.006309 -0.007520 -0.000855 
-0.002493 -0.001432 -0.004935 0.008147 -0.014978 -0.000736 
-0.001284 -0.000858 -0.002733 0.006194 -0.008653 0.000358 
-0.000234 -0.000236 -0.000918 0.005927 -0.004282 0.000858 
0.000629 0.000654 0.000054 0.003601 -0.001335 0.002319 
0.000667 0.000963 0.000069 0.000419 -0.000263 0.001438 
-0.000099 0.000170 0.000494 -0.000100 -0.000906 0.000184 
-0.000459 -0.000210 0.001510 0.001239 -0.002816 0.000354 
-0.001132 -0.000821 0.003013 0.003658 -0.006777 -0.000852 
-0.001378 -0.001232 0.003374 0.004741 -0.007103 -0.000766 
-0.000727 -0.000785 0.002716 0.004312 -0.004445 -0.000318 
-0.000505 -0.000224 0.001824 0.003031 -0.004466 0.000431 
-0.000287 -0.000134 0.001305 0.001974 -0.002671 0.000277 
0.000583 0.000150 0.000560 0.000987 0.002393 0.000502 
0.000401 0.000590 0.000195 0.000337 -0.000059 0.001139 
0.000385 0.000608 0.000008 -0.000610 0.000255 0.000844 
-0.000042 -0.000039 0.000049 -0.000867 0.000361 -0.000341 
0.000147 -0.000232 0.000035 -0.000842 0.002375 -0.000626 
0.000440 -0.000157 -0.000039 0.000301 0.003426 -0.000099 
0.000739 -0.000003 -0.000024 0.000625 0.004272 0.000061 
0.000922 0.000076 -0.000170 0.000178 0.005456 0.000218 
0.000855 0.000249 -0.000044 0.000218 0.004336 0.000430 
0.000338 0.000242 -0.000005 0.000013 0.001115 0.000535 
0.000019 -0.000000 0.000011 0.000009 0.000037 -0.000090 
-0.000061 -0.000096 0.000016 -0.000000 0.000057 -0.000132 
-0.000108 -0.000124 0.000064 -0.000068 -0.000115 -0.000210 
-0.000082 0.000044 0.000321 -0.000439 -0.000442 -0.000096 
-0.000061 0.000079 0.000425 -0.000631 -0.000355 0.000019 
-0.000022 0.000060 0.000252 -0.000378 -0.000119 -0.000011 
0.000019 0.000035 0.000060 0.000030 -0.000065 0.000089 
0.000058 0.000080 0.000012 -0.000005 0.000013 0.000120 
-0.000062 -0.000059 0.000078 -0.000136 -0.000044 -0.000143 
-0.000075 -0.000061 0.000136 -0.000152 -0.000139 -0.000168 
-0.000050 -0.000011 0.000158 -0.000204 -0.000125 -0.000018 
-0.000024 0.000008 0.000154 -0.000173 -0.000109 -0.000036 
0.000009 0.000066 0.000201 -0.000269 -0.000049 0.000024 
0.000020 0.000100 0.000177 -0.000212 -0.000167 0.000144 
0.000046 0.000115 0.000140 -0.000166 -0.000117 0.000108 
-0.000010 0.000037 0.000143 -0.000234 -0.000070 0.000036 
0.000002 0.000020 0.000111 -0.000088 -0.000024 0.000012 
0.000013 0.000032 0.000093 -0.000079 -0.000024 0.000030 
-0.000020 -0.000003 0.000062 -0.000104 -0.000039 -0.000066 
-0.000085 -0.000085 0.000131 -0.000200 -0.000088 -0.000174 
-0.000015 0.000040 0.000153 -0.000147 -0.000147 0.000047 
-0.000003 0.000019 0.000090 -0.000128 -0.000044 -0.000006 
-0.000035 -0.000012 0.000167 -0.000195 -0.000073 -0.000078 
-0.000046 -0.000037 0.000172 -0.000220 -0.000000 -0.000132 
0.000017 0.000039 0.000048 -0.000115 0.000036 0.000061 
0.000067 0.000088 -0.000017 -0.000023 0.000070 0.000126 
0.000053 0.000025 -0.000080 -0.000125 0.000313 0.000015 
0.000080 0.000053 -0.000073 -0.000073 0.000365 0.000080 
0.000011 0.000008 0.000008 0.000003 0.000005 0.000006 
-0.000031 -0.000028 0.000057 -0.000101 -0.000013 -0.000090 
-0.000044 -0.000014 0.000134 -0.000194 -0.000098 -0.000054 
-0.000010 0.000016 0.000078 -0.000107 -0.000066 0.000012 
-0.000019 -0.000049 -0.000012 -0.000034 0.000103 -0.000107 
0.000000 -0.000025 -0.000052 -0.000081 0.000163 -0.000052 
0.000041 0.000019 -0.000080 -0.000104 0.000262 -0.000003 
0.000046 0.000053 -0.000054 -0.000087 0.000150 0.000086 
0.000027 0.000019 -0.000058 -0.000112 0.000164 -0.000010 
0.000045 0.000030 -0.000084 -0.000124 0.000256 0.000027 
0.000013 0.000010 0.000000 0.000005 0.000036 0.000024 
0.000017 0.000020 0.000002 -0.000028 0.000035 0.000012 
-0.000002 0.000011 0.000014 -0.000048 -0.000004 0.000018 
-0.000018 -0.000031 0.000023 -0.000009 0.000003 -0.000066 
-0.000012 -0.000009 0.000031 -0.000042 -0.000024 -0.000018 
-0.000025 -0.000031 0.000012 -0.000026 0.000004 -0.000072 
0.000001 -0.000023 -0.000047 -0.000064 0.000140 -0.000040 
0.000003 -0.000002 -0.000019 -0.000030 0.000052 -0.000011 
0.000014 0.000015 -0.000022 -0.000049 0.000058 0.000007 
0.000031 0.000026 -0.000050 -0.000072 0.000139 0.000032 
0.000049 0.000058 -0.000032 -0.000027 0.000103 0.000085 
0.000052 0.000075 0.000004 -0.000018 0.000010 0.000132 
-0.000005 0.000005 0.000023 -0.000033 -0.000030 -0.000012 
-0.000032 -0.000018 0.000070 -0.000073 -0.000081 -0.000036 
-0.000027 -0.000022 0.000068 -0.000074 -0.000046 -0.000072 
-0.000013 -0.000000 0.000045 -0.000046 -0.000051 0.000012 
-0.000037 -0.000052 0.000024 -0.000071 0.000029 -0.000119 
-0.000031 -0.000038 0.000004 -0.000031 -0.000012 -0.000072 
0.000007 0.000006 -0.000011 0.000021 0.000013 0.000000 
0.000029 0.000027 -0.000029 -0.000071 0.000110 0.000031 
0.000033 0.000042 -0.000023 -0.000002 0.000040 0.000048 
0.000042 0.000059 -0.000009 -0.000007 0.000030 0.000150 
0.000006 0.000014 0.000016 -0.000021 -0.000012 -0.000006 
-0.000016 -0.000009 0.000028 -0.000061 -0.000024 -0.000018 
-0.000011 0.000001 0.000055 -0.000084 -0.000035 -0.000036 
-0.000023 -0.000014 0.000054 -0.000050 -0.000057 -0.000054 
-0.000043 -0.000055 0.000030 -0.000061 0.000006 -0.000066 
-0.000002 -0.000006 0.000004 -0.000046 0.000038 -0.000036 
0.000003 -0.000002 -0.000015 -0.000035 0.000049 -0.000011 
0.000028 0.000025 -0.000060 -0.000065 0.000144 0.000032 
0.000039 0.000026 -0.000062 -0.000071 0.000167 0.000050 
0.000038 0.000036 -0.000054 -0.000097 0.000164 0.000020 
0.000008 0.000007 -0.000005 -0.000001 0.000020 0.000000 
0.000009 0.000026 0.000008 -0.000052 0.000006 0.000036 
-0.000010 -0.000001 0.000041 -0.000043 -0.000060 -0.000018 
-0.000002 0.000006 0.000033 -0.000038 -0.000011 -0.000000 
-0.000020 -0.000021 0.000023 -0.000041 -0.000017 -0.000048 
-0.000026 -0.000037 0.000006 -0.000015 0.000005 -0.000078 
-0.000001 0.000001 0.000004 -0.000016 0.000004 0.000000 
0.000005 -0.000001 -0.000017 -0.000010 0.000032 0.000006 
0.000011 0.000012 -0.000015 -0.000032 0.000037 -0.000023 
0.000014 0.000014 -0.000028 -0.000005 0.000066 0.000055 
0.000022 0.000021 -0.000006 0.000002 0.000026 0.000036 
0.000032 0.000051 -0.000004 -0.000025 0.000013 0.000078 
0.000003 0.000011 0.000002 -0.000033 -0.000001 0.000006 
-0.000008 -0.000011 0.000006 -0.000013 -0.000001 -0.000018 
-0.000022 -0.000027 0.000033 -0.000038 -0.000023 -0.000060 
-0.000004 0.000009 0.000039 -0.000023 -0.000046 0.000006 
-0.000029 -0.000028 0.000039 -0.000052 -0.000030 -0.000060 
-0.000133 -0.000087 -0.002410 0.003633 -0.001527 0.003277 
0.000233 -0.000202 -0.003534 0.005452 0.000639 0.002449 
0.001485 -0.001209 -0.010905 0.014951 0.007823 0.002368 
0.002788 0.000556 -0.012774 0.017544 0.009018 0.005824 
0.005623 0.006762 -0.011891 0.015635 0.008692 0.014868 
0.009935 0.015093 -0.012340 0.016585 0.009385 0.010816 
0.016440 0.031222 -0.013218 0.017965 0.010052 -0.004189 
0.024861 0.055524 -0.012679 0.017533 0.009541 -0.004188 
0.031040 0.075705 -0.012208 0.017514 0.009206 -0.023139 
0.037639 0.098807 -0.009545 0.014556 0.006972 -0.039507 
0.046761 0.127328 -0.006054 0.010193 0.004041 -0.043103 
0.057538 0.159561 -0.003292 0.007790 0.001718 -0.039943 
0.067611 0.191573 0.000271 0.003819 -0.002040 -0.030866 
0.079023 0.225542 0.002884 0.001541 -0.004410 -0.026171 
0.090122 0.259022 0.006841 -0.002512 -0.007478 -0.019450 
0.100335 0.293630 0.011760 -0.009003 -0.011209 -0.013813 
0.111825 0.331421 0.013746 -0.010374 -0.012036 0.004949 
0.122886 0.368779 0.014827 -0.011539 -0.011583 0.020240 
0.132555 0.402710 0.015511 -0.011034 -0.013532 0.025597 
0.139184 0.431183 0.016820 -0.012033 -0.013629 0.017646 
0.144798 0.458095 0.015419 -0.008075 -0.002712 0.015993 
0.150468 0.487244 0.013559 -0.000803 0.003536 0.014516 
0.155840 0.517114 0.015887 -0.001518 0.004381 0.013113 
0.158548 0.549978 0.015123 -0.001542 0.003029 0.021054 
0.158337 0.570245 0.012911 0.002314 0.004614 0.011251 
0.153130 0.576758 0.014229 -0.000696 0.000983 -0.009451 
0.149695 0.593302 0.012689 0.001048 0.003891 -0.000932 
0.147027 0.608208 0.013042 -0.001482 0.006908 0.002391 
0.142835 0.622201 0.013030 -0.006381 0.004048 0.031404 
0.135198 0.620210 0.009759 0.001292 -0.003397 0.032768 
0.125715 0.614591 0.011062 0.000352 -0.009512 0.021473 
0.121031 0.622579 0.009535 0.001723 -0.006808 0.043494 
0.116209 0.625487 0.009200 0.000025 -0.003701 0.047105 
0.106846 0.619663 0.008556 -0.000625 -0.004395 0.036364 
0.097083 0.602383 0.008059 0.003948 -0.004005 0.002586 
0.088676 0.601585 0.009068 0.000535 -0.004354 0.002588 
0.083474 0.605064 0.008392 0.000816 -0.002473 0.008769 
0.075219 0.600402 0.009371 -0.001982 -0.004155 -0.000934 
0.065806 0.589144 0.007185 0.002914 -0.001372 -0.018073 
0.059743 0.580106 0.007300 0.001645 0.005356 -0.039838 
0.054000 0.587809 0.008958 -0.003361 0.007462 -0.021166 
0.048689 0.594109 0.007282 -0.000778 0.006735 -0.007196 
0.040634 0.588986 0.008463 -0.002627 0.005096 -0.018910 
0.033433 0.582283 0.006108 0.002666 0.006895 -0.025106 
0.028183 0.584636 0.007241 -0.000874 0.007880 -0.021873 
0.022595 0.594841 0.008111 -0.003890 0.009426 -0.002855 
0.017341 0.596131 0.007123 -0.002144 0.010443 0.002780 
0.007888 0.587316 0.007719 -0.001716 0.000896 -0.012499 
0.001257 0.583752 0.005143 0.004863 -0.001882 -0.013490 
-0.004062 0.590210 0.007100 -0.001708 -0.000395 -0.003376 
-0.009718 0.596718 0.005564 -0.004912 0.001793 0.011419 
-0.016048 0.589633 0.005823 -0.000534 -0.000387 -0.000506 
-0.024456 0.580038 0.007565 -0.000127 -0.004193 -0.016437 
-0.029619 0.581459 0.006397 0.003203 -0.000210 -0.008972 
-0.035786 0.587511 0.008226 -0.002516 0.000669 0.003803 
-0.041977 0.587107 0.006700 0.002308 0.001056 0.006654 
-0.048781 0.575974 0.006740 0.006896 -0.001744 -0.011670 
-0.055984 0.572172 0.007300 0.007455 0.000306 -0.011699 
-0.060725 0.578700 0.006242 0.003559 0.009371 0.002001 
-0.068492 0.583997 0.008018 -0.004933 0.007359 0.014981 
-0.074508 0.577525 0.006045 -0.000880 0.007101 0.008597 
-0.080933 0.566721 0.006952 0.000100 0.005707 -0.010469 
-0.087083 0.567766 0.007126 -0.001628 0.007148 -0.002512 
-0.091942 0.572252 0.007148 -0.005605 0.011099 0.007707 
-0.098261 0.571802 0.008387 -0.010800 0.009070 0.007663 
-0.103415 0.560136 0.005942 -0.003575 0.006982 -0.008893 
-0.110849 0.552326 0.006699 0.002026 -0.003934 -0.018364 
-0.116779 0.558443 0.005964 0.000332 -0.001431 -0.001997 
-0.121998 0.560358 0.006582 -0.002460 -0.000274 0.004251 
-0.128463 0.553232 0.006324 -0.001687 -0.001844 -0.003508 
-0.133219 0.542423 0.004159 0.003626 0.000803 -0.018392 
-0.141604 0.544653 0.006466 -0.000765 -0.001546 -0.006232 
-0.148698 0.550960 0.005473 -0.002131 0.002702 0.013702 
-0.154256 0.542728 0.006485 -0.002653 -0.001499 0.003258 
-0.158160 0.525223 0.005649 -0.001355 -0.000651 -0.014203 
-0.155657 0.504025 0.004231 -0.002001 0.006531 -0.020622 
-0.155849 0.493419 0.006128 -0.009309 0.007439 0.010847 
-0.154070 0.478189 0.005852 -0.009434 0.005855 0.036058 
-0.149128 0.448527 0.006255 -0.007131 -0.000096 0.035567 
-0.142011 0.413324 0.005281 -0.004102 -0.000199 0.023982 
-0.134405 0.384561 0.004752 -0.004761 0.002582 0.023934 
-0.127421 0.359324 0.006175 -0.008421 0.001303 0.026200 
-0.119371 0.331434 0.004222 -0.005810 0.003146 0.026525 
-0.110941 0.301402 0.002641 -0.004681 0.004235 0.021143 
-0.100674 0.266653 0.001668 -0.002108 0.005470 0.004698 
-0.090172 0.232710 0.001477 -0.001386 0.006252 -0.010080 
-0.079962 0.201873 0.000851 -0.001638 0.008392 -0.019925 
-0.070471 0.173444 0.000730 -0.003757 0.008505 -0.026728 
-0.060953 0.146597 0.000940 -0.004620 0.007913 -0.026109 
-0.052321 0.123654 0.000571 -0.002173 0.002645 -0.018237 
-0.043353 0.099813 0.000224 0.001382 -0.000657 -0.013442 
-0.032705 0.074568 -0.000097 0.001140 -0.000119 -0.015017 
-0.021820 0.048430 -0.000423 0.001250 0.000730 -0.016941 
-0.012879 0.029634 -0.000612 0.001090 0.001137 -0.008413 
-0.006426 0.016351 -0.000843 0.001496 0.001572 0.008556 
-0.001190 0.004565 -0.001407 0.002916 0.002517 -0.001021 
0.001430 -0.002723 -0.001481 0.002683 0.002600 -0.012039 
0.001745 -0.007389 -0.001112 0.001660 0.001925 -0.018498 
0.001970 -0.011272 -0.001473 0.002584 0.002731 -0.022891 
0.003186 -0.014668 -0.001964 0.003391 0.003571 -0.030165 
0.004575 -0.016226 -0.002313 0.003958 0.004251 -0.034750 
0.004582 -0.014422 -0.001330 0.002244 0.002470 -0.032412 
0.003339 -0.011002 -0.000523 0.001313 0.000983 -0.024803 
0.001889 -0.007763 -0.000027 0.000734 0.000085 -0.017026 
0.000775 -0.004480 0.000141 -0.000267 -0.000233 -0.009504 
-0.000141 -0.000931 0.000256 -0.000242 -0.000552 -0.002116 
-0.000631 0.002429 0.000319 -0.000456 -0.000558 0.004680 
-0.001065 0.004763 -0.000044 -0.000423 0.000048 0.009751 
-0.002008 0.006459 0.000246 -0.000255 -0.000386 0.014153 
-0.002374 0.007493 0.000540 -0.000761 -0.000881 0.016448 
-0.002407 0.006817 0.000951 -0.001343 -0.001588 0.014992 
-0.002438 0.005788 0.001779 -0.002401 -0.002978 0.012517 
-0.002300 0.005450 0.002428 -0.003610 -0.004026 0.011271 
-0.002066 0.005112 0.002274 -0.003424 -0.003728 0.010294 
-0.001676 0.004601 0.001949 -0.002898 -0.003246 0.009060 
-0.001349 0.004234 0.001507 -0.002279 -0.002501 0.008263 
-0.001035 0.003712 0.001054 -0.001631 -0.001745 0.007101 
-0.000763 0.002916 0.000786 -0.001246 -0.001289 0.005525 
-0.000395 0.002205 0.000448 -0.000683 -0.000742 0.003895 
-0.000058 0.001455 0.000043 0.000032 -0.000074 0.002492 
-0.000024 0.001097 -0.000084 0.000075 0.000145 0.002313 
-0.000001 0.000886 -0.000195 0.000182 0.000321 0.001708 
-0.000027 0.000724 -0.000369 0.000591 0.000614 0.001660 
0.000021 0.000540 -0.000488 0.000832 0.000797 0.001324 
0.000064 0.000385 -0.000488 0.000718 0.000824 0.000959 
0.000200 0.000265 -0.000817 0.001291 0.001352 0.000815 
0.000206 0.000484 -0.000981 0.001554 0.001627 0.001324 
0.000087 0.000490 -0.000968 0.001458 0.001603 0.001510 
0.000182 0.000151 -0.000935 0.001448 0.001580 0.000725 
0.000222 0.000262 -0.000835 0.001210 0.001396 0.000773 
0.000186 0.000456 -0.000733 0.001122 0.001204 0.001043 
0.000157 0.000521 -0.000638 0.000928 0.001031 0.001145 
0.000107 0.000432 -0.000450 0.000648 0.000758 0.000923 
0.000104 0.000400 -0.000370 0.000600 0.000641 0.000839 
0.000063 0.000531 -0.000267 0.000424 0.000445 0.001001 
-0.000009 0.000671 -0.000181 0.000303 0.000285 0.001342 
-0.000043 0.000574 -0.000088 0.000172 0.000133 0.001138 
-0.000093 0.000230 -0.000007 -0.000012 0.000012 0.000563 
-0.000065 0.000030 0.000013 0.000004 -0.000000 0.000174 
-0.000039 -0.000020 0.000039 -0.000042 -0.000072 0.000006 
-0.000033 -0.000106 0.000059 -0.000096 -0.000103 -0.000186 
-0.000018 -0.000379 0.000091 -0.000159 -0.000146 -0.000695 
-0.000024 -0.000563 0.000073 -0.000146 -0.000109 -0.000983 
-0.000010 -0.000438 -0.000002 -0.000027 -0.000009 -0.000737 
-0.000016 -0.000123 0.000011 -0.000009 -0.000011 -0.000186 
-0.000030 -0.000047 0.000069 -0.000101 -0.000119 -0.000084 
-0.000022 -0.000110 0.000060 -0.000052 -0.000094 -0.000198 
-0.000039 -0.000118 0.000045 -0.000041 -0.000057 -0.000156 
-0.000050 -0.000006 0.000031 -0.000006 -0.000051 0.000078 
-0.000031 0.000029 0.000003 -0.000012 -0.000005 0.000114 
-0.000024 -0.000049 0.000000 0.000006 -0.000035 -0.000048 
0.000001 -0.000147 -0.000005 -0.000043 0.000018 -0.000258 
0.000005 -0.000142 -0.000010 -0.000006 0.000003 -0.000264 
0.000010 -0.000027 -0.000005 -0.000021 0.000037 -0.000072 
-0.000004 -0.000006 -0.000005 0.000038 0.000019 0.000024 
0.000003 -0.000008 0.000008 -0.000004 -0.000013 -0.000024 
-0.000014 0.000006 0.000008 -0.000018 -0.000026 0.000024 
-0.000027 0.000052 0.000000 -0.000022 -0.000004 0.000120 
-0.000062 0.000108 0.000013 0.000022 -0.000015 0.000311 
-0.000052 0.000057 0.000005 0.000029 -0.000031 0.000180 
-0.000010 -0.000022 -0.000005 -0.000009 0.000008 -0.000018 
0.000004 -0.000058 0.000005 -0.000018 0.000008 -0.000108 
-0.000006 -0.000022 0.000003 0.000004 -0.000013 -0.000030 
0.000010 -0.000099 -0.000005 0.000005 0.000021 -0.000180 
0.000008 -0.000167 -0.000012 -0.000005 0.000021 -0.000294 
-0.000004 -0.000157 0.000000 -0.000023 -0.000013 -0.000270 
-0.000011 0.000011 0.000003 0.000007 -0.000003 0.000042 
-0.000025 0.000082 0.000000 -0.000007 0.000009 0.000174 
-0.000016 0.000172 0.000008 0.000008 -0.000002 0.000318 
-0.000009 0.000168 0.000007 0.000023 -0.000027 0.000329 
-0.000007 0.000108 0.000015 -0.000006 -0.000032 0.000174 
-0.000008 0.000090 -0.000015 -0.000001 0.000025 0.000174 
-0.000020 0.000058 -0.000002 -0.000013 0.000004 0.000132 
0.000009 -0.000026 0.000005 0.000019 0.000009 -0.000066 
0.000012 -0.000031 -0.000007 0.000013 0.000021 -0.000054 
0.000003 -0.000019 -0.000005 -0.000013 0.000003 -0.000042 
-0.000002 0.000026 -0.000002 -0.000031 0.000005 0.000042 
-0.000011 0.000047 -0.000000 0.000009 0.000000 0.000090 
-0.000015 0.000040 0.000005 0.000022 -0.000037 0.000102 
-0.000000 0.000035 -0.000002 -0.000033 0.000026 0.000060 
-0.000022 0.000059 0.000020 0.000025 -0.000036 0.000126 
-0.000012 0.000056 -0.000007 -0.000012 0.000021 0.000120 
-0.000012 -0.000002 0.000003 0.000001 -0.000024 0.000024 
0.000005 -0.000039 -0.000003 0.000024 0.000016 -0.000066 
0.000006 -0.000022 0.000003 -0.000007 0.000008 -0.000048 
0.000006 -0.000009 -0.000013 0.000012 0.000022 -0.000018 
-0.000003 0.000006 0.000003 -0.000035 -0.000018 0.000012 
-0.000000 0.000004 -0.000005 0.000000 0.000018 -0.000000 
-0.000004 0.000001 0.000005 -0.000003 -0.000029 0.000012 
-0.000010 0.000043 0.000005 -0.000011 0.000005 0.000078 
-0.000007 0.000057 0.000002 0.000012 0.000002 0.000126 
-0.000013 0.000036 0.000002 0.000012 -0.000013 0.000072 
-0.000013 0.000015 0.000002 0.000005 0.000005 0.000042 
-0.000002 -0.000019 0.000003 0.000010 0.000008 -0.000012 
-0.000004 0.000009 0.000000 0.000008 -0.000009 0.000024 
0.000004 -0.000022 -0.000005 -0.000022 -0.000010 -0.000066 
0.000007 -0.000028 -0.000007 -0.000037 0.000015 -0.000054 
-0.000002 -0.000026 -0.000003 0.000019 0.000002 -0.000036 
-0.000001 -0.000000 0.000007 0.000023 -0.000004 0.000006 
-0.000002 0.000017 0.000000 0.000007 0.000006 0.000036 
-0.000004 0.000045 0.000000 -0.000012 0.000013 0.000084 
-0.000007 0.000015 0.000000 -0.000003 -0.000026 0.000018 
-0.000017 0.000027 0.000002 0.000001 0.000000 0.000090 
-0.000012 0.000011 0.000005 0.000009 -0.000008 0.000042 
0.000002 0.000015 0.000000 0.000007 0.000022 0.000030 
0.000003 -0.000028 -0.000005 -0.000001 -0.000001 -0.000054 
-0.000001 -0.000033 -0.000005 -0.000030 -0.000011 -0.000078 
0.000003 -0.000017 0.000002 0.000004 0.000011 -0.000018 
-0.000003 -0.000007 0.000000 0.000008 -0.000009 -0.000018 
0.000006 0.000009 0.000002 0.000011 0.000018 0.000012 
-0.000006 0.000008 -0.000002 -0.000004 0.000004 0.000018 
-0.000004 0.000014 0.000002 0.000004 -0.000004 0.000048 
-0.000005 0.000031 -0.000005 -0.000001 -0.000001 0.000048 
-0.000010 0.000044 0.000005 -0.000021 -0.000018 0.000108 
-0.000013 0.000013 0.000007 0.000020 -0.000015 0.000024 
0.000003 -0.000002 -0.000007 -0.000013 0.000022 0.000006 
-0.000007 -0.000017 0.000005 0.000016 -0.000002 -0.000024 
0.000004 -0.000026 -0.000005 0.000006 0.000005 -0.000036 
0.000012 -0.000030 0.000002 -0.000004 0.000005 -0.000072 
0.000000 0.000001 -0.000007 -0.000005 0.000003 0.000000 
-0.000003 -0.000006 0.000005 -0.000006 -0.000021 -0.000012 
-0.000003 0.000021 -0.000007 -0.000021 0.000021 0.000030 
-0.000006 0.000020 0.000002 -0.000003 -0.000010 0.000042 
-0.000003 0.000030 0.000005 0.000016 -0.000002 0.000054 
-0.000008 0.000020 0.000003 0.000018 -0.000001 0.000060 
-0.000008 0.000002 0.000005 -0.000013 -0.000012 0.000024 
-0.000005 0.000011 -0.000005 -0.000004 -0.000012 0.000012 
-0.000001 -0.000019 0.000005 -0.000003 0.000005 -0.000036 
0.000007 -0.000012 -0.000003 0.000018 0.000017 -0.000024 
-0.000001 -0.000014 -0.000005 -0.000002 0.000014 -0.000012 
0.000003 -0.000017 0.000000 -0.000030 -0.000019 -0.000036 
-0.000000 -0.000007 -0.000000 0.000024 -0.000002 0.000006 
0.000004 -0.000000 -0.000005 -0.000020 0.000006 -0.000036 
-0.000010 0.000032 0.000005 0.000012 0.000003 0.000072 
-0.000008 0.000038 0.000003 -0.000016 0.000009 0.000084 
-0.000009 0.000011 0.000005 0.000035 -0.000009 0.000036 
-0.000003 0.000004 0.000000 0.000000 -0.000000 0.000030 
-0.000003 0.000001 0.000000 -0.000007 -0.000022 0.000000 
-0.000000 -0.000004 -0.000005 -0.000009 0.000008 -0.000006 
0.000005 -0.000013 0.000002 0.000005 0.000005 -0.000048 
0.000006 -0.000043 -0.000002 -0.000012 -0.000012 -0.000072 
-0.000000 -0.000008 -0.000003 0.000003 0.000020 -0.000024 
0.000004 -0.000000 -0.000010 -0.000009 0.000017 -0.000006 
-0.000004 0.000012 0.000013 -0.000011 -0.000028 0.000024 
-0.000007 0.000023 -0.000008 0.000012 0.000013 0.000054 
-0.000000 0.000017 0.000005 0.000008 -0.000002 0.000048 
-0.000009 0.000018 0.000010 0.000008 -0.000011 0.000036 
-0.000005 0.000006 0.000000 0.000007 0.000006 0.000024 
-0.000005 0.000011 -0.000003 0.000012 -0.000005 0.000030 
0.000001 -0.000013 -0.000000 -0.000008 0.000009 -0.000012 
0.000008 -0.000024 -0.000007 -0.000019 -0.000000 -0.000060 
-0.000000 -0.000011 0.000000 -0.000000 0.000000 -0.000030 
-0.000000 -0.000007 0.000000 0.000000 0.000000 -0.000012 
0.000002 -0.000006 -0.000002 -0.000005 -0.000005 -0.000024 
-0.000003 0.000022 0.000007 -0.000003 -0.000004 0.000048 
-0.000003 0.000007 0.000000 -0.000012 0.000013 0.000018 
-0.000013 0.000034 0.000002 0.000033 -0.000026 0.000078 
-0.000001 0.000014 -0.000002 -0.000006 0.000025 0.000030 
-0.000006 0.000009 -0.000001 0.000010 -0.000021 0.000024 
-0.000002 -0.000007 0.000008 -0.000004 -0.000013 0.000006 
0.000008 -0.000020 -0.000005 0.000015 0.000030 -0.000036 
-0.000006 -0.000004 -0.000007 -0.000023 -0.000020 -0.000024 
0.000010 -0.000018 0.000005 -0.000013 0.000011 -0.000042 
0.000002 -0.000020 0.000002 0.000013 -0.000004 -0.000042 
0.000002 0.000006 -0.000010 0.000006 0.000014 0.000012 
-0.000003 0.000004 0.000008 -0.000004 0.000002 0.000012 
-0.000009 0.000024 0.000002 0.000017 -0.000008 0.000066 
-0.000004 0.000014 0.000005 0.000005 -0.000004 0.000030 
-0.000004 0.000014 0.000001 -0.000031 -0.000013 0.000030 
-0.000006 0.000018 -0.000005 0.000013 -0.000011 0.000024 
-0.000000 -0.000010 0.000003 -0.000016 0.000009 -0.000000 
0.000003 -0.000011 -0.000000 0.000022 0.000019 -0.000024 
0.000005 -0.000027 -0.000003 0.000012 -0.000005 -0.000042 
-0.000002 -0.000005 0.000003 -0.000034 -0.000014 -0.000030 
0.000002 -0.000002 -0.000003 0.000011 0.000011 0.000012 
0.000001 -0.000003 -0.000000 0.000022 0.000004 -0.000012 
-0.000004 0.000021 -0.000002 -0.000021 0.000013 0.000042 
0.000000 0.000007 0.000000 0.000000 0.000000 0.000012 
-0.000006 0.000015 0.000000 -0.000006 -0.000022 0.000024 
-0.000010 0.000030 0.000005 0.000002 -0.000014 0.000084 
0.000004 -0.000009 -0.000002 0.000013 0.000028 -0.000030 
-0.000001 -0.000002 0.000005 -0.000013 -0.000027 -0.000012 
0.000006 -0.000018 -0.000002 -0.000013 0.000028 -0.000018 
-0.000003 -0.000016 -0.000005 0.000020 -0.000005 -0.000036 
0.000000 -0.000005 0.000005 0.000018 -0.000010 -0.000000 
0.000006 -0.000004 -0.000005 -0.000021 0.000022 -0.000024 
-0.000004 0.000005 -0.000005 -0.000006 -0.000004 0.000012 
-0.000006 0.000011 0.000003 -0.000011 -0.000011 0.000030 
0.000000 0.000007 0.000003 0.000003 0.000002 0.000012 
-0.000005 0.000029 0.000005 0.000019 0.000009 0.000060 
-0.000006 0.000008 0.000002 0.000016 -0.000018 0.000012 
0.000000 0.000001 -0.000002 0.000003 0.000010 0.000018 
0.000000 -0.000015 -0.000000 -0.000007 -0.000006 -0.000030 
-0.000000 0.000003 0.000000 -0.000008 0.000009 0.000024 
-0.000002 -0.000023 -0.000000 0.000020 -0.000023 -0.000066 
0.000010 -0.000017 -0.000005 -0.000004 0.000022 -0.000012 
-0.000006 0.000012 0.000003 -0.000029 0.000004 0.000012 
0.000001 -0.000008 -0.000005 0.000008 0.000009 -0.000018 
-0.000004 0.000019 0.000007 -0.000010 -0.000025 0.000030 
0.000001 0.000001 -0.000007 0.000002 0.000019 0.000006 
-0.000002 0.000022 0.000007 0.000020 -0.000015 0.000060 
-0.000005 0.000013 0.000003 -0.000024 0.000018 0.000030 
-0.000003 0.000007 -0.000003 0.000024 -0.000018 -0.000000 
-0.000006 -0.000013 0.000000 0.000004 -0.000005 -0.000012 
0.000003 -0.000011 0.000002 0.000000 0.000000 -0.000018 
0.000007 -0.000019 -0.000012 -0.000018 0.000025 -0.000042 
-0.000004 -0.000009 0.000010 -0.000009 -0.000025 -0.000018 
-0.000000 0.000000 0.000000 -0.000000 0.000000 -0.000006 
0.000002 -0.000006 -0.000007 -0.000005 0.000013 -0.000012 
0.000001 0.000019 0.000000 0.000006 0.000012 0.000036 
-0.000000 0.000014 0.000002 0.000004 -0.000004 0.000042 
-0.000011 0.000020 0.000005 0.000009 -0.000008 0.000042 
-0.000001 0.000020 0.000000 0.000000 -0.000000 0.000036 
0.000000 0.000000 0.000000 -0.000012 0.000014 -0.000006 
-0.000005 -0.000000 0.000002 0.000002 -0.000030 0.000000 
-0.000002 -0.000013 0.000003 -0.000011 -0.000011 -0.000024 
0.000007 -0.000032 -0.000005 0.000021 0.000027 -0.000054 
0.000005 -0.000005 -0.000000 -0.000000 0.000000 -0.000018 
-0.000002 -0.000016 0.000000 0.000000 -0.000000 -0.000018 
0.000001 0.000016 -0.000005 -0.000009 0.000008 0.000018 
-0.000001 -0.000004 0.000005 0.000017 -0.000017 0.000012 
-0.000009 0.000026 -0.000005 -0.000031 0.000004 0.000042 
0.000004 0.000030 0.000002 0.000015 0.000022 0.000066 
-0.000006 0.000002 0.000003 0.000008 -0.000018 0.000012 
-0.000010 0.000013 0.000002 -0.000017 -0.000023 0.000018 
0.000001 -0.000011 -0.000002 0.000003 0.000010 -0.000006 
0.000002 -0.000009 -0.000000 0.000014 0.000013 -0.000024 
0.000005 -0.000024 0.000003 -0.000004 -0.000004 -0.000054 
0.000001 0.000002 -0.000010 -0.000015 0.000004 0.000012 
-0.000000 -0.000021 0.000007 0.000019 0.000000 -0.000030 
-0.000001 0.000011 -0.000005 -0.000023 -0.000005 0.000012 
-0.000000 0.000010 -0.000002 -0.000016 0.000018 0.000018 
-0.000006 0.000004 0.000010 0.000044 -0.000017 0.000012 
-0.000004 0.000031 -0.000002 -0.000004 0.000004 0.000060 
-0.000004 0.000014 0.000002 -0.000022 -0.000003 0.000018 
-0.000000 0.000004 -0.000007 -0.000001 -0.000001 0.000006 
0.000001 -0.000015 0.000007 0.000005 -0.000013 -0.000030 
-0.000003 -0.000004 -0.000003 0.000004 0.000004 0.000018 
0.000006 -0.000026 0.000002 0.000019 0.000009 -0.000048 
0.000001 0.000001 -0.000002 -0.000004 0.000004 0.000000 
0.000001 -0.000010 -0.000005 -0.000031 -0.000011 -0.000030 
-0.000003 0.000005 0.000005 0.000016 -0.000002 -0.000000 
0.000000 -0.000000 0.000000 0.000014 0.000013 0.000012 
-0.000006 0.000023 0.000010 -0.000008 -0.000017 0.000042 
-0.000003 0.000011 -0.000008 -0.000002 0.000001 0.000024 
0.000001 0.000015 0.000000 0.000006 0.000012 0.000030 
-0.000004 0.000011 -0.000000 -0.000025 -0.000005 0.000030 
0.000002 -0.000023 0.000000 0.000011 -0.000008 -0.000054 
0.000001 -0.000008 -0.000003 0.000004 0.000004 -0.000012 
0.000003 -0.000021 0.000003 0.000010 0.000008 -0.000036 
0.000002 -0.000005 -0.000003 0.000012 -0.000005 -0.000018 
-0.000002 0.000005 0.000000 -0.000008 0.000009 0.000030 
-0.000003 0.000001 0.000000 -0.000007 -0.000022 -0.000012 
0.000003 0.000006 -0.000000 0.000007 0.000022 0.000006 
-0.000006 0.000015 0.000005 0.000009 -0.000008 0.000042 
-0.000002 0.000026 -0.000005 -0.000009 0.000008 0.000048 
-0.000004 -0.000011 0.000005 0.000005 -0.000004 -0.000012 
-0.000001 0.000015 0.000000 -0.000005 -0.000005 0.000018 
0.000000 -0.000014 -0.000002 -0.000004 0.000004 -0.000006 
0.000006 -0.000010 -0.000003 -0.000008 0.000018 -0.000024 
-0.000000 -0.000011 0.000000 -0.000000 0.000000 -0.000030 
-0.000003 -0.000003 -0.000000 -0.000006 -0.000037 -0.000018 
-0.000002 -0.000005 0.000005 -0.000011 -0.000010 0.000006 
0.000002 0.000006 -0.000005 0.000029 0.000034 0.000012 
-0.000006 0.000012 0.000005 -0.000006 -0.000021 0.000024 
