0.595378 -0.406637 0.488791 1.571503 -0.000270 -3.140769 
0.595378 -0.406637 0.488791 1.571503 -0.000270 -3.140770 
0.595378 -0.406637 0.488791 1.571503 -0.000270 -3.140769 
0.595378 -0.406637 0.488791 1.571503 -0.000270 -3.140769 
0.595378 -0.406637 0.488791 1.571503 -0.000270 -3.140769 
0.595378 -0.406637 0.488791 1.571503 -0.000270 -3.140769 
0.595378 -0.406637 0.488791 1.571503 -0.000270 -3.140769 
0.595378 -0.406637 0.488791 1.571503 -0.000270 -3.140769 
0.595378 -0.406637 0.488791 1.571503 -0.000270 -3.140769 
0.595378 -0.406637 0.488791 1.571503 -0.000270 -3.140769 
0.595378 -0.406637 0.488791 1.571503 -0.000270 -3.140769 
0.595378 -0.406637 0.488791 1.571503 -0.000270 -3.140769 
0.595378 -0.406637 0.488791 1.571503 -0.000270 -3.140769 
0.595378 -0.406637 0.488791 1.571503 -0.000270 -3.140769 
0.595378 -0.406637 0.488791 1.571503 -0.000270 -3.140769 
0.595378 -0.406637 0.488791 1.571503 -0.000269 -3.140768 
0.595378 -0.406637 0.488791 1.571503 -0.000269 -3.140768 
0.595378 -0.406637 0.488791 1.571503 -0.000269 -3.140768 
0.595378 -0.406637 0.488791 1.571503 -0.000270 -3.140769 
0.595378 -0.406637 0.488791 1.571502 -0.000270 -3.140769 
0.595378 -0.406637 0.488791 1.571503 -0.000270 -3.140769 
0.595378 -0.406638 0.488791 1.571502 -0.000269 -3.140769 
0.595378 -0.406637 0.488791 1.571503 -0.000270 -3.140769 
0.595378 -0.406637 0.488791 1.571503 -0.000269 -3.140768 
0.595378 -0.406637 0.488791 1.571503 -0.000269 -3.140768 
0.595378 -0.406637 0.488792 1.571503 -0.000269 -3.140768 
0.595378 -0.406637 0.488792 1.571503 -0.000269 -3.140768 
0.595378 -0.406637 0.488792 1.571503 -0.000269 -3.140768 
0.595378 -0.406637 0.488791 1.571503 -0.000269 -3.140768 
0.595378 -0.406637 0.488791 1.571503 -0.000269 -3.140768 
0.595378 -0.406637 0.488791 1.571503 -0.000269 -3.140768 
0.595378 -0.406638 0.488791 1.571502 -0.000270 -3.140768 
0.595378 -0.406637 0.488791 1.571502 -0.000269 -3.140768 
0.595378 -0.406637 0.488791 1.571503 -0.000270 -3.140768 
0.595378 -0.406637 0.488791 1.571503 -0.000269 -3.140768 
0.595378 -0.406637 0.488792 1.571503 -0.000269 -3.140768 
0.595378 -0.406637 0.488792 1.571503 -0.000269 -3.140768 
0.595378 -0.406637 0.488792 1.571503 -0.000269 -3.140768 
0.595378 -0.406637 0.488792 1.571503 -0.000269 -3.140768 
0.595378 -0.406637 0.488792 1.571503 -0.000269 -3.140768 
0.595378 -0.406637 0.488791 1.571503 -0.000269 -3.140768 
0.595378 -0.406637 0.488791 1.571503 -0.000269 -3.140768 
0.595378 -0.406637 0.488792 1.571503 -0.000269 -3.140768 
0.595378 -0.406637 0.488791 1.571503 -0.000269 -3.140768 
0.595378 -0.406637 0.488792 1.571503 -0.000269 -3.140768 
0.595378 -0.406637 0.488792 1.571503 -0.000269 -3.140768 
0.595378 -0.406637 0.488792 1.571503 -0.000269 -3.140768 
0.595378 -0.406637 0.488792 1.571503 -0.000269 -3.140768 
0.595378 -0.406637 0.488792 1.571503 -0.000269 -3.140768 
0.595378 -0.406637 0.488792 1.571503 -0.000269 -3.140768 
0.595378 -0.406637 0.488792 1.571503 -0.000269 -3.140768 
0.595378 -0.406637 0.488791 1.571503 -0.000269 -3.140768 
0.595378 -0.406637 0.488792 1.571503 -0.000269 -3.140768 
0.595378 -0.406637 0.488792 1.571503 -0.000269 -3.140768 
0.595378 -0.406637 0.488792 1.571503 -0.000269 -3.140768 
0.595378 -0.406637 0.488792 1.571503 -0.000269 -3.140768 
0.595378 -0.406637 0.488792 1.571503 -0.000269 -3.140768 
0.595378 -0.406637 0.488792 1.571503 -0.000269 -3.140768 
0.595378 -0.406637 0.488792 1.571503 -0.000269 -3.140768 
0.595378 -0.406637 0.488792 1.571503 -0.000269 -3.140768 
0.595378 -0.406637 0.488792 1.571503 -0.000269 -3.140768 
0.595378 -0.406637 0.488792 1.571503 -0.000269 -3.140768 
0.595378 -0.406637 0.488792 1.571503 -0.000269 -3.140768 
0.595378 -0.406637 0.488792 1.571503 -0.000269 -3.140768 
0.595378 -0.406637 0.488792 1.571503 -0.000269 -3.140768 
0.595378 -0.406637 0.488792 1.571503 -0.000269 -3.140768 
0.595378 -0.406637 0.488792 1.571503 -0.000269 -3.140768 
0.595378 -0.406637 0.488792 1.571503 -0.000269 -3.140768 
0.595378 -0.406637 0.488792 1.571503 -0.000269 -3.140768 
0.595378 -0.406637 0.488792 1.571503 -0.000269 -3.140768 
0.595378 -0.406637 0.488792 1.571503 -0.000269 -3.140768 
0.595378 -0.406637 0.488792 1.571503 -0.000269 -3.140769 
0.595378 -0.406637 0.488792 1.571503 -0.000269 -3.140768 
0.595378 -0.406637 0.488792 1.571503 -0.000269 -3.140768 
0.595378 -0.406637 0.488792 1.571503 -0.000269 -3.140768 
0.595378 -0.406637 0.488792 1.571503 -0.000269 -3.140768 
0.595378 -0.406637 0.488792 1.571503 -0.000269 -3.140768 
0.595378 -0.406637 0.488792 1.571503 -0.000269 -3.140768 
0.595378 -0.406637 0.488792 1.571503 -0.000269 -3.140768 
0.595378 -0.406637 0.488792 1.571503 -0.000269 -3.140769 
0.595378 -0.406637 0.488792 1.571503 -0.000269 -3.140769 
0.595378 -0.406637 0.488791 1.571503 -0.000269 -3.140769 
0.595378 -0.406637 0.488792 1.571503 -0.000269 -3.140769 
0.595378 -0.406637 0.488791 1.571504 -0.000269 -3.140769 
0.595378 -0.406637 0.488792 1.571503 -0.000269 -3.140768 
0.595378 -0.406637 0.488792 1.571503 -0.000269 -3.140768 
0.595378 -0.406637 0.488792 1.571503 -0.000269 -3.140768 
0.595378 -0.406637 0.488792 1.571503 -0.000269 -3.140768 
0.595378 -0.406637 0.488792 1.571503 -0.000269 -3.140769 
0.595378 -0.406637 0.488792 1.571503 -0.000269 -3.140768 
0.595378 -0.406637 0.488791 1.571503 -0.000269 -3.140769 
0.595378 -0.406637 0.488791 1.571503 -0.000269 -3.140768 
0.595378 -0.406637 0.488792 1.571503 -0.000269 -3.140769 
0.595378 -0.406637 0.488791 1.571503 -0.000269 -3.140769 
0.595378 -0.406637 0.488792 1.571503 -0.000269 -3.140768 
0.595378 -0.406637 0.488791 1.571503 -0.000269 -3.140769 
0.595378 -0.406637 0.488791 1.571503 -0.000269 -3.140769 
0.595378 -0.406637 0.488791 1.571503 -0.000269 -3.140769 
0.595378 -0.406637 0.488791 1.571503 -0.000269 -3.140769 
0.595378 -0.406637 0.488792 1.571503 -0.000269 -3.140768 
0.595378 -0.406637 0.488792 1.571503 -0.000269 -3.140768 
0.595378 -0.406637 0.488792 1.571503 -0.000269 -3.140768 
0.595378 -0.406637 0.488791 1.571503 -0.000269 -3.140768 
0.595378 -0.406637 0.488792 1.571503 -0.000269 -3.140768 
0.595378 -0.406637 0.488791 1.571503 -0.000269 -3.140769 
0.595378 -0.406637 0.488791 1.571503 -0.000269 -3.140769 
0.595378 -0.406637 0.488791 1.571503 -0.000269 -3.140769 
0.595378 -0.406637 0.488791 1.571503 -0.000269 -3.140769 
0.595378 -0.406637 0.488791 1.571503 -0.000269 -3.140769 
0.595378 -0.406637 0.488791 1.571503 -0.000269 -3.140769 
0.595378 -0.406637 0.488791 1.571503 -0.000269 -3.140769 
0.595378 -0.406637 0.488791 1.571503 -0.000269 -3.140769 
0.595378 -0.406637 0.488791 1.571503 -0.000269 -3.140769 
0.595378 -0.406637 0.488791 1.571503 -0.000269 -3.140769 
0.595370 -0.406607 0.488752 1.571537 -0.000391 -3.140726 
0.595441 -0.406497 0.488447 1.571676 -0.000813 -3.141259 
0.595534 -0.406353 0.487871 1.571883 -0.001246 3.141289 
0.595593 -0.406202 0.487191 1.572096 -0.001702 3.140891 
0.595635 -0.406093 0.486529 1.572224 -0.001918 3.140595 
0.595613 -0.406049 0.486052 1.572195 -0.001869 3.140806 
0.595541 -0.406044 0.485731 1.571923 -0.001671 3.141392 
0.595487 -0.406059 0.485532 1.571361 -0.001341 -3.141239 
0.595424 -0.406094 0.485534 1.570775 -0.000933 -3.140565 
0.595381 -0.406123 0.485710 1.570505 -0.000538 -3.140018 
0.595310 -0.406225 0.485980 1.570415 -0.000110 -3.139524 
0.595246 -0.406322 0.486334 1.570458 0.000310 -3.139100 
0.595212 -0.406395 0.486806 1.570558 0.000668 -3.138898 
0.595198 -0.406479 0.487307 1.570525 0.000856 -3.138995 
0.595241 -0.406535 0.487778 1.570474 0.000925 -3.139421 
0.595329 -0.406587 0.488185 1.570410 0.000869 -3.140170 
0.595393 -0.406618 0.488574 1.570457 0.000717 -3.140768 
0.595438 -0.406611 0.488894 1.570565 0.000493 -3.141171 
0.595442 -0.406589 0.489130 1.570691 0.000241 -3.141266 
0.595407 -0.406550 0.489261 1.570758 -0.000012 -3.141056 
0.595381 -0.406510 0.489335 1.570792 -0.000178 -3.140870 
0.595351 -0.406494 0.489384 1.570794 -0.000277 -3.140696 
0.595335 -0.406490 0.489370 1.570779 -0.000321 -3.140603 
0.595342 -0.406483 0.489318 1.570778 -0.000364 -3.140649 
0.595370 -0.406472 0.489226 1.570769 -0.000428 -3.140828 
0.595400 -0.406467 0.489091 1.570760 -0.000493 -3.141036 
0.595417 -0.406458 0.488974 1.570755 -0.000547 -3.141147 
0.595419 -0.406449 0.488861 1.570762 -0.000595 -3.141170 
0.595407 -0.406448 0.488750 1.570761 -0.000599 -3.141093 
0.595384 -0.406451 0.488644 1.570764 -0.000564 -3.140950 
0.595349 -0.406458 0.488569 1.570769 -0.000512 -3.140731 
0.595314 -0.406465 0.488529 1.570762 -0.000476 -3.140511 
0.595302 -0.406474 0.488498 1.570762 -0.000424 -3.140438 
0.595304 -0.406483 0.488480 1.570757 -0.000370 -3.140457 
0.595309 -0.406486 0.488481 1.570758 -0.000355 -3.140489 
0.595305 -0.406488 0.488490 1.570753 -0.000351 -3.140468 
0.595299 -0.406491 0.488509 1.570752 -0.000336 -3.140429 
0.595293 -0.406491 0.488532 1.570758 -0.000323 -3.140389 
0.595293 -0.406496 0.488555 1.570758 -0.000288 -3.140385 
0.595293 -0.406504 0.488586 1.570757 -0.000240 -3.140387 
0.595302 -0.406512 0.488623 1.570757 -0.000188 -3.140443 
0.595319 -0.406523 0.488659 1.570754 -0.000127 -3.140550 
0.595339 -0.406529 0.488686 1.570759 -0.000072 -3.140671 
0.595355 -0.406535 0.488707 1.570760 -0.000029 -3.140770 
0.595365 -0.406537 0.488724 1.570762 -0.000007 -3.140825 
0.595362 -0.406538 0.488740 1.570761 -0.000006 -3.140811 
0.595359 -0.406537 0.488749 1.570758 -0.000020 -3.140790 
0.595355 -0.406535 0.488757 1.570757 -0.000042 -3.140773 
0.595354 -0.406533 0.488764 1.570754 -0.000061 -3.140769 
0.595354 -0.406531 0.488770 1.570753 -0.000071 -3.140767 
0.595354 -0.406530 0.488775 1.570753 -0.000082 -3.140765 
0.595353 -0.406528 0.488778 1.570751 -0.000090 -3.140764 
0.595353 -0.406528 0.488780 1.570750 -0.000096 -3.140764 
0.595354 -0.406528 0.488781 1.570748 -0.000098 -3.140765 
0.595354 -0.406527 0.488780 1.570748 -0.000098 -3.140766 
0.595354 -0.406527 0.488780 1.570748 -0.000099 -3.140765 
0.595353 -0.406527 0.488780 1.570748 -0.000099 -3.140763 
0.595353 -0.406525 0.488780 1.570751 -0.000101 -3.140756 
0.595352 -0.406523 0.488779 1.570754 -0.000104 -3.140748 
0.595351 -0.406521 0.488780 1.570757 -0.000105 -3.140739 
0.595350 -0.406520 0.488780 1.570761 -0.000108 -3.140733 
0.595348 -0.406519 0.488780 1.570759 -0.000113 -3.140721 
0.595345 -0.406519 0.488778 1.570757 -0.000120 -3.140709 
0.595344 -0.406519 0.488776 1.570754 -0.000126 -3.140704 
0.595344 -0.406520 0.488774 1.570751 -0.000129 -3.140702 
0.595344 -0.406519 0.488772 1.570750 -0.000133 -3.140704 
0.595345 -0.406518 0.488770 1.570750 -0.000138 -3.140710 
0.595346 -0.406517 0.488769 1.570752 -0.000143 -3.140710 
0.595346 -0.406516 0.488768 1.570753 -0.000148 -3.140710 
0.595347 -0.406514 0.488767 1.570754 -0.000153 -3.140715 
0.595347 -0.406513 0.488767 1.570755 -0.000157 -3.140716 
0.595346 -0.406512 0.488766 1.570755 -0.000163 -3.140713 
0.595346 -0.406511 0.488767 1.570755 -0.000170 -3.140712 
0.595346 -0.406510 0.488768 1.570754 -0.000177 -3.140712 
0.595346 -0.406510 0.488770 1.570753 -0.000182 -3.140709 
0.595346 -0.406510 0.488770 1.570751 -0.000186 -3.140711 
0.595346 -0.406510 0.488769 1.570750 -0.000191 -3.140715 
0.595346 -0.406509 0.488769 1.570750 -0.000196 -3.140716 
0.595346 -0.406509 0.488769 1.570750 -0.000200 -3.140715 
0.595346 -0.406508 0.488770 1.570750 -0.000203 -3.140716 
0.595346 -0.406508 0.488770 1.570750 -0.000206 -3.140715 
0.595346 -0.406507 0.488771 1.570751 -0.000210 -3.140711 
0.595345 -0.406506 0.488772 1.570752 -0.000213 -3.140709 
0.595345 -0.406506 0.488772 1.570751 -0.000216 -3.140708 
0.595345 -0.406506 0.488773 1.570750 -0.000217 -3.140708 
0.595345 -0.406506 0.488773 1.570749 -0.000218 -3.140707 
0.595345 -0.406506 0.488772 1.570748 -0.000220 -3.140708 
0.595345 -0.406506 0.488771 1.570749 -0.000221 -3.140710 
0.595345 -0.406506 0.488770 1.570749 -0.000222 -3.140711 
0.595345 -0.406506 0.488770 1.570749 -0.000222 -3.140711 
0.595345 -0.406506 0.488770 1.570749 -0.000223 -3.140711 
0.595345 -0.406505 0.488769 1.570749 -0.000224 -3.140711 
0.595345 -0.406505 0.488769 1.570749 -0.000224 -3.140710 
0.595345 -0.406505 0.488769 1.570749 -0.000225 -3.140710 
0.595345 -0.406505 0.488769 1.570749 -0.000225 -3.140710 
0.595345 -0.406505 0.488769 1.570749 -0.000225 -3.140709 
0.595345 -0.406505 0.488769 1.570748 -0.000225 -3.140708 
0.595345 -0.406505 0.488769 1.570748 -0.000226 -3.140707 
0.595345 -0.406505 0.488769 1.570748 -0.000226 -3.140707 
0.595345 -0.406505 0.488769 1.570749 -0.000226 -3.140707 
0.595345 -0.406505 0.488769 1.570749 -0.000226 -3.140707 
0.595345 -0.406505 0.488769 1.570749 -0.000226 -3.140708 
0.595345 -0.406505 0.488769 1.570749 -0.000227 -3.140707 
0.595345 -0.406505 0.488769 1.570749 -0.000227 -3.140707 
0.595345 -0.406505 0.488769 1.570749 -0.000227 -3.140706 
0.595344 -0.406505 0.488769 1.570749 -0.000227 -3.140705 
0.595344 -0.406505 0.488770 1.570748 -0.000227 -3.140705 
0.595344 -0.406505 0.488770 1.570748 -0.000228 -3.140704 
0.595344 -0.406505 0.488770 1.570748 -0.000228 -3.140704 
0.595344 -0.406505 0.488770 1.570748 -0.000228 -3.140704 
0.595344 -0.406505 0.488769 1.570749 -0.000228 -3.140704 
0.595344 -0.406505 0.488769 1.570749 -0.000228 -3.140705 
0.595344 -0.406505 0.488769 1.570749 -0.000228 -3.140705 
0.595344 -0.406505 0.488769 1.570749 -0.000228 -3.140705 
0.595344 -0.406505 0.488769 1.570749 -0.000228 -3.140704 
0.595344 -0.406505 0.488769 1.570749 -0.000228 -3.140704 
0.595344 -0.406505 0.488769 1.570749 -0.000228 -3.140704 
0.595344 -0.406505 0.488769 1.570748 -0.000228 -3.140704 
0.595344 -0.406505 0.488769 1.570748 -0.000228 -3.140704 
0.595344 -0.406505 0.488769 1.570748 -0.000228 -3.140704 
0.595344 -0.406505 0.488769 1.570748 -0.000228 -3.140704 
0.595344 -0.406505 0.488769 1.570748 -0.000228 -3.140705 
0.595344 -0.406505 0.488769 1.570748 -0.000229 -3.140705 
0.595344 -0.406505 0.488768 1.570749 -0.000229 -3.140706 
0.595345 -0.406505 0.488769 1.570749 -0.000229 -3.140706 
0.595344 -0.406505 0.488769 1.570749 -0.000229 -3.140705 
0.595344 -0.406505 0.488769 1.570748 -0.000229 -3.140705 
0.595344 -0.406505 0.488769 1.570748 -0.000229 -3.140705 
0.595344 -0.406505 0.488769 1.570748 -0.000229 -3.140705 
0.595344 -0.406505 0.488769 1.570748 -0.000229 -3.140704 
0.595344 -0.406505 0.488769 1.570747 -0.000229 -3.140705 
0.595344 -0.406505 0.488768 1.570747 -0.000229 -3.140705 
0.595344 -0.406505 0.488768 1.570748 -0.000229 -3.140705 
0.595345 -0.406505 0.488768 1.570748 -0.000230 -3.140706 
0.595345 -0.406504 0.488768 1.570749 -0.000229 -3.140706 
0.595345 -0.406504 0.488768 1.570749 -0.000230 -3.140705 
0.595344 -0.406504 0.488768 1.570749 -0.000229 -3.140705 
0.595344 -0.406504 0.488768 1.570749 -0.000230 -3.140705 
0.595344 -0.406505 0.488768 1.570749 -0.000230 -3.140705 
0.595344 -0.406505 0.488768 1.570748 -0.000230 -3.140705 
0.595344 -0.406505 0.488768 1.570748 -0.000230 -3.140705 
0.595349 -0.406504 0.488760 1.570755 -0.000215 -3.140723 
0.595381 -0.406486 0.488707 1.570806 -0.000140 -3.140799 
0.595420 -0.406473 0.488595 1.570866 0.000013 -3.140887 
0.595457 -0.406465 0.488460 1.570925 0.000197 -3.140988 
0.595500 -0.406445 0.488332 1.571006 0.000367 -3.141087 
0.595544 -0.406422 0.488202 1.571090 0.000539 -3.141190 
0.595596 -0.406388 0.488065 1.571190 0.000716 -3.141300 
0.595656 -0.406333 0.487926 1.571262 0.000896 -3.141414 
0.595727 -0.406250 0.487794 1.571261 0.001062 -3.141522 
0.595813 -0.406118 0.487683 1.571218 0.001203 3.141571 
0.595920 -0.405903 0.487604 1.571204 0.001304 3.141505 
0.596050 -0.405590 0.487553 1.571173 0.001370 3.141463 
0.596214 -0.405159 0.487533 1.571197 0.001400 3.141448 
0.596413 -0.404621 0.487540 1.571142 0.001403 3.141456 
0.596645 -0.403973 0.487570 1.571000 0.001378 3.141485 
0.596911 -0.403194 0.487642 1.570790 0.001298 3.141548 
0.597224 -0.402265 0.487742 1.570570 0.001182 -3.141552 
0.597593 -0.401180 0.487860 1.570359 0.001045 -3.141453 
0.598019 -0.399942 0.487977 1.570180 0.000911 -3.141353 
0.598508 -0.398537 0.488086 1.570030 0.000792 -3.141261 
0.599065 -0.396948 0.488188 1.569947 0.000685 -3.141169 
0.599683 -0.395183 0.488292 1.569924 0.000577 -3.141076 
0.600357 -0.393253 0.488403 1.569926 0.000462 -3.140978 
0.601087 -0.391148 0.488508 1.569990 0.000362 -3.140879 
0.601875 -0.388880 0.488609 1.570112 0.000277 -3.140810 
0.602725 -0.386460 0.488713 1.570267 0.000230 -3.140848 
0.603622 -0.383898 0.488812 1.570453 0.000218 -3.140902 
0.604541 -0.381236 0.488909 1.570598 0.000210 -3.140944 
0.605469 -0.378517 0.488997 1.570658 0.000205 -3.140980 
0.606392 -0.375740 0.489066 1.570581 0.000211 -3.140989 
0.607318 -0.372882 0.489124 1.570528 0.000229 -3.140994 
0.608253 -0.369946 0.489184 1.570595 0.000241 -3.141055 
0.609197 -0.366934 0.489239 1.570772 0.000252 -3.141122 
0.610134 -0.363890 0.489296 1.570858 0.000257 -3.141156 
0.611061 -0.360808 0.489349 1.571003 0.000261 -3.141162 
0.611976 -0.357701 0.489399 1.571214 0.000262 -3.141152 
0.612870 -0.354605 0.489452 1.571390 0.000259 -3.141115 
0.613741 -0.351535 0.489503 1.571519 0.000262 -3.141079 
0.614571 -0.348518 0.489552 1.571569 0.000264 -3.141028 
0.615367 -0.345540 0.489591 1.571567 0.000288 -3.140968 
0.616143 -0.342549 0.489634 1.571589 0.000299 -3.140900 
0.616906 -0.339555 0.489680 1.571614 0.000309 -3.140831 
0.617656 -0.336561 0.489725 1.571619 0.000326 -3.140764 
0.618377 -0.333587 0.489768 1.571588 0.000343 -3.140690 
0.619076 -0.330638 0.489804 1.571519 0.000375 -3.140635 
0.619753 -0.327705 0.489839 1.571426 0.000399 -3.140589 
0.620413 -0.324776 0.489872 1.571302 0.000435 -3.140542 
0.621052 -0.321861 0.489906 1.571161 0.000465 -3.140500 
0.621664 -0.318957 0.489944 1.571000 0.000473 -3.140452 
0.622267 -0.316030 0.489985 1.570858 0.000486 -3.140401 
0.622864 -0.313072 0.490030 1.570776 0.000481 -3.140349 
0.623461 -0.310088 0.490073 1.570746 0.000488 -3.140316 
0.624056 -0.307097 0.490116 1.570711 0.000496 -3.140347 
0.624632 -0.304102 0.490152 1.570698 0.000511 -3.140396 
0.625187 -0.301111 0.490184 1.570699 0.000529 -3.140455 
0.625724 -0.298112 0.490217 1.570695 0.000547 -3.140516 
0.626244 -0.295118 0.490246 1.570683 0.000573 -3.140563 
0.626742 -0.292143 0.490280 1.570647 0.000594 -3.140625 
0.627220 -0.289159 0.490316 1.570628 0.000619 -3.140670 
0.627690 -0.286144 0.490352 1.570673 0.000637 -3.140713 
0.628157 -0.283114 0.490391 1.570741 0.000645 -3.140779 
0.628611 -0.280083 0.490433 1.570776 0.000650 -3.140831 
0.629036 -0.277052 0.490474 1.570818 0.000666 -3.140819 
0.629430 -0.274046 0.490508 1.570838 0.000695 -3.140780 
0.629800 -0.271043 0.490548 1.570854 0.000700 -3.140734 
0.630157 -0.268051 0.490588 1.570830 0.000699 -3.140687 
0.630497 -0.265072 0.490633 1.570789 0.000693 -3.140648 
0.630814 -0.262087 0.490685 1.570760 0.000680 -3.140592 
0.631117 -0.259086 0.490731 1.570765 0.000680 -3.140542 
0.631407 -0.256071 0.490776 1.570797 0.000668 -3.140503 
0.631691 -0.253054 0.490822 1.570838 0.000661 -3.140472 
0.631963 -0.250039 0.490873 1.570846 0.000656 -3.140435 
0.632209 -0.247051 0.490914 1.570835 0.000661 -3.140403 
0.632436 -0.244088 0.490952 1.570787 0.000679 -3.140387 
0.632651 -0.241122 0.490997 1.570722 0.000677 -3.140409 
0.632851 -0.238161 0.491046 1.570654 0.000680 -3.140426 
0.633041 -0.235191 0.491100 1.570611 0.000673 -3.140459 
0.633210 -0.232203 0.491150 1.570605 0.000661 -3.140481 
0.633363 -0.229211 0.491190 1.570621 0.000675 -3.140484 
0.633502 -0.226214 0.491234 1.570655 0.000672 -3.140487 
0.633628 -0.223219 0.491273 1.570656 0.000679 -3.140489 
0.633735 -0.220243 0.491307 1.570630 0.000700 -3.140491 
0.633817 -0.217282 0.491336 1.570622 0.000729 -3.140510 
0.633871 -0.214327 0.491365 1.570607 0.000765 -3.140494 
0.633912 -0.211375 0.491398 1.570588 0.000797 -3.140476 
0.633946 -0.208406 0.491435 1.570605 0.000818 -3.140472 
0.633962 -0.205427 0.491475 1.570619 0.000823 -3.140459 
0.633968 -0.202439 0.491503 1.570664 0.000823 -3.140490 
0.633962 -0.199458 0.491533 1.570702 0.000802 -3.140555 
0.633942 -0.196482 0.491569 1.570723 0.000778 -3.140607 
0.633912 -0.193510 0.491602 1.570727 0.000759 -3.140668 
0.633856 -0.190561 0.491637 1.570724 0.000734 -3.140727 
0.633779 -0.187631 0.491665 1.570693 0.000724 -3.140794 
0.633681 -0.184699 0.491699 1.570658 0.000705 -3.140835 
0.633578 -0.181748 0.491735 1.570665 0.000677 -3.140902 
0.633466 -0.178794 0.491772 1.570683 0.000645 -3.140982 
0.633319 -0.175842 0.491806 1.570708 0.000645 -3.140974 
0.633152 -0.172904 0.491832 1.570745 0.000670 -3.140942 
0.632970 -0.169969 0.491863 1.570769 0.000680 -3.140908 
0.632774 -0.167040 0.491897 1.570760 0.000688 -3.140871 
0.632563 -0.164134 0.491932 1.570715 0.000699 -3.140834 
0.632327 -0.161240 0.491965 1.570698 0.000708 -3.140802 
0.632073 -0.158354 0.491996 1.570659 0.000725 -3.140770 
0.631808 -0.155447 0.492032 1.570663 0.000728 -3.140738 
0.631533 -0.152532 0.492069 1.570695 0.000721 -3.140716 
0.631243 -0.149615 0.492109 1.570707 0.000715 -3.140687 
0.630935 -0.146704 0.492142 1.570734 0.000714 -3.140676 
0.630619 -0.143807 0.492173 1.570755 0.000687 -3.140721 
0.630293 -0.140919 0.492209 1.570743 0.000653 -3.140776 
0.629953 -0.138041 0.492243 1.570725 0.000635 -3.140830 
0.629593 -0.135185 0.492277 1.570699 0.000630 -3.140878 
0.629212 -0.132339 0.492305 1.570651 0.000640 -3.140922 
0.628808 -0.129472 0.492335 1.570665 0.000646 -3.140936 
0.628396 -0.126604 0.492365 1.570685 0.000645 -3.140958 
0.627974 -0.123731 0.492397 1.570708 0.000643 -3.140976 
0.627527 -0.120862 0.492432 1.570738 0.000632 -3.140966 
0.627066 -0.118014 0.492459 1.570767 0.000638 -3.140974 
0.626587 -0.115176 0.492494 1.570766 0.000625 -3.140974 
0.626092 -0.112347 0.492530 1.570745 0.000619 -3.140956 
0.625590 -0.109545 0.492562 1.570689 0.000618 -3.140954 
0.625064 -0.106744 0.492597 1.570654 0.000602 -3.140948 
0.624521 -0.103932 0.492623 1.570654 0.000607 -3.140949 
0.623962 -0.101116 0.492651 1.570689 0.000599 -3.140943 
0.623392 -0.098291 0.492682 1.570735 0.000592 -3.140932 
0.622813 -0.095477 0.492716 1.570741 0.000583 -3.140925 
0.622217 -0.092675 0.492746 1.570752 0.000561 -3.140957 
0.621611 -0.089896 0.492774 1.570760 0.000558 -3.141021 
0.620989 -0.087127 0.492807 1.570737 0.000555 -3.141057 
0.620351 -0.084372 0.492836 1.570708 0.000558 -3.141082 
0.619702 -0.081633 0.492869 1.570665 0.000546 -3.141117 
0.619030 -0.078879 0.492899 1.570653 0.000539 -3.141147 
0.618340 -0.076122 0.492923 1.570667 0.000534 -3.141179 
0.617642 -0.073361 0.492953 1.570714 0.000509 -3.141223 
0.616933 -0.070601 0.492985 1.570739 0.000479 -3.141261 
0.616207 -0.067859 0.493021 1.570741 0.000443 -3.141284 
0.615466 -0.065138 0.493053 1.570754 0.000410 -3.141329 
0.614708 -0.062429 0.493083 1.570731 0.000376 -3.141368 
0.613942 -0.059729 0.493113 1.570691 0.000330 -3.141424 
0.613171 -0.057044 0.493144 1.570646 0.000269 -3.141501 
0.612375 -0.054343 0.493176 1.570637 0.000199 -3.141567 
0.611550 -0.051652 0.493199 1.570656 0.000206 -3.141559 
0.610705 -0.048960 0.493225 1.570720 0.000213 -3.141532 
0.609851 -0.046271 0.493255 1.570754 0.000217 -3.141499 
0.608991 -0.043599 0.493286 1.570751 0.000223 -3.141472 
0.608110 -0.040950 0.493321 1.570740 0.000216 -3.141439 
0.607222 -0.038343 0.493347 1.570694 0.000226 -3.141426 
0.606324 -0.035766 0.493373 1.570659 0.000227 -3.141405 
0.605426 -0.033238 0.493399 1.570684 0.000225 -3.141393 
0.604548 -0.030767 0.493426 1.570730 0.000206 -3.141400 
0.603678 -0.028374 0.493449 1.570819 0.000191 -3.141388 
0.602834 -0.026065 0.493470 1.570963 0.000185 -3.141382 
0.602023 -0.023864 0.493503 1.571118 0.000149 -3.141363 
0.601250 -0.021779 0.493539 1.571239 0.000116 -3.141327 
0.600519 -0.019826 0.493574 1.571366 0.000080 -3.141294 
0.599845 -0.018017 0.493606 1.571456 0.000011 -3.141308 
0.599219 -0.016362 0.493627 1.571518 -0.000047 -3.141343 
0.598637 -0.014847 0.493643 1.571548 -0.000084 -3.141367 
0.598110 -0.013504 0.493650 1.571510 -0.000098 -3.141391 
0.597626 -0.012301 0.493654 1.571467 -0.000099 -3.141415 
0.597197 -0.011260 0.493656 1.571374 -0.000092 -3.141433 
0.596813 -0.010333 0.493659 1.571316 -0.000087 -3.141445 
0.596478 -0.009535 0.493661 1.571253 -0.000077 -3.141460 
0.596193 -0.008861 0.493664 1.571190 -0.000070 -3.141472 
0.595965 -0.008306 0.493664 1.571139 -0.000067 -3.141484 
0.595783 -0.007868 0.493662 1.571051 -0.000057 -3.141504 
0.595648 -0.007534 0.493656 1.571062 -0.000047 -3.141524 
0.595555 -0.007296 0.493651 1.571029 -0.000034 -3.141542 
0.595487 -0.007135 0.493649 1.570965 -0.000024 -3.141554 
0.595433 -0.007035 0.493650 1.571006 -0.000015 -3.141562 
0.595393 -0.006989 0.493650 1.571021 -0.000006 -3.141569 
0.595383 -0.007000 0.493650 1.570926 -0.000001 -3.141573 
0.595385 -0.007029 0.493651 1.570813 0.000007 -3.141578 
0.595390 -0.007063 0.493651 1.570702 0.000012 -3.141587 
0.595391 -0.007100 0.493651 1.570608 0.000018 3.141592 
0.595391 -0.007141 0.493650 1.570512 0.000022 3.141588 
0.595393 -0.007177 0.493650 1.570432 0.000026 3.141584 
0.595395 -0.007202 0.493650 1.570369 0.000030 3.141580 
0.595396 -0.007214 0.493650 1.570337 0.000033 3.141578 
0.595396 -0.007215 0.493650 1.570340 0.000034 3.141574 
0.595396 -0.007206 0.493650 1.570359 0.000035 3.141572 
0.595396 -0.007193 0.493650 1.570383 0.000036 3.141570 
0.595396 -0.007180 0.493650 1.570407 0.000037 3.141569 
0.595396 -0.007163 0.493650 1.570435 0.000038 3.141569 
0.595397 -0.007146 0.493650 1.570463 0.000040 3.141568 
0.595397 -0.007130 0.493650 1.570490 0.000040 3.141567 
0.595398 -0.007118 0.493650 1.570511 0.000041 3.141565 
0.595398 -0.007106 0.493650 1.570531 0.000041 3.141564 
0.595398 -0.007096 0.493649 1.570549 0.000042 3.141562 
0.595399 -0.007086 0.493649 1.570565 0.000043 3.141561 
0.595399 -0.007075 0.493649 1.570584 0.000043 3.141561 
0.595399 -0.007064 0.493649 1.570602 0.000044 3.141561 
0.595399 -0.007057 0.493649 1.570615 0.000044 3.141560 
0.595399 -0.007049 0.493649 1.570628 0.000045 3.141560 
0.595399 -0.007042 0.493649 1.570641 0.000045 3.141559 
0.595399 -0.007036 0.493649 1.570650 0.000045 3.141558 
0.595400 -0.007032 0.493649 1.570656 0.000046 3.141558 
0.595400 -0.007029 0.493649 1.570661 0.000046 3.141557 
0.595400 -0.007028 0.493649 1.570664 0.000046 3.141557 
0.595400 -0.007026 0.493649 1.570666 0.000047 3.141557 
0.595400 -0.007025 0.493649 1.570669 0.000047 3.141556 
0.595400 -0.007022 0.493649 1.570674 0.000048 3.141556 
0.595400 -0.007018 0.493649 1.570680 0.000048 3.141556 
0.595400 -0.007014 0.493649 1.570687 0.000048 3.141555 
0.595400 -0.007010 0.493649 1.570694 0.000048 3.141555 
0.595401 -0.007006 0.493649 1.570701 0.000048 3.141555 
0.595401 -0.007005 0.493649 1.570703 0.000048 3.141555 
0.595401 -0.007004 0.493649 1.570703 0.000049 3.141554 
0.595401 -0.007004 0.493649 1.570704 0.000049 3.141554 
0.595401 -0.007003 0.493649 1.570706 0.000049 3.141553 
0.595401 -0.007002 0.493649 1.570707 0.000049 3.141553 
0.595401 -0.007003 0.493649 1.570707 0.000049 3.141553 
0.595401 -0.007003 0.493649 1.570706 0.000049 3.141553 
0.595401 -0.007004 0.493649 1.570704 0.000049 3.141553 
0.595401 -0.007006 0.493649 1.570701 0.000049 3.141553 
0.595401 -0.007007 0.493649 1.570699 0.000049 3.141552 
0.595401 -0.007009 0.493649 1.570697 0.000049 3.141552 
0.595401 -0.007009 0.493649 1.570696 0.000050 3.141552 
0.595401 -0.007009 0.493649 1.570696 0.000050 3.141551 
0.595401 -0.007009 0.493649 1.570696 0.000050 3.141551 
0.595401 -0.007009 0.493649 1.570696 0.000050 3.141551 
0.595401 -0.007010 0.493649 1.570695 0.000050 3.141551 
0.595401 -0.007009 0.493649 1.570696 0.000050 3.141551 
0.595401 -0.007010 0.493649 1.570695 0.000050 3.141551 
0.595401 -0.007010 0.493649 1.570695 0.000051 3.141550 
0.595401 -0.007010 0.493649 1.570694 0.000050 3.141550 
0.595401 -0.007011 0.493649 1.570693 0.000051 3.141550 
0.595401 -0.007011 0.493649 1.570693 0.000051 3.141550 
0.595401 -0.007011 0.493649 1.570694 0.000051 3.141550 
0.595401 -0.007011 0.493649 1.570694 0.000051 3.141550 
0.595401 -0.007010 0.493649 1.570694 0.000051 3.141550 
0.595401 -0.007010 0.493649 1.570694 0.000051 3.141549 
0.595401 -0.007010 0.493649 1.570694 0.000051 3.141549 
0.595401 -0.007011 0.493649 1.570694 0.000051 3.141549 
0.595401 -0.007011 0.493649 1.570694 0.000051 3.141549 
0.595402 -0.007011 0.493649 1.570693 0.000052 3.141548 
