-0.000000 -0.000001 -0.000008 -0.000001 0.000013 0.000000 
-0.000004 -0.000010 0.000000 -0.000011 0.000007 -0.000012 
0.000000 0.000010 0.000004 0.000015 -0.000036 0.000024 
0.000005 0.000007 0.000008 -0.000008 0.000012 0.000012 
-0.000002 0.000001 -0.000000 0.000022 -0.000015 -0.000000 
0.000002 0.000016 0.000015 0.000002 -0.000027 0.000042 
-0.000008 -0.000024 0.000002 0.000003 -0.000005 -0.000060 
0.000004 0.000014 0.000002 0.000002 -0.000011 0.000042 
-0.000010 -0.000028 -0.000015 0.000017 0.000024 -0.000036 
0.000005 0.000009 0.000008 -0.000028 0.000003 -0.000006 
0.000005 0.000004 -0.000011 0.000011 0.000015 0.000012 
-0.000001 -0.000005 0.000006 -0.000001 -0.000002 -0.000024 
-0.000003 0.000003 0.000004 -0.000013 -0.000008 0.000030 
0.000003 0.000010 0.000002 0.000003 -0.000005 0.000012 
0.000005 0.000008 0.000002 0.000043 -0.000029 0.000024 
-0.000014 -0.000015 0.000017 0.000006 -0.000026 -0.000024 
0.000001 -0.000001 0.000006 0.000009 -0.000015 0.000006 
-0.000006 -0.000011 -0.000006 -0.000007 -0.000002 -0.000036 
0.000002 -0.000002 -0.000007 -0.000011 0.000027 -0.000018 
-0.000001 -0.000005 -0.000000 -0.000000 0.000000 -0.000012 
0.000006 0.000006 -0.000009 -0.000015 0.000026 0.000018 
-0.000010 -0.000015 0.000006 0.000028 -0.000018 -0.000030 
0.000005 0.000014 0.000002 -0.000016 -0.000002 0.000024 
-0.000001 0.000008 0.000010 0.000012 -0.000014 0.000024 
-0.000001 0.000004 0.000009 -0.000004 -0.000023 0.000018 
-0.000004 -0.000004 0.000006 0.000027 -0.000024 -0.000018 
0.000004 0.000008 -0.000000 0.000023 -0.000009 0.000030 
-0.000003 -0.000001 0.000004 -0.000011 0.000004 0.000012 
0.000007 0.000000 -0.000009 -0.000015 0.000026 0.000000 
-0.000004 -0.000002 -0.000002 -0.000016 0.000001 -0.000030 
-0.000002 -0.000016 -0.000004 0.000024 0.000000 -0.000030 
0.000000 -0.000004 -0.000002 -0.000044 0.000023 -0.000024 
-0.000002 0.000004 -0.000000 0.000022 -0.000021 0.000012 
-0.000002 -0.000001 0.000006 -0.000011 0.000011 0.000006 
0.000004 0.000010 0.000002 0.000026 -0.000014 0.000054 
-0.000001 0.000004 0.000017 -0.000007 -0.000025 -0.000018 
0.000001 0.000003 -0.000012 0.000015 0.000003 0.000012 
-0.000006 -0.000008 0.000013 -0.000001 -0.000016 -0.000018 
0.000008 0.000006 -0.000002 -0.000014 0.000013 0.000000 
-0.000001 -0.000001 -0.000015 0.000010 0.000019 0.000006 
-0.000003 -0.000009 -0.000002 0.000013 -0.000015 -0.000012 
0.000004 -0.000002 -0.000009 -0.000012 0.000044 -0.000006 
-0.000004 0.000006 0.000017 0.000005 -0.000032 0.000024 
0.000011 0.000011 -0.000013 0.000001 0.000022 0.000006 
-0.000017 -0.000015 0.000015 0.000013 -0.000034 -0.000018 
0.000006 0.000001 -0.000002 0.000010 0.000010 -0.000000 
-0.000002 -0.000001 0.000006 0.000009 -0.000016 0.000012 
-0.000003 0.000002 0.000004 0.000004 -0.000022 0.000006 
0.000008 0.000006 -0.000009 -0.000013 0.000038 0.000018 
0.000003 0.000012 -0.000002 -0.000003 0.000005 0.000012 
-0.000003 -0.000018 0.000008 -0.000022 0.000002 -0.000036 
0.000007 0.000008 -0.000014 -0.000006 0.000017 -0.000012 
-0.000005 -0.000011 0.000010 0.000025 -0.000004 -0.000006 
0.000004 0.000008 0.000004 -0.000005 -0.000003 0.000006 
-0.000009 -0.000001 0.000006 0.000006 -0.000033 0.000018 
0.000001 -0.000008 -0.000008 0.000013 0.000024 -0.000012 
-0.000000 0.000002 0.000002 0.000003 -0.000005 -0.000006 
0.000005 0.000010 -0.000004 -0.000025 0.000013 0.000012 
-0.000002 -0.000012 -0.000004 -0.000006 0.000011 -0.000006 
0.000010 0.000015 0.000006 0.000017 -0.000011 0.000006 
-0.000006 -0.000007 0.000002 -0.000016 -0.000002 -0.000018 
0.000006 0.000007 -0.000006 0.000002 0.000008 0.000012 
-0.000005 -0.000008 0.000000 0.000019 -0.000003 -0.000006 
0.000009 0.000013 -0.000002 -0.000019 0.000026 0.000018 
-0.000006 -0.000000 0.000002 0.000002 -0.000011 0.000006 
-0.000016 -0.000021 0.000004 0.000004 -0.000022 -0.000036 
-0.000000 -0.000002 -0.000000 -0.000000 0.000000 -0.000006 
0.000007 0.000006 -0.000000 -0.000000 0.000000 0.000006 
0.000001 -0.000001 -0.000004 -0.000006 0.000010 -0.000006 
0.000010 0.000021 0.000002 0.000003 -0.000005 0.000042 
0.000006 0.000002 -0.000004 -0.000003 0.000028 0.000000 
-0.000007 -0.000015 0.000006 -0.000006 0.000004 -0.000018 
0.000002 0.000016 -0.000004 0.000006 -0.000027 0.000024 
0.000003 -0.000002 -0.000002 -0.000000 0.000023 0.000006 
-0.000011 -0.000016 0.000004 0.000014 -0.000006 -0.000024 
-0.000005 -0.000000 0.000004 -0.000008 -0.000021 -0.000012 
0.000002 -0.000001 -0.000006 0.000013 0.000001 -0.000000 
0.000001 0.000005 0.000000 0.000000 -0.000000 0.000012 
-0.000001 -0.000008 -0.000002 -0.000022 0.000008 -0.000018 
0.000002 0.000005 -0.000004 0.000008 0.000021 0.000006 
0.000004 0.000008 0.000004 -0.000028 0.000012 0.000006 
0.000010 0.000009 -0.000010 0.000019 0.000004 0.000018 
0.000002 0.000009 0.000006 -0.000002 -0.000008 0.000030 
0.000006 0.000008 -0.000002 -0.000003 0.000005 0.000024 
-0.000012 -0.000013 0.000009 0.000014 -0.000032 -0.000042 
-0.000012 -0.000017 0.000008 -0.000022 0.000001 -0.000036 
0.000001 -0.000008 -0.000012 0.000035 0.000012 -0.000006 
0.000003 0.000009 0.000000 -0.000019 0.000003 0.000012 
-0.000002 -0.000010 -0.000004 -0.000006 0.000011 -0.000024 
0.000006 0.000014 0.000004 0.000006 -0.000010 0.000030 
-0.000002 -0.000009 -0.000011 0.000012 0.000021 -0.000012 
0.000001 0.000006 0.000006 -0.000024 -0.000023 0.000000 
0.000008 0.000008 0.000002 0.000017 0.000005 0.000018 
-0.000001 -0.000004 -0.000002 -0.000014 0.000013 0.000000 
-0.000001 0.000002 0.000007 0.000012 -0.000021 -0.000006 
0.000002 0.000005 -0.000007 -0.000012 0.000021 0.000036 
-0.000006 -0.000016 -0.000004 0.000024 0.000000 -0.000036 
0.000006 0.000017 0.000000 -0.000019 0.000003 0.000024 
-0.000006 -0.000018 0.000002 0.000011 -0.000001 -0.000042 
-0.000008 -0.000005 0.000005 0.000001 -0.000020 -0.000006 
0.000009 0.000007 -0.000002 0.000016 0.000002 0.000012 
-0.000005 -0.000004 -0.000000 -0.000020 -0.000003 -0.000012 
-0.000006 -0.000003 -0.000004 0.000003 -0.000009 0.000012 
0.000002 -0.000003 0.000004 0.000016 0.000012 -0.000006 
0.000011 0.000018 -0.000008 -0.000009 0.000003 0.000024 
0.000004 0.000009 -0.000002 -0.000013 0.000018 0.000018 
-0.000006 -0.000011 -0.000002 0.000008 -0.000002 -0.000018 
0.000002 0.000005 0.000008 0.000001 -0.000013 0.000018 
0.000004 -0.000001 -0.000008 -0.000001 0.000013 -0.000018 
-0.000004 -0.000005 0.000004 0.000006 -0.000010 -0.000006 
-0.000003 -0.000008 -0.000006 -0.000009 0.000016 -0.000018 
0.000003 0.000007 -0.000002 0.000019 -0.000016 0.000018 
0.000001 -0.000002 0.000004 -0.000016 0.000010 -0.000012 
0.000001 0.000002 -0.000002 0.000016 0.000002 0.000048 
-0.000765 0.003004 -0.003945 -0.012254 -0.004280 0.003420 
0.007030 0.011060 -0.030460 -0.042218 0.053258 0.013802 
0.009346 0.014354 -0.057623 -0.043325 0.063714 0.020732 
0.005837 0.015171 -0.068020 -0.045618 0.039747 0.021328 
0.004176 0.010904 -0.066175 -0.021626 0.029497 0.012773 
-0.002242 0.004342 -0.047687 0.004909 -0.021075 -0.002915 
-0.007199 0.000592 -0.032139 0.019962 -0.058575 -0.027049 
-0.005413 -0.001587 -0.019930 0.033041 -0.055387 -0.056147 
-0.006231 -0.003416 0.000243 0.040873 -0.067348 -0.058496 
-0.004304 -0.002978 0.017535 0.039485 -0.054663 -0.027022 
-0.007109 -0.010201 0.027049 0.042773 -0.049399 -0.008956 
-0.006440 -0.009667 0.035394 0.041927 -0.042461 0.004282 
-0.003426 -0.007288 0.047184 0.035883 -0.020189 0.010044 
-0.001396 -0.008428 0.050114 0.018724 0.009635 -0.003267 
0.004294 -0.005583 0.047075 0.006952 0.042588 -0.005100 
0.008768 -0.005199 0.040694 -0.005528 0.074989 -0.006387 
0.006412 -0.003129 0.038873 -0.015225 0.059752 0.004774 
0.004503 0.000680 0.032024 -0.022383 0.040337 0.010811 
0.000386 0.002270 0.023604 -0.025150 0.009506 0.012573 
-0.003531 0.003922 0.013136 -0.025351 -0.021037 0.006722 
-0.002606 0.003915 0.007317 -0.016559 -0.018535 0.003390 
-0.002946 0.001667 0.004953 -0.009905 -0.017449 0.000216 
-0.001611 0.000336 -0.001419 -0.004393 -0.009277 -0.001469 
0.000691 0.000744 -0.005169 -0.004328 0.004596 -0.000091 
0.002729 0.001117 -0.009232 -0.006387 0.017886 -0.000925 
0.003043 0.000466 -0.013468 -0.006498 0.020801 -0.000891 
0.001696 0.000930 -0.011695 -0.005401 0.011148 -0.000496 
0.000202 0.000929 -0.011336 -0.004819 0.002247 0.000645 
-0.001243 0.000072 -0.011074 -0.000375 -0.007639 -0.000114 
-0.002292 -0.000357 -0.010666 0.003458 -0.014335 0.000326 
-0.003504 -0.000621 -0.007432 0.005265 -0.021955 0.000571 
-0.003495 -0.000730 -0.004064 0.003543 -0.021933 -0.000736 
-0.001183 -0.000939 -0.003079 0.005173 -0.007278 0.000048 
0.000230 -0.000872 -0.001747 0.005435 0.001854 -0.000510 
0.000451 -0.000274 0.000037 0.001482 0.003173 0.000107 
-0.000347 -0.000255 0.000932 0.000378 -0.002076 -0.000548 
-0.000602 -0.000274 0.001876 0.001520 -0.003917 -0.000091 
-0.000619 -0.000010 0.002366 0.001359 -0.003966 0.000591 
-0.000017 -0.000520 0.002259 0.003514 -0.000453 0.000019 
0.000046 -0.000789 0.003135 0.004715 0.000197 -0.000124 
0.000892 -0.000797 0.003652 0.005262 0.005629 0.000046 
0.001715 -0.001052 0.003573 0.006042 0.010713 -0.000341 
0.001979 -0.000657 0.002781 0.005553 0.012145 0.000469 
0.001631 -0.000562 0.002086 0.004299 0.009886 0.000153 
0.000929 -0.000249 0.001642 0.002230 0.005419 0.000168 
-0.000227 -0.000066 0.001638 0.000020 -0.001371 -0.000072 
-0.000386 0.000092 0.000926 -0.001325 -0.002075 -0.000278 
-0.000346 0.000225 0.000792 -0.002286 -0.001691 -0.000136 
-0.000096 0.000195 0.000700 -0.001877 -0.000370 -0.000310 
-0.000020 0.000172 0.000523 -0.001023 -0.000203 -0.000069 
-0.000036 0.000158 0.000535 -0.001082 -0.000208 -0.000051 
-0.000023 0.000118 0.000341 -0.000799 -0.000165 -0.000165 
0.000005 0.000073 0.000198 -0.000596 0.000057 -0.000092 
0.000022 0.000019 0.000031 -0.000206 0.000116 -0.000184 
0.000006 0.000008 -0.000021 -0.000008 0.000060 -0.000030 
-0.000004 0.000014 -0.000015 -0.000015 -0.000062 0.000012 
-0.000027 0.000039 -0.000021 -0.000034 -0.000275 0.000024 
-0.000053 0.000170 -0.000033 -0.000209 -0.000618 0.000259 
-0.000077 0.000196 -0.000027 -0.000262 -0.000827 0.000325 
-0.000100 0.000191 0.000007 -0.000170 -0.000884 0.000300 
-0.000104 0.000167 0.000017 -0.000269 -0.000668 0.000331 
-0.000221 0.000029 -0.000017 -0.000491 -0.001173 -0.000158 
-0.000241 0.000025 -0.000165 -0.000708 -0.001222 -0.000196 
-0.000109 -0.000022 -0.000217 -0.000584 -0.000520 -0.000315 
-0.000035 -0.000034 -0.000176 -0.000363 -0.000129 -0.000287 
0.000022 0.000036 -0.000177 -0.000375 0.000196 -0.000047 
0.000111 0.000103 -0.000238 -0.000503 0.000589 -0.000002 
0.000024 0.000151 -0.000126 -0.000496 0.000005 0.000157 
0.000023 0.000120 -0.000057 -0.000479 -0.000013 0.000084 
0.000086 0.000134 -0.000117 -0.000474 0.000472 0.000103 
0.000021 0.000112 -0.000024 -0.000440 0.000092 0.000101 
-0.000053 0.000077 -0.000026 -0.000597 -0.000251 -0.000036 
-0.000023 0.000128 0.000028 -0.000696 -0.000134 0.000067 
-0.000005 0.000065 0.000143 -0.000686 0.000003 -0.000132 
-0.000049 0.000033 0.000201 -0.000513 -0.000254 -0.000087 
-0.000000 -0.000023 0.000001 -0.000367 0.000174 -0.000175 
0.000037 0.000020 -0.000077 -0.000516 0.000347 -0.000154 
0.000023 0.000074 -0.000043 -0.000500 0.000131 0.000000 
-0.000007 0.000083 0.000044 -0.000445 -0.000087 0.000028 
-0.000001 0.000025 0.000026 -0.000301 0.000089 -0.000027 
0.000000 0.000075 0.000075 -0.000308 -0.000113 0.000038 
-0.000051 0.000073 0.000073 -0.000333 -0.000352 0.000044 
-0.000024 0.000097 0.000075 -0.000352 -0.000245 0.000110 
-0.000018 0.000018 0.000067 -0.000300 -0.000040 -0.000087 
-0.000017 -0.000006 0.000016 -0.000120 -0.000046 -0.000053 
-0.000032 -0.000044 0.000003 -0.000067 -0.000100 -0.000107 
0.000028 -0.000005 -0.000069 -0.000161 0.000162 -0.000105 
0.000023 0.000027 -0.000077 -0.000110 0.000168 0.000044 
0.000020 0.000020 -0.000067 -0.000076 0.000097 0.000002 
0.000001 0.000009 -0.000052 -0.000086 0.000036 0.000014 
0.000007 0.000013 -0.000018 -0.000054 -0.000006 0.000013 
0.000002 0.000031 -0.000030 -0.000092 -0.000002 0.000013 
-0.000019 0.000008 -0.000007 -0.000035 -0.000098 0.000042 
-0.000001 -0.000004 -0.000011 -0.000047 0.000005 -0.000041 
-0.000015 -0.000008 -0.000004 -0.000010 -0.000062 -0.000036 
-0.000026 -0.000012 0.000008 -0.000029 -0.000124 -0.000006 
-0.000007 0.000006 -0.000002 -0.000039 -0.000069 -0.000024 
-0.000012 -0.000002 0.000004 -0.000016 -0.000074 -0.000024 
0.000004 0.000008 0.000004 -0.000009 -0.000009 0.000012 
-0.000006 0.000006 -0.000008 0.000022 -0.000045 0.000024 
0.000010 0.000014 -0.000017 -0.000030 0.000029 0.000031 
0.000015 0.000025 -0.000028 -0.000047 0.000066 0.000031 
-0.000003 0.000010 -0.000002 -0.000033 -0.000045 0.000006 
-0.000012 -0.000009 0.000004 -0.000002 -0.000046 -0.000018 
-0.000014 0.000001 0.000023 -0.000015 -0.000074 -0.000006 
-0.000018 -0.000005 0.000025 -0.000028 -0.000084 -0.000024 
-0.000009 -0.000004 0.000023 -0.000036 -0.000047 -0.000036 
-0.000018 -0.000012 -0.000000 -0.000012 -0.000077 0.000012 
-0.000003 -0.000009 -0.000002 -0.000006 -0.000012 -0.000042 
0.000006 0.000013 -0.000002 -0.000002 0.000011 0.000030 
0.000011 0.000012 -0.000017 -0.000006 0.000026 0.000018 
0.000015 0.000017 -0.000017 -0.000008 0.000044 0.000030 
-0.000004 -0.000003 -0.000004 -0.000005 0.000016 0.000000 
0.000001 0.000013 -0.000004 -0.000029 -0.000016 -0.000006 
0.000000 0.000007 0.000002 0.000003 -0.000005 0.000054 
-0.000007 0.000000 0.000010 -0.000010 -0.000029 -0.000012 
-0.000011 -0.000024 -0.000000 0.000019 -0.000003 -0.000066 
-0.000023 -0.000040 0.000011 -0.000009 -0.000045 -0.000066 
0.000002 -0.000002 -0.000000 -0.000002 -0.000012 -0.000036 
0.000003 0.000004 -0.000011 0.000004 0.000016 0.000012 
0.000001 -0.000011 -0.000021 -0.000001 0.000041 0.000000 
0.000015 0.000020 -0.000032 -0.000022 0.000054 0.000013 
0.000009 0.000010 -0.000021 -0.000031 0.000051 0.000055 
0.000018 0.000024 -0.000013 -0.000011 0.000035 0.000042 
0.000001 0.000012 0.000012 -0.000015 -0.000003 0.000006 
-0.000005 -0.000003 0.000004 0.000003 -0.000028 -0.000006 
-0.000005 -0.000006 0.000014 -0.000013 -0.000014 -0.000042 
-0.000016 -0.000010 0.000013 -0.000004 -0.000057 0.000006 
-0.000004 -0.000018 -0.000008 -0.000014 0.000009 -0.000072 
-0.000007 -0.000007 -0.000006 0.000030 -0.000020 -0.000000 
-0.000002 -0.000019 -0.000017 -0.000014 0.000034 -0.000048 
0.000010 0.000006 -0.000027 0.000009 0.000036 0.000012 
0.000006 0.000021 -0.000006 -0.000012 -0.000002 0.000066 
0.000022 0.000033 -0.000021 -0.000052 0.000060 0.000025 
0.000007 0.000030 0.000002 0.000022 -0.000009 0.000078 
-0.000008 -0.000011 0.000010 -0.000039 -0.000013 -0.000048 
-0.000000 0.000006 0.000006 0.000025 -0.000036 0.000018 
-0.000003 -0.000001 0.000011 -0.000023 -0.000013 0.000018 
-0.000014 -0.000014 0.000008 -0.000017 -0.000047 -0.000012 
-0.000005 -0.000010 -0.000008 0.000022 -0.000001 -0.000066 
-0.000008 -0.000021 -0.000006 -0.000022 0.000011 -0.000030 
0.000479 0.000085 -0.000813 0.001493 0.001817 0.000764 
0.003181 0.001790 -0.005268 0.007458 0.007632 0.005076 
0.003873 0.001340 -0.011282 0.015357 0.008760 0.005947 
0.003787 0.000742 -0.013448 0.018354 0.010133 0.005939 
0.004226 0.002023 -0.012801 0.017023 0.009917 0.008084 
0.004464 0.002316 -0.013057 0.017152 0.010272 0.008410 
0.005148 0.003388 -0.013662 0.017772 0.010994 0.009977 
0.005996 0.005543 -0.013931 0.017955 0.011411 0.007206 
0.007082 0.008255 -0.013176 0.016641 0.010865 -0.000077 
0.008585 0.013185 -0.011075 0.014033 0.009212 -0.004267 
0.010695 0.021550 -0.007933 0.010102 0.006652 -0.001363 
0.013029 0.031294 -0.005045 0.006600 0.004147 -0.003116 
0.016420 0.043085 -0.002000 0.003035 0.001536 0.002445 
0.019876 0.053837 0.000629 0.000257 -0.000847 -0.005520 
0.023085 0.064746 0.003062 -0.002500 -0.002908 -0.014262 
0.026570 0.077970 0.007205 -0.007977 -0.006283 -0.020948 
0.031235 0.092909 0.009970 -0.011580 -0.008504 -0.022020 
0.036768 0.108488 0.011762 -0.013752 -0.009976 -0.021152 
0.042475 0.123880 0.011733 -0.013385 -0.009923 -0.017846 
0.048664 0.140538 0.010844 -0.011858 -0.009256 -0.015008 
0.055489 0.158925 0.010235 -0.010735 -0.009139 -0.008322 
0.061509 0.176543 0.010331 -0.010707 -0.009368 -0.002379 
0.067021 0.193071 0.011122 -0.011538 -0.009818 0.000264 
0.072628 0.210611 0.010508 -0.009989 -0.009871 0.006424 
0.078252 0.226902 0.010122 -0.008479 -0.006860 0.012103 
0.084492 0.242111 0.010313 -0.004789 0.003730 0.015544 
0.089024 0.256380 0.009954 -0.001243 0.005472 0.018587 
0.091209 0.266357 0.009689 -0.000853 0.004211 0.014565 
0.092117 0.271955 0.008729 -0.000495 0.003679 0.005941 
0.091572 0.277924 0.006890 0.000502 0.000898 -0.007708 
0.091803 0.285911 0.005771 0.001805 0.000586 -0.005299 
0.092689 0.293708 0.005995 0.001171 0.006108 0.006711 
0.093538 0.301365 0.005479 0.000971 0.006737 0.017712 
0.092886 0.304598 0.005765 0.000493 0.003337 0.008596 
0.091785 0.308273 0.005249 0.000354 0.000702 0.014502 
0.090579 0.310892 0.005012 0.000109 -0.001046 0.021072 
0.088466 0.309730 0.005333 -0.000324 -0.003711 0.017620 
0.086252 0.307053 0.005089 0.000331 -0.003536 0.012902 
0.082179 0.301834 0.004829 0.000245 -0.005069 0.005001 
0.078730 0.297861 0.003971 0.002414 -0.006006 -0.000185 
0.076729 0.299213 0.004253 0.001117 -0.006760 0.002226 
0.075469 0.299559 0.004634 0.001042 -0.006922 0.002433 
0.074128 0.299415 0.004449 0.001682 -0.006621 0.000507 
0.071274 0.297518 0.004298 0.001789 -0.007412 -0.003075 
0.069137 0.294910 0.003559 0.003155 -0.005475 -0.006923 
0.066840 0.293390 0.003513 0.002515 -0.004539 -0.009265 
0.065219 0.292933 0.003328 0.003532 -0.004660 -0.012465 
0.063159 0.291541 0.003419 0.003040 -0.004227 -0.014079 
0.060410 0.290542 0.003787 0.000858 -0.004748 -0.016131 
0.059462 0.292707 0.004114 0.001281 -0.005093 -0.014106 
0.058844 0.295875 0.004437 -0.000468 -0.005147 -0.008223 
0.058868 0.298355 0.004279 0.000661 -0.003330 -0.003023 
0.058700 0.299218 0.004305 0.000826 0.003123 -0.003460 
0.056780 0.299500 0.003613 0.001446 0.004936 -0.001295 
0.054613 0.299114 0.003219 0.001707 0.005848 0.000091 
0.052934 0.299900 0.003271 0.001828 0.006149 -0.000443 
0.051093 0.299482 0.002927 0.002489 0.004755 -0.001152 
0.049003 0.297452 0.003406 0.002077 0.006188 -0.003633 
0.046950 0.298417 0.003616 0.002445 0.004548 -0.001847 
0.046125 0.301541 0.003569 0.001765 0.004298 0.004450 
0.045936 0.303006 0.003864 0.000786 0.006626 0.006814 
0.044509 0.303126 0.004211 0.000444 0.005239 0.003523 
0.041597 0.303008 0.004079 0.001595 -0.001220 0.004136 
0.038593 0.300633 0.003451 0.002862 -0.003877 0.002074 
0.036138 0.300240 0.003922 0.000555 -0.004599 0.001555 
0.034858 0.299151 0.004055 -0.000093 -0.004716 -0.002393 
0.033199 0.297867 0.004488 -0.000629 -0.003839 -0.004112 
0.030923 0.298491 0.005189 -0.001251 -0.005602 -0.002892 
0.029422 0.300056 0.004571 -0.000054 -0.004971 0.000451 
0.028209 0.301429 0.004446 -0.001181 -0.003916 0.003239 
0.027519 0.301666 0.004622 -0.000676 -0.003096 0.004080 
0.026315 0.301471 0.005086 -0.000452 -0.003685 0.000857 
0.023800 0.298654 0.004120 0.000457 -0.003221 -0.001122 
0.021914 0.296261 0.003781 0.001764 -0.001525 -0.004784 
0.020712 0.296516 0.004490 -0.000144 0.002209 -0.006490 
0.019132 0.296041 0.004883 0.000250 0.001703 -0.006826 
0.018235 0.296891 0.005411 -0.000730 0.003257 -0.004272 
0.016085 0.298725 0.005006 -0.001245 0.002243 -0.000621 
0.014404 0.299145 0.003947 0.001340 0.000270 0.001604 
0.013077 0.299630 0.004431 -0.000317 0.000404 0.003383 
0.011815 0.299373 0.003896 0.000720 0.000171 0.000134 
0.009806 0.297513 0.003434 0.002105 0.000178 -0.002660 
0.007395 0.295903 0.002819 0.002791 0.001942 -0.000815 
0.004659 0.295402 0.002970 0.003685 -0.001556 -0.001452 
0.003200 0.295142 0.003264 0.003205 -0.001773 -0.001955 
0.002574 0.296691 0.003710 0.001994 -0.000353 0.001732 
0.000822 0.297790 0.003980 0.000576 -0.001329 0.001431 
-0.000239 0.298628 0.002753 -0.000119 0.003150 0.004505 
-0.001451 0.298014 0.003013 -0.002101 0.006443 0.003809 
-0.002764 0.297477 0.003601 -0.002398 0.005196 0.002080 
-0.003843 0.296989 0.003338 -0.001983 0.006057 0.000431 
-0.006386 0.294818 0.003424 -0.002523 0.005973 -0.000340 
-0.008550 0.292852 0.002827 -0.001103 0.006630 -0.003106 
-0.010583 0.292990 0.003419 -0.001955 0.004096 -0.003470 
-0.011084 0.294906 0.003567 -0.002874 0.006743 0.000683 
-0.012065 0.295301 0.003689 -0.003223 0.007982 0.001863 
-0.015469 0.294997 0.003387 -0.000041 -0.000793 0.002435 
-0.017515 0.293624 0.002592 0.002580 -0.003193 0.003685 
-0.019017 0.293236 0.003131 0.000996 -0.003382 0.002466 
-0.020408 0.292677 0.003415 0.000820 -0.003739 -0.000915 
-0.021896 0.290426 0.003496 0.001094 -0.003599 -0.004511 
-0.024380 0.289242 0.003285 0.000912 -0.003247 -0.001741 
-0.026187 0.288406 0.003099 0.001661 -0.003183 -0.003906 
-0.027276 0.290443 0.003615 0.000284 -0.003136 0.000387 
-0.028301 0.291238 0.003664 -0.000656 -0.002228 0.003259 
-0.029854 0.291520 0.003952 -0.000604 -0.002921 0.001196 
-0.031621 0.290864 0.003280 -0.000128 -0.001085 0.002677 
-0.032311 0.289422 0.003157 -0.002756 0.004474 0.002147 
-0.033401 0.288602 0.003591 -0.003464 0.005516 -0.001253 
-0.034767 0.287544 0.003383 -0.001825 0.005386 -0.001794 
-0.036858 0.285401 0.003410 -0.000560 0.004861 -0.002576 
-0.038829 0.284355 0.002808 0.000981 0.004380 -0.004842 
-0.041168 0.286443 0.002917 0.000616 0.001452 0.001453 
-0.041988 0.286464 0.003026 -0.000138 0.002203 0.001957 
-0.042991 0.287085 0.003174 -0.000286 0.001786 0.002376 
-0.045476 0.286593 0.003552 -0.001042 -0.001059 0.002954 
-0.046889 0.284578 0.002654 0.000588 0.000861 0.002893 
-0.048716 0.283496 0.003454 -0.001357 -0.000033 -0.000102 
-0.050195 0.282579 0.003668 -0.000606 -0.001772 -0.002080 
-0.050970 0.279987 0.003163 -0.000127 -0.000175 -0.005645 
-0.053386 0.279742 0.003514 -0.001622 -0.000669 -0.003426 
-0.054997 0.280892 0.002574 0.000497 0.000113 -0.000054 
-0.056693 0.281320 0.002811 -0.000770 -0.000594 0.003562 
-0.057760 0.282195 0.003123 -0.000688 -0.001062 0.004597 
-0.058639 0.281124 0.003307 -0.000970 -0.000694 0.000564 
-0.060423 0.279787 0.003046 -0.002201 0.003169 0.001122 
-0.061301 0.277651 0.002795 -0.000307 0.006383 0.000811 
-0.063010 0.276607 0.003272 -0.000346 0.003615 -0.002298 
-0.064498 0.275089 0.002907 0.000198 0.002516 -0.002920 
-0.065602 0.273633 0.003326 -0.001164 0.003535 -0.004286 
-0.067976 0.275093 0.002974 -0.000733 0.002994 -0.001199 
-0.069736 0.275329 0.002398 -0.000607 0.003194 0.001403 
-0.070542 0.275772 0.002934 -0.002464 0.004387 0.004633 
-0.071610 0.275647 0.003188 -0.003120 0.003843 0.002572 
-0.073409 0.273805 0.003653 -0.003552 0.002286 0.000164 
-0.074798 0.271778 0.003132 -0.003376 0.004436 0.001284 
-0.076533 0.270544 0.003032 -0.003460 0.003903 -0.002269 
-0.077257 0.269598 0.003019 -0.004641 0.005610 -0.003970 
-0.077872 0.268148 0.003053 -0.006149 0.007657 -0.004563 
-0.080252 0.269684 0.003236 -0.007111 0.006566 -0.000828 
-0.083312 0.268742 0.002286 0.000762 -0.000775 0.001842 
-0.085181 0.268784 0.002570 0.000644 -0.002719 0.006463 
-0.086137 0.268493 0.003047 0.000392 -0.003262 0.003316 
-0.086733 0.266855 0.003056 0.000695 -0.002724 -0.000244 
-0.088706 0.264464 0.003494 -0.000722 -0.003234 -0.001063 
-0.089558 0.260358 0.002552 0.000948 -0.001330 -0.004660 
-0.090449 0.257296 0.002625 0.000098 -0.002058 -0.003507 
-0.090445 0.252380 0.002582 -0.000161 -0.001201 0.002484 
-0.088454 0.246753 0.002676 -0.001938 0.000646 0.004636 
-0.087546 0.238970 0.002366 -0.001470 -0.001127 0.008881 
-0.084906 0.230587 0.002019 -0.000633 -0.000598 0.014404 
-0.081569 0.219806 0.003316 -0.003582 -0.001907 0.015478 
-0.077740 0.208181 0.003648 -0.003380 -0.003691 0.012134 
-0.073513 0.195027 0.003473 -0.003540 -0.003312 0.012686 
-0.067765 0.180679 0.003146 -0.006928 0.001380 0.008965 
-0.062862 0.165403 0.002140 -0.005876 0.003501 0.006250 
-0.058429 0.151291 0.001577 -0.003644 0.002411 0.003045 
-0.052921 0.134236 0.000744 -0.001391 0.002414 -0.003851 
-0.048493 0.120193 0.000312 -0.000107 0.002401 -0.004264 
-0.043040 0.104035 0.000252 0.000603 0.001775 -0.009298 
-0.038513 0.092650 0.000277 0.000512 0.001226 -0.005827 
-0.033495 0.079700 0.000232 0.001032 0.001473 -0.006302 
-0.028561 0.067346 0.000251 0.000676 0.001168 -0.006259 
-0.022861 0.055519 0.000085 0.000320 0.001236 -0.005149 
-0.018216 0.043818 -0.000288 0.001041 0.001976 -0.008846 
-0.013521 0.033399 -0.000514 0.000966 0.002048 0.001186 
-0.009255 0.023763 -0.000550 0.001271 0.001786 -0.003308 
-0.006870 0.016087 -0.000215 0.001014 0.001219 -0.006431 
-0.005395 0.010030 0.000092 0.000936 0.000791 0.004114 
-0.004021 0.004542 0.000054 0.000862 0.000694 0.001491 
-0.000979 -0.001019 0.000019 0.000526 0.000406 -0.009492 
0.000260 -0.002953 0.000076 0.000751 0.000501 -0.011327 
0.000421 -0.003372 -0.000017 0.000505 0.000856 -0.011092 
0.000148 -0.003701 -0.000049 0.000620 0.000650 -0.009438 
-0.000035 -0.004168 -0.000032 0.000398 0.000382 -0.009528 
0.000202 -0.003586 0.000001 0.000392 0.000387 -0.007988 
0.000260 -0.002445 0.000001 0.000359 0.000438 -0.006382 
0.000046 -0.001214 -0.000001 0.000325 0.000240 -0.003194 
0.000001 -0.000095 -0.000045 0.000170 0.000330 0.000371 
0.000048 0.000925 -0.000021 0.000051 0.000267 0.001900 
0.000007 0.001272 0.000005 0.000102 0.000129 0.002325 
-0.000054 0.001327 0.000003 0.000086 0.000112 0.002457 
0.000031 0.001661 0.000029 0.000126 0.000071 0.002822 
0.000077 0.001681 0.000048 0.000143 0.000020 0.002750 
0.000042 0.001596 -0.000021 0.000063 0.000166 0.002721 
0.000051 0.001253 -0.000028 0.000075 0.000157 0.002085 
0.000039 0.001192 -0.000035 0.000054 0.000125 0.002025 
0.000023 0.001024 -0.000072 0.000027 0.000192 0.001762 
0.000036 0.000941 0.000004 0.000085 0.000085 0.001576 
0.000008 0.001149 0.000039 0.000066 -0.000016 0.001959 
0.000016 0.001043 0.000017 0.000070 0.000029 0.001797 
0.000009 0.000770 -0.000005 0.000042 0.000052 0.001294 
0.000020 0.000734 0.000002 0.000061 0.000062 0.001258 
-0.000008 0.000748 -0.000022 0.000022 0.000069 0.001312 
0.000022 0.000587 -0.000014 -0.000010 0.000078 0.000965 
0.000036 0.000379 0.000005 0.000047 0.000050 0.000605 
0.000024 0.000277 0.000005 0.000044 0.000039 0.000449 
0.000005 0.000139 0.000005 0.000045 0.000023 0.000258 
0.000012 0.000155 0.000001 0.000014 0.000066 0.000246 
0.000003 0.000186 0.000002 0.000041 0.000028 0.000335 
0.000005 0.000264 -0.000003 0.000056 0.000043 0.000449 
-0.000005 0.000370 -0.000005 -0.000001 0.000014 0.000641 
-0.000002 0.000408 0.000005 0.000004 0.000027 0.000707 
0.000019 0.000421 0.000008 0.000032 0.000019 0.000707 
0.000011 0.000381 -0.000008 0.000006 0.000039 0.000641 
0.000012 0.000157 -0.000000 0.000036 0.000032 0.000264 
0.000018 0.000006 -0.000015 0.000019 0.000066 -0.000012 
-0.000001 0.000044 0.000000 0.000007 0.000022 0.000084 
-0.000006 0.000080 0.000000 0.000025 0.000030 0.000150 
0.000001 0.000078 0.000010 0.000000 -0.000002 0.000114 
0.000009 -0.000016 0.000009 0.000012 0.000019 0.000006 
-0.000003 -0.000054 0.000005 0.000023 0.000004 -0.000078 
0.000006 -0.000119 -0.000000 0.000022 0.000019 -0.000198 
0.000007 -0.000141 -0.000010 -0.000011 0.000038 -0.000264 
0.000001 -0.000165 -0.000015 0.000005 0.000038 -0.000282 
0.000005 -0.000127 0.000002 0.000015 0.000022 -0.000204 
0.000004 -0.000045 -0.000005 0.000013 0.000027 -0.000054 
0.000005 -0.000024 0.000007 0.000014 0.000035 -0.000042 
-0.000003 0.000008 0.000005 0.000016 -0.000002 -0.000000 
-0.000008 0.000001 0.000000 0.000007 0.000022 0.000024 
0.000010 -0.000033 -0.000000 0.000029 0.000025 -0.000048 
-0.000002 0.000012 0.000005 -0.000009 0.000006 0.000012 
0.000006 -0.000007 -0.000005 0.000022 0.000022 -0.000012 
0.000005 -0.000017 -0.000000 0.000014 0.000013 -0.000030 
0.000011 -0.000052 -0.000000 -0.000012 0.000014 -0.000096 
0.000006 -0.000040 -0.000012 0.000008 0.000040 -0.000066 
-0.000003 -0.000010 0.000012 0.000028 -0.000008 -0.000006 
0.000004 0.000015 -0.000007 0.000016 0.000047 0.000036 
0.000000 0.000001 0.000003 -0.000008 0.000000 0.000000 
-0.000013 0.000011 0.000010 0.000012 -0.000015 0.000060 
0.000005 0.000002 -0.000005 0.000011 0.000035 -0.000012 
0.000008 -0.000003 0.000002 0.000019 0.000009 -0.000024 
0.000001 -0.000006 0.000000 0.000014 0.000028 0.000012 
0.000010 -0.000016 -0.000010 0.000001 0.000034 -0.000024 
0.000003 -0.000020 0.000002 0.000011 0.000018 -0.000042 
