0.000004 0.000002 -0.000000 -0.000000 0.000000 0.000000 
-0.000001 0.000006 0.000000 0.000000 -0.000000 0.000018 
-0.000006 -0.000020 -0.000000 0.000038 -0.000023 -0.000036 
-0.000001 -0.000008 0.000002 -0.000016 0.000016 -0.000012 
-0.000005 -0.000001 0.000002 0.000003 -0.000005 -0.000024 
0.000010 0.000007 -0.000002 -0.000019 0.000026 0.000018 
-0.000007 0.000001 -0.000006 -0.000000 -0.000010 0.000024 
0.000011 0.000009 -0.000008 0.000013 0.000024 0.000018 
-0.000002 -0.000001 -0.000002 0.000004 -0.000014 -0.000000 
-0.000006 -0.000001 0.000014 -0.000022 -0.000013 -0.000036 
0.000002 -0.000001 0.000007 0.000015 -0.000003 0.000048 
-0.000007 -0.000004 0.000000 -0.000003 -0.000018 -0.000024 
0.000009 0.000012 -0.000004 -0.000006 0.000010 0.000006 
0.000010 0.000007 -0.000004 0.000008 0.000021 0.000024 
-0.000012 -0.000011 0.000000 -0.000003 -0.000018 -0.000018 
-0.000005 -0.000018 -0.000010 0.000007 0.000011 -0.000036 
0.000007 0.000019 0.000008 -0.000010 -0.000006 0.000024 
-0.000004 -0.000009 0.000002 0.000003 -0.000005 -0.000018 
-0.000002 -0.000006 0.000000 0.000022 0.000015 0.000042 
-0.000001 0.000013 0.000000 -0.000021 -0.000015 0.000012 
0.000006 0.000005 0.000004 0.000004 -0.000004 -0.000024 
-0.000008 -0.000011 -0.000000 0.000002 -0.000006 -0.000006 
-0.000001 0.000000 -0.000004 0.000005 0.000003 -0.000006 
0.000002 0.000002 0.000006 -0.000005 -0.000026 -0.000006 
0.000008 0.000005 0.000000 0.000005 0.000036 0.000054 
-0.000003 -0.000004 -0.000006 -0.000012 -0.000002 -0.000054 
-0.000004 -0.000003 -0.000002 0.000017 -0.000027 0.000012 
0.000009 0.000010 0.000002 -0.000017 0.000027 0.000000 
-0.000010 -0.000018 -0.000012 0.000016 0.000009 -0.000024 
0.000006 0.000013 0.000008 0.000001 -0.000013 0.000024 
-0.000005 -0.000003 0.000014 -0.000014 -0.000026 -0.000012 
0.000000 -0.000001 0.000004 0.000008 0.000001 -0.000000 
0.000001 0.000003 -0.000004 -0.000003 0.000028 -0.000006 
0.000005 0.000015 0.000000 -0.000005 -0.000030 0.000012 
0.000003 -0.000000 -0.000008 0.000003 0.000019 0.000042 
-0.000009 -0.000018 -0.000002 -0.000005 0.000011 -0.000048 
-0.000004 -0.000006 -0.000008 0.000022 -0.000001 0.000012 
0.000004 0.000000 0.000004 -0.000017 0.000005 -0.000042 
0.000002 -0.000002 0.000002 0.000014 -0.000012 -0.000006 
-0.000004 0.000001 0.000004 -0.000005 -0.000003 0.000006 
-0.000001 -0.000004 0.000004 -0.000005 -0.000003 -0.000012 
0.000005 0.000005 -0.000015 -0.000002 0.000027 0.000012 
-0.000001 -0.000000 0.000002 0.000003 -0.000005 -0.000000 
0.000002 0.000008 0.000012 -0.000004 -0.000016 0.000012 
0.000007 0.000013 0.000002 0.000003 -0.000005 0.000024 
0.000006 0.000004 0.000002 -0.000005 0.000020 0.000006 
-0.000008 -0.000006 -0.000002 0.000006 -0.000020 0.000024 
-0.000002 -0.000002 -0.000006 -0.000011 0.000004 -0.000018 
0.000002 -0.000007 -0.000012 0.000006 0.000028 0.000000 
-0.000002 -0.000003 0.000004 0.000006 -0.000010 -0.000036 
-0.000004 -0.000014 -0.000008 -0.000001 0.000013 -0.000012 
0.000005 0.000018 0.000006 -0.000004 -0.000020 0.000048 
0.000000 0.000002 0.000010 0.000004 -0.000001 -0.000006 
-0.000000 0.000003 -0.000008 0.000001 0.000007 0.000042 
0.000007 0.000007 0.000004 -0.000002 0.000015 -0.000018 
0.000003 0.000007 -0.000002 -0.000014 0.000012 0.000024 
-0.000005 -0.000011 -0.000014 0.000021 -0.000011 -0.000018 
-0.000003 -0.000001 0.000019 -0.000026 -0.000015 -0.000012 
0.000001 -0.000001 -0.000004 0.000016 -0.000004 -0.000000 
0.000001 -0.000001 0.000000 -0.000011 0.000007 -0.000006 
0.000007 0.000014 -0.000002 -0.000012 0.000007 0.000024 
-0.000004 -0.000011 -0.000012 0.000025 0.000008 -0.000024 
-0.000004 -0.000008 0.000004 -0.000005 -0.000003 -0.000036 
0.000001 0.000007 0.000004 -0.000016 0.000004 0.000030 
0.000000 -0.000007 0.000004 -0.000005 -0.000003 -0.000024 
-0.000001 0.000004 0.000000 0.000000 -0.000000 0.000012 
0.000002 0.000007 0.000004 0.000006 -0.000010 0.000018 
0.000010 0.000016 -0.000008 -0.000001 0.000013 0.000012 
-0.000006 -0.000004 0.000008 -0.000011 -0.000024 0.000018 
0.000002 -0.000006 -0.000010 0.000006 0.000017 -0.000024 
0.000011 0.000003 -0.000015 0.000003 0.000056 0.000018 
-0.000005 0.000006 0.000006 -0.000014 -0.000025 -0.000018 
-0.000000 -0.000015 0.000004 0.000007 0.000014 -0.000018 
-0.000009 -0.000005 -0.000002 -0.000006 -0.000013 -0.000006 
0.000001 0.000014 0.000010 -0.000005 -0.000017 0.000012 
-0.000000 0.000001 -0.000004 -0.000008 -0.000001 0.000018 
0.000001 -0.000007 -0.000000 0.000002 0.000012 -0.000018 
-0.000004 -0.000000 -0.000000 0.000018 -0.000027 0.000006 
0.000000 0.000000 0.000012 -0.000024 0.000016 -0.000006 
-0.000002 -0.000011 -0.000012 0.000015 0.000009 -0.000036 
0.000007 0.000010 -0.000009 -0.000017 0.000014 0.000030 
0.000007 0.000015 0.000004 0.000008 0.000001 0.000048 
0.000002 -0.000008 -0.000011 -0.000007 0.000024 -0.000036 
-0.000004 0.000002 -0.000007 -0.000012 0.000021 0.000042 
-0.000011 -0.000018 0.000009 0.000011 -0.000032 -0.000054 
0.000005 0.000015 0.000008 -0.000020 -0.000005 0.000012 
-0.000000 -0.000004 0.000004 0.000006 -0.000010 -0.000012 
0.000006 0.000004 -0.000004 -0.000004 0.000022 -0.000012 
-0.000000 0.000012 0.000000 -0.000002 -0.000012 0.000078 
-0.000000 -0.000011 -0.000004 -0.000006 0.000011 -0.000030 
0.000004 0.000005 -0.000008 0.000012 0.000018 -0.000000 
0.000007 0.000008 0.000008 -0.000008 0.000012 -0.000000 
-0.000001 -0.000005 -0.000012 0.000002 -0.000001 -0.000030 
-0.000007 -0.000012 0.000010 -0.000005 0.000007 0.000006 
0.000001 0.000005 -0.000008 0.000008 -0.000012 0.000000 
-0.000001 0.000002 -0.000002 -0.000003 0.000005 0.000006 
-0.000000 -0.000003 0.000010 0.000011 -0.000014 -0.000024 
-0.000004 0.000001 0.000000 -0.000019 0.000003 0.000030 
0.000005 0.000003 -0.000000 0.000003 0.000018 0.000006 
-0.000006 -0.000008 0.000006 0.000006 -0.000033 -0.000030 
-0.000001 0.000005 0.000000 -0.000009 0.000001 0.000012 
0.000001 -0.000005 -0.000000 0.000009 -0.000001 -0.000042 
0.000003 0.000004 -0.000006 -0.000009 0.000016 0.000048 
-0.000001 -0.000000 -0.000008 0.000010 0.000006 0.000006 
-0.000000 -0.000003 -0.000000 -0.000002 -0.000012 -0.000042 
0.000005 0.000010 0.000000 0.000002 0.000012 0.000024 
-0.000003 0.000000 0.000013 -0.000001 -0.000022 0.000018 
-0.000006 -0.000020 -0.000006 0.000023 -0.000000 -0.000036 
0.000004 0.000024 0.000010 -0.000018 -0.000022 0.000060 
-0.000000 -0.000011 -0.000004 -0.000006 0.000011 -0.000060 
-0.000002 -0.000001 -0.000004 0.000016 -0.000004 0.000036 
-0.000001 -0.000001 0.000006 -0.000023 0.000001 -0.000042 
-0.000003 -0.000005 0.000000 0.000009 -0.000001 0.000012 
-0.000009 -0.000009 0.000002 0.000002 -0.000011 -0.000030 
0.000009 0.000011 -0.000002 -0.000002 0.000011 0.000018 
0.000003 0.000003 0.000002 0.000005 0.000007 0.000036 
-0.000001 0.000005 0.000000 -0.000002 -0.000012 0.000000 
0.000001 -0.000003 -0.000002 -0.000004 -0.000001 -0.000012 
0.000005 0.000010 0.000002 0.000006 0.000012 0.000024 
-0.000003 -0.000003 -0.000002 -0.000005 -0.000007 -0.000024 
0.000006 0.000006 0.000002 0.000005 0.000007 0.000030 
-0.000006 -0.000008 -0.000008 0.000009 -0.000006 -0.000030 
0.000007 0.000001 -0.000004 -0.000004 0.000022 0.000024 
-0.000008 -0.000001 0.000006 0.000007 -0.000028 -0.000024 
-0.000009 -0.000021 0.000004 -0.000015 0.000016 -0.000048 
-0.000002 0.000006 0.000002 0.000020 -0.000020 0.000054 
0.000005 0.000005 -0.000000 -0.000019 0.000003 -0.000012 
-0.000000 -0.000003 0.000000 -0.000012 0.000002 0.000000 
0.000003 0.000009 -0.000004 0.000029 -0.000006 0.000012 
-0.000000 -0.000001 0.000008 -0.000022 0.000001 -0.000024 
0.000007 0.000006 -0.000014 0.000014 0.000026 0.000018 
-0.000009 -0.000002 0.000012 -0.000008 -0.000040 -0.000006 
-0.000002 -0.000006 0.000004 0.000006 -0.000010 -0.000012 
-0.000007 -0.000018 -0.000008 0.000029 0.000003 -0.000006 
0.000004 0.000004 -0.000000 -0.000017 0.000015 0.000000 
0.000001 0.000002 -0.000009 -0.000004 0.000018 0.000006 
0.000004 0.000005 -0.000000 -0.000001 -0.000006 0.000006 
0.000000 0.000004 0.000006 -0.000003 -0.000014 0.000018 
-0.000002 0.000002 -0.000000 0.000012 -0.000002 -0.000000 
-0.000001 -0.000007 0.000006 -0.000001 -0.000002 -0.000006 
-0.000005 -0.000007 0.000000 -0.000000 -0.000000 -0.000024 
0.000006 0.000006 -0.000002 0.000010 0.000010 0.000012 
-0.000005 -0.000000 0.000010 0.000002 -0.000030 -0.000000 
-0.000004 0.000001 -0.000004 -0.000008 -0.000002 -0.000012 
0.000003 0.000000 -0.000002 -0.000001 0.000017 0.000030 
0.000006 0.000007 0.000002 -0.000007 -0.000004 -0.000006 
0.000001 0.000004 -0.000004 0.000003 0.000003 -0.000006 
0.000000 -0.000006 -0.000000 -0.000009 0.000007 0.000000 
-0.000001 -0.000002 -0.000014 0.000033 0.000005 0.000012 
-0.000001 0.000001 0.000012 -0.000036 -0.000000 -0.000030 
0.000000 0.000010 0.000000 -0.000001 -0.000006 0.000042 
0.000002 -0.000002 -0.000000 0.000014 0.000010 0.000012 
-0.000012 -0.000015 0.000008 -0.000023 -0.000010 -0.000048 
-0.000002 0.000001 0.000009 0.000015 -0.000026 0.000018 
0.000003 0.000002 -0.000013 -0.000001 0.000004 -0.000012 
-0.000004 -0.000010 -0.000008 0.000010 0.000018 0.000000 
0.000006 -0.000002 -0.000006 -0.000007 0.000028 -0.000024 
-0.000445 0.001353 -0.001666 -0.005295 -0.002780 0.001859 
0.012096 0.015570 -0.037036 -0.062466 0.085610 0.018560 
0.019196 0.015054 -0.074990 -0.042167 0.121970 0.017866 
0.014307 0.012092 -0.083101 -0.025857 0.092651 0.020385 
0.002790 0.005642 -0.069641 -0.006057 0.025644 0.008883 
-0.011650 0.006087 -0.044087 -0.010036 -0.079255 -0.007406 
-0.019124 0.002096 -0.027727 0.003189 -0.133854 -0.023131 
-0.012125 0.001872 -0.016450 0.022295 -0.107539 -0.042673 
-0.010276 -0.004284 0.005443 0.033779 -0.089436 -0.055350 
-0.004823 -0.003549 0.024063 0.038732 -0.055989 -0.026022 
-0.004319 -0.012720 0.035479 0.051391 -0.028727 -0.013609 
-0.001908 -0.010430 0.045785 0.047649 -0.011015 0.004656 
0.001855 -0.009781 0.051256 0.041915 0.022329 0.000025 
0.002347 -0.009931 0.056731 0.029131 0.032992 -0.009026 
0.004583 -0.008647 0.051214 0.018810 0.047055 -0.006621 
0.006940 -0.004976 0.046838 0.002167 0.058044 0.000954 
0.005571 -0.002017 0.037528 -0.014270 0.046627 0.007091 
0.002232 0.003955 0.027376 -0.033905 0.016399 0.013847 
-0.002281 0.006036 0.019882 -0.041286 -0.013452 0.010717 
-0.003883 0.006206 0.012235 -0.035877 -0.022501 0.004255 
-0.004576 0.004559 0.006716 -0.024527 -0.024854 0.003245 
-0.002938 0.001978 0.000870 -0.012915 -0.013642 0.000877 
-0.000153 0.000247 -0.004263 -0.005742 0.004500 -0.000452 
0.002876 0.000693 -0.007713 -0.003455 0.018673 -0.000361 
0.004027 0.000986 -0.011508 -0.005340 0.023509 -0.001515 
0.004142 0.000376 -0.016073 -0.002924 0.026915 -0.000109 
0.003207 -0.000340 -0.015660 0.003108 0.021358 -0.001039 
0.000647 -0.000355 -0.012167 0.004936 0.004762 0.001112 
-0.002820 -0.000658 -0.009839 0.005080 -0.017677 0.000011 
-0.004382 -0.000448 -0.008763 0.002089 -0.027514 -0.000108 
-0.004298 -0.000591 -0.006557 0.004295 -0.027645 -0.000841 
-0.003678 -0.000858 -0.003530 0.004865 -0.023634 0.000242 
-0.002024 -0.000763 -0.001425 0.004238 -0.012940 -0.000578 
0.000723 -0.000500 -0.000470 0.001791 0.004613 -0.001255 
0.000381 -0.000131 0.000347 0.000231 0.002325 0.000282 
-0.000562 -0.000002 0.001527 0.000928 -0.003857 -0.000233 
-0.000746 -0.000208 0.002973 0.002980 -0.004698 0.001423 
-0.000074 -0.000658 0.004014 0.004259 -0.000452 -0.000776 
0.000859 -0.001103 0.003365 0.006812 0.005371 0.000711 
0.001803 -0.001327 0.004118 0.008250 0.011365 -0.000678 
0.002455 -0.001279 0.003868 0.008504 0.015328 0.000072 
0.002616 -0.001211 0.002871 0.007511 0.016471 -0.000143 
0.001512 -0.000500 0.002078 0.003612 0.009372 0.000093 
0.000002 0.000120 0.001421 0.000482 -0.000296 0.000481 
-0.000452 0.000185 0.000871 -0.001010 -0.003030 0.000022 
-0.000379 0.000377 0.000819 -0.001721 -0.002572 0.000521 
-0.000050 0.000230 0.000803 -0.002000 -0.000146 -0.000456 
-0.000016 0.000320 0.000705 -0.002712 0.000150 0.000062 
-0.000097 0.000177 0.000365 -0.001092 -0.000606 -0.000127 
-0.000080 0.000109 0.000079 -0.000779 -0.000506 0.000048 
-0.000491 0.000058 0.000036 -0.000665 -0.003057 -0.000117 
-0.000419 0.000013 -0.000047 -0.000495 -0.002497 -0.000129 
-0.000044 0.000006 -0.000096 -0.000362 -0.000145 -0.000073 
-0.000074 0.000039 -0.000041 -0.000145 -0.000486 -0.000106 
-0.000241 0.000104 -0.000033 -0.000289 -0.001710 0.000415 
-0.000261 0.000196 -0.000034 -0.000359 -0.002101 0.000014 
-0.000166 0.000117 -0.000036 -0.000309 -0.001152 0.000326 
-0.000217 0.000128 -0.000055 -0.000407 -0.001526 0.000033 
-0.000391 0.000162 0.000034 -0.000526 -0.002661 0.000296 
-0.000097 0.000071 0.000079 -0.000560 -0.000502 -0.000086 
0.000055 0.000125 -0.000040 -0.000487 0.000344 0.000174 
0.000008 -0.000001 -0.000118 -0.000370 0.000311 -0.000120 
0.000078 -0.000008 -0.000288 -0.000541 0.000750 -0.000218 
0.000037 0.000011 -0.000101 -0.000358 0.000333 -0.000085 
0.000060 -0.000007 -0.000080 -0.000618 0.000491 -0.000298 
0.000059 0.000083 -0.000101 -0.000436 0.000323 -0.000030 
0.000054 0.000098 -0.000128 -0.000311 0.000267 0.000047 
0.000148 0.000116 -0.000260 -0.000508 0.000796 0.000063 
0.000106 0.000148 -0.000184 -0.000400 0.000446 0.000139 
0.000033 0.000170 -0.000052 -0.000389 0.000086 0.000263 
-0.000038 0.000139 0.000081 -0.000650 -0.000197 0.000125 
-0.000019 0.000086 0.000218 -0.000542 -0.000123 -0.000015 
0.000008 0.000086 0.000061 -0.000604 0.000058 -0.000024 
-0.000136 0.000023 0.000161 -0.000323 -0.000801 -0.000053 
-0.000018 -0.000034 0.000095 -0.000358 0.000051 -0.000177 
0.000023 -0.000038 -0.000025 -0.000404 0.000336 -0.000271 
0.000022 0.000046 -0.000025 -0.000312 0.000122 -0.000020 
0.000052 0.000070 -0.000077 -0.000364 0.000311 0.000047 
0.000024 0.000053 -0.000015 -0.000247 0.000118 -0.000021 
0.000001 0.000046 0.000075 -0.000315 0.000034 -0.000010 
-0.000073 0.000062 0.000119 -0.000363 -0.000481 0.000032 
-0.000046 0.000058 0.000132 -0.000307 -0.000335 0.000001 
0.000030 0.000068 0.000061 -0.000366 0.000157 0.000051 
0.000010 0.000016 -0.000007 -0.000164 0.000120 -0.000034 
0.000001 -0.000023 -0.000013 -0.000120 0.000082 -0.000106 
0.000014 -0.000003 -0.000034 -0.000155 0.000152 -0.000076 
0.000022 0.000006 -0.000015 -0.000044 0.000106 0.000001 
0.000050 0.000050 -0.000098 -0.000241 0.000315 0.000022 
0.000007 0.000036 -0.000041 -0.000087 -0.000035 0.000043 
0.000018 0.000008 -0.000051 -0.000165 0.000197 -0.000027 
0.000016 0.000025 -0.000010 -0.000093 0.000058 0.000019 
-0.000001 0.000023 -0.000018 -0.000089 -0.000014 0.000013 
-0.000018 0.000006 0.000013 -0.000133 -0.000055 -0.000011 
-0.000012 -0.000003 0.000039 -0.000090 -0.000037 -0.000060 
-0.000009 0.000001 0.000051 -0.000056 -0.000054 0.000006 
-0.000011 0.000011 0.000029 -0.000028 -0.000100 0.000012 
-0.000016 0.000001 0.000027 -0.000010 -0.000104 -0.000000 
0.000012 0.000016 0.000005 -0.000104 0.000075 0.000001 
0.000009 0.000009 -0.000019 0.000007 0.000022 0.000018 
0.000020 0.000018 -0.000058 -0.000088 0.000112 0.000026 
0.000038 0.000056 -0.000050 -0.000104 0.000148 0.000068 
0.000002 0.000008 -0.000005 -0.000052 -0.000010 -0.000017 
-0.000012 -0.000006 0.000012 -0.000042 -0.000018 -0.000006 
-0.000035 0.000003 0.000047 -0.000083 -0.000190 -0.000018 
-0.000014 0.000013 0.000078 -0.000109 -0.000078 -0.000018 
-0.000015 -0.000004 0.000045 -0.000055 -0.000062 -0.000012 
-0.000029 -0.000018 0.000027 -0.000034 -0.000130 -0.000036 
-0.000021 -0.000035 0.000020 -0.000051 -0.000018 -0.000126 
0.000007 0.000014 0.000004 0.000019 -0.000019 0.000054 
0.000024 0.000034 -0.000023 -0.000011 0.000065 0.000054 
0.000016 0.000042 -0.000023 -0.000016 0.000029 0.000102 
0.000016 0.000014 -0.000015 -0.000015 0.000040 0.000006 
0.000001 0.000012 0.000004 -0.000032 -0.000000 0.000006 
0.000004 0.000015 0.000012 -0.000023 -0.000014 0.000036 
-0.000008 -0.000004 0.000041 -0.000040 -0.000042 -0.000036 
-0.000021 -0.000008 0.000068 -0.000078 -0.000069 -0.000012 
-0.000026 -0.000035 0.000052 -0.000078 -0.000066 -0.000138 
-0.000014 -0.000016 0.000018 -0.000010 -0.000013 0.000006 
-0.000008 -0.000017 -0.000004 0.000001 -0.000009 -0.000060 
0.000011 0.000013 -0.000032 0.000038 0.000028 0.000054 
0.000029 0.000032 -0.000039 -0.000050 0.000113 0.000061 
0.000010 0.000010 -0.000021 -0.000011 0.000042 0.000018 
0.000019 0.000031 -0.000026 -0.000023 0.000034 0.000043 
-0.000005 0.000005 0.000018 -0.000000 -0.000014 0.000018 
0.000000 -0.000003 0.000008 -0.000009 0.000006 -0.000012 
-0.000010 -0.000007 0.000023 -0.000011 -0.000044 0.000012 
-0.000013 -0.000014 0.000031 -0.000032 -0.000043 -0.000084 
-0.000004 0.000001 0.000018 -0.000029 -0.000010 0.000006 
-0.000014 -0.000028 -0.000006 0.000010 -0.000017 -0.000054 
0.000010 -0.000007 -0.000029 -0.000000 0.000049 -0.000024 
0.000007 0.000006 -0.000007 -0.000009 0.000038 0.000024 
0.000015 0.000010 -0.000032 -0.000017 0.000066 0.000013 
0.000025 0.000039 -0.000041 -0.000044 0.000093 0.000073 
0.000009 0.000028 -0.000013 -0.000022 0.000024 0.000078 
0.000011 0.000007 -0.000005 -0.000030 0.000042 -0.000018 
-0.000009 -0.000006 0.000012 -0.000006 -0.000028 -0.000006 
-0.000011 -0.000005 0.000042 -0.000013 -0.000068 -0.000036 
-0.000006 -0.000007 0.000015 -0.000010 -0.000019 0.000006 
-0.000019 -0.000025 0.000027 -0.000010 -0.000072 -0.000096 
-0.000003 -0.000005 -0.000004 -0.000008 -0.000001 0.000000 
-0.000003 -0.000013 -0.000019 0.000011 0.000017 -0.000024 
0.000008 -0.000002 -0.000033 0.000014 0.000050 -0.000012 
0.000023 0.000026 -0.000048 0.000017 0.000100 0.000090 
0.000009 0.000017 -0.000006 -0.000011 0.000004 0.000030 
0.000003 0.000007 -0.000004 -0.000019 0.000006 0.000006 
-0.000000 0.000014 0.000021 0.000001 -0.000041 0.000006 
-0.000007 0.000000 0.000031 -0.000004 -0.000048 0.000024 
-0.000016 -0.000008 0.000027 -0.000005 -0.000061 -0.000006 
-0.000007 -0.000008 0.000017 -0.000009 -0.000036 -0.000054 
-0.000003 -0.000004 0.000002 -0.000019 0.000010 0.000012 
-0.000010 -0.000024 -0.000027 0.000011 0.000018 -0.000042 
-0.000007 -0.000017 -0.000004 -0.000006 0.000011 -0.000060 
0.000015 0.000008 -0.000034 0.000021 0.000054 0.000030 
0.000011 0.000006 -0.000025 0.000006 0.000038 0.000024 
0.000015 0.000016 -0.000040 -0.000009 0.000060 0.000007 
0.000004 0.000013 -0.000002 0.000013 -0.000004 0.000036 
0.000013 0.000026 0.000010 -0.000039 0.000005 0.000048 
-0.000013 -0.000004 0.000034 -0.000000 -0.000045 -0.000012 
-0.000013 -0.000007 0.000040 -0.000018 -0.000075 -0.000000 
-0.000013 -0.000014 0.000011 -0.000026 -0.000031 -0.000036 
-0.000007 -0.000003 0.000023 -0.000010 -0.000039 -0.000024 
-0.000010 -0.000033 -0.000025 0.000030 0.000010 -0.000072 
0.000010 0.000001 -0.000042 0.000012 0.000062 0.000030 
0.000002 -0.000008 -0.000031 0.000008 0.000046 -0.000036 
0.000015 0.000007 -0.000051 -0.000014 0.000096 0.000013 
0.000023 0.000037 -0.000015 -0.000024 0.000041 0.000090 
0.000010 0.000013 -0.000002 -0.000016 0.000019 0.000018 
0.000001 0.000032 0.000029 -0.000031 -0.000033 0.000054 
-0.000011 -0.000010 0.000031 -0.000009 -0.000052 -0.000012 
-0.000012 -0.000010 0.000025 -0.000007 -0.000032 -0.000018 
-0.000004 -0.000004 0.000019 -0.000004 -0.000047 -0.000018 
-0.000014 -0.000036 -0.000010 -0.000014 0.000020 -0.000120 
0.001090 -0.000160 -0.001964 0.004050 0.005241 0.001081 
0.003018 0.000113 -0.006403 0.010667 0.011787 0.002864 
0.003713 -0.000101 -0.013137 0.018803 0.012893 0.004599 
0.004457 0.001324 -0.014487 0.020631 0.012646 0.007683 
0.006847 0.006838 -0.014014 0.018932 0.011272 0.015440 
0.010357 0.013854 -0.014352 0.019174 0.011803 0.010093 
0.016554 0.028849 -0.015286 0.020586 0.012672 0.003064 
0.024498 0.052019 -0.014586 0.019881 0.011804 0.001373 
0.034373 0.080755 -0.013211 0.019418 0.010087 -0.002224 
0.041982 0.105014 -0.011002 0.017157 0.008477 -0.035299 
0.051376 0.136672 -0.007158 0.012354 0.005385 -0.048861 
0.063253 0.174473 -0.003158 0.007811 0.002083 -0.048729 
0.075622 0.213250 0.000591 0.004263 -0.000476 -0.044916 
0.089168 0.254372 0.002829 0.002475 -0.001419 -0.039117 
0.101711 0.294769 0.006977 -0.002639 -0.005565 -0.034741 
0.114347 0.338824 0.011411 -0.008797 -0.009134 -0.022056 
0.127716 0.385193 0.014493 -0.012813 -0.010360 -0.002672 
0.140655 0.430706 0.016163 -0.013704 -0.010641 0.013157 
0.150393 0.467507 0.017148 -0.008264 -0.012978 0.007116 
0.157792 0.506073 0.017305 -0.005289 -0.013618 0.011517 
0.165361 0.546617 0.015643 -0.001786 -0.011785 0.018367 
0.172592 0.586987 0.017294 -0.004329 -0.011862 0.019826 
0.178193 0.634709 0.017795 -0.007863 -0.012851 0.038817 
0.178615 0.664356 0.015531 -0.000650 -0.012389 0.026647 
0.173680 0.687682 0.015889 -0.003779 -0.012970 0.003631 
0.172456 0.716367 0.015070 0.001288 -0.011367 0.003738 
0.168604 0.749761 0.017820 -0.007053 -0.012106 0.040206 
0.162782 0.756803 0.015296 -0.001521 0.005339 0.011930 
0.150689 0.759419 0.015812 -0.006423 0.004893 -0.001431 
0.146250 0.774095 0.015386 -0.004493 0.006273 0.028626 
0.137305 0.787458 0.014158 -0.010657 0.008462 0.057560 
0.125629 0.774106 0.012200 -0.005243 0.014367 0.036704 
0.114256 0.775235 0.011375 -0.006349 0.017255 0.043842 
0.104134 0.775646 0.012137 -0.005664 0.010615 0.044059 
0.089236 0.766677 0.011574 -0.007133 0.005606 0.030977 
0.076539 0.752804 0.011100 -0.002209 -0.003621 0.001382 
0.064728 0.758987 0.010639 -0.002489 -0.008485 0.020395 
0.054233 0.749693 0.009983 -0.003092 -0.004484 0.001666 
0.040327 0.734418 0.008983 -0.000113 -0.003741 -0.023024 
0.030089 0.730091 0.009392 0.003287 -0.009712 -0.029209 
0.019625 0.737211 0.009041 -0.000822 -0.008793 -0.013090 
0.008202 0.727421 0.009614 -0.002309 -0.008774 -0.028070 
-0.002156 0.718806 0.009221 0.003900 -0.010211 -0.040677 
-0.011489 0.726759 0.009872 0.003223 -0.013785 -0.022871 
-0.020463 0.733767 0.009196 -0.000793 -0.008051 -0.003930 
-0.031714 0.724280 0.009352 -0.000768 -0.009692 -0.020239 
-0.039799 0.720527 0.008459 0.007492 -0.008093 -0.021964 
-0.049162 0.728701 0.009015 0.003650 -0.007624 -0.003128 
-0.057391 0.726227 0.007127 0.001954 -0.003095 -0.004706 
-0.069567 0.717243 0.008154 0.002293 -0.006282 -0.013367 
-0.077781 0.719576 0.007890 0.006608 -0.001268 -0.003932 
-0.088765 0.728912 0.009206 -0.005758 0.006385 0.020282 
-0.097236 0.718187 0.007786 -0.004954 0.011102 0.005218 
-0.108525 0.711549 0.009351 -0.003408 0.006111 -0.001366 
-0.115355 0.713171 0.008886 -0.003550 0.009333 0.005918 
-0.126683 0.714516 0.007913 -0.011019 0.011249 0.014222 
-0.135102 0.697677 0.008084 0.001662 0.007125 -0.008869 
-0.147029 0.696412 0.008587 0.007126 -0.005173 -0.002289 
-0.155125 0.698278 0.008290 0.003409 -0.004205 0.006147 
-0.166705 0.690415 0.008510 -0.000241 -0.004217 0.003630 
-0.170366 0.666302 0.007533 0.009070 -0.002956 -0.035742 
-0.178278 0.659221 0.006948 0.004591 -0.003176 -0.018411 
-0.181342 0.643031 0.007202 -0.003063 -0.002241 0.006050 
-0.183440 0.613291 0.006802 -0.007549 0.001087 0.015122 
-0.178212 0.578433 0.005860 -0.000929 0.001453 0.017622 
-0.176245 0.554210 0.005906 -0.006057 0.000802 0.042972 
-0.170543 0.521906 0.007284 -0.010899 0.001431 0.053680 
-0.162520 0.477090 0.007552 -0.007541 -0.002904 0.036275 
-0.152295 0.435232 0.004638 -0.002193 -0.000744 0.023220 
-0.142267 0.399023 0.004963 -0.003712 -0.000495 0.014544 
-0.133511 0.365307 0.004756 -0.003705 -0.000814 0.020262 
-0.123191 0.327998 0.002356 0.001266 0.000378 0.013397 
-0.108949 0.284564 0.001005 0.001509 0.004225 -0.009415 
-0.096291 0.244186 0.001017 -0.001502 0.008240 -0.023900 
-0.084502 0.207423 0.000503 -0.000049 0.007481 -0.032066 
-0.073592 0.175755 0.000544 -0.000647 0.005792 -0.030373 
-0.060946 0.146277 0.000316 -0.002195 0.006562 -0.023611 
-0.049828 0.116216 0.000130 -0.002336 0.006313 -0.015975 
-0.036247 0.084522 -0.000029 0.000843 0.004381 -0.019932 
-0.023441 0.054800 -0.000776 0.000066 0.005457 -0.017945 
-0.012920 0.032771 -0.001090 -0.001777 0.006905 -0.005927 
-0.005066 0.014326 -0.001042 -0.001063 0.006285 0.000351 
0.000952 0.001357 -0.001754 0.001536 0.006719 -0.011994 
0.002268 -0.005226 -0.001754 0.003335 0.003745 -0.018740 
0.002227 -0.009957 -0.000927 0.001632 0.000569 -0.024734 
0.004236 -0.015905 -0.001044 0.000899 0.001103 -0.037203 
0.005429 -0.019002 -0.002039 0.003181 0.002870 -0.043496 
0.005492 -0.019097 -0.001928 0.002886 0.003133 -0.043389 
0.004054 -0.015864 -0.001467 0.002314 0.002356 -0.032441 
0.002049 -0.012058 -0.000622 0.001047 0.000966 -0.022147 
0.000898 -0.007774 0.000019 -0.000074 -0.000039 -0.014537 
-0.000096 -0.003011 0.000140 -0.000238 -0.000218 -0.004830 
-0.000890 0.001031 0.000170 -0.000272 -0.000278 0.003398 
-0.001310 0.004161 0.000089 -0.000284 -0.000139 0.009438 
-0.002173 0.007430 0.000021 -0.000248 -0.000031 0.016617 
-0.003085 0.008580 0.000412 -0.000578 -0.000665 0.020050 
-0.002958 0.008790 0.000547 -0.000860 -0.000897 0.019990 
-0.002547 0.007330 0.001033 -0.001304 -0.001712 0.016406 
-0.002343 0.005920 0.001555 -0.002018 -0.002559 0.013170 
-0.002217 0.005103 0.002268 -0.003465 -0.003757 0.010834 
-0.001844 0.004281 0.002361 -0.003548 -0.003955 0.008694 
-0.001312 0.003619 0.001698 -0.002518 -0.002787 0.007166 
-0.000978 0.003154 0.001175 -0.001786 -0.001938 0.006196 
-0.000554 0.002697 0.000878 -0.001405 -0.001471 0.004830 
-0.000434 0.002773 0.000466 -0.000768 -0.000762 0.005117 
-0.000293 0.002507 0.000054 -0.000108 -0.000105 0.004764 
-0.000185 0.002116 -0.000028 -0.000041 0.000058 0.003955 
-0.000374 0.002141 -0.000018 0.000068 0.000031 0.004362 
-0.000500 0.002238 -0.000117 0.000295 0.000194 0.004883 
-0.000488 0.001981 -0.000125 0.000179 0.000212 0.004398 
-0.000393 0.001427 -0.000176 0.000280 0.000298 0.003302 
-0.000250 0.001063 -0.000352 0.000584 0.000575 0.002601 
-0.000230 0.001072 -0.000391 0.000588 0.000651 0.002589 
-0.000332 0.001139 -0.000429 0.000609 0.000725 0.002924 
-0.000191 0.000980 -0.000844 0.001337 0.001419 0.002768 
-0.000146 0.000930 -0.000668 0.001029 0.001089 0.002457 
-0.000203 0.000866 -0.000454 0.000659 0.000771 0.002253 
-0.000141 0.000816 -0.000382 0.000629 0.000618 0.001995 
-0.000087 0.000817 -0.000325 0.000469 0.000544 0.001822 
-0.000131 0.000743 -0.000190 0.000263 0.000319 0.001654 
-0.000142 0.000620 -0.000103 0.000183 0.000175 0.001432 
-0.000071 0.000711 -0.000032 0.000058 0.000053 0.001384 
-0.000073 0.000747 -0.000038 0.000100 0.000063 0.001438 
-0.000104 0.000762 -0.000050 0.000080 0.000068 0.001528 
-0.000115 0.000620 -0.000026 0.000025 0.000068 0.001306 
-0.000113 0.000556 -0.000009 -0.000007 0.000016 0.001157 
-0.000119 0.000643 -0.000012 0.000014 0.000021 0.001324 
-0.000139 0.000660 -0.000006 0.000061 0.000001 0.001396 
-0.000069 0.000470 -0.000003 0.000022 0.000005 0.000935 
-0.000026 0.000374 -0.000010 0.000008 0.000008 0.000689 
-0.000030 0.000404 -0.000005 0.000007 0.000015 0.000755 
-0.000027 0.000291 -0.000036 -0.000008 0.000072 0.000557 
-0.000043 0.000188 -0.000029 0.000045 0.000048 0.000425 
-0.000021 0.000081 -0.000037 0.000065 0.000053 0.000222 
-0.000032 0.000047 -0.000010 0.000009 0.000027 0.000150 
-0.000071 0.000053 0.000005 0.000010 -0.000008 0.000228 
-0.000080 0.000025 -0.000000 0.000019 -0.000015 0.000192 
-0.000082 -0.000027 0.000002 0.000042 -0.000011 0.000126 
-0.000053 -0.000139 0.000007 -0.000006 0.000010 -0.000138 
-0.000049 -0.000201 -0.000009 -0.000001 -0.000002 -0.000270 
-0.000016 -0.000116 -0.000005 -0.000007 0.000027 -0.000144 
-0.000008 -0.000106 -0.000020 0.000014 0.000016 -0.000156 
-0.000002 -0.000072 -0.000022 0.000042 0.000045 -0.000096 
0.000007 -0.000046 -0.000007 -0.000006 0.000028 -0.000084 
-0.000007 0.000029 -0.000010 -0.000001 0.000017 0.000078 
-0.000032 0.000079 -0.000006 0.000034 -0.000015 0.000210 
-0.000062 0.000115 -0.000002 -0.000011 0.000013 0.000306 
-0.000086 0.000107 0.000008 0.000007 -0.000003 0.000341 
-0.000068 0.000063 0.000010 0.000023 -0.000021 0.000240 
0.000056 -0.000063 -0.000005 -0.000014 0.000013 -0.000234 
0.000032 -0.000074 0.000005 0.000024 -0.000026 -0.000186 
0.000036 -0.000083 -0.000010 -0.000017 0.000035 -0.000186 
0.000009 -0.000046 -0.000018 0.000035 0.000028 -0.000072 
0.000012 -0.000031 -0.000023 -0.000006 0.000038 -0.000054 
0.000004 -0.000000 -0.000007 -0.000020 0.000006 -0.000012 
0.000003 0.000025 -0.000005 0.000000 0.000018 0.000042 
-0.000014 0.000041 0.000007 0.000013 -0.000012 0.000096 
-0.000006 0.000033 0.000007 0.000030 -0.000011 0.000072 
-0.000007 0.000046 0.000008 0.000004 -0.000007 0.000090 
-0.000018 0.000037 -0.000008 0.000005 -0.000003 0.000096 
0.000002 -0.000020 0.000008 -0.000012 -0.000004 -0.000042 
0.000013 -0.000045 -0.000003 0.000036 0.000002 -0.000090 
0.000010 -0.000050 -0.000010 -0.000009 0.000017 -0.000102 
0.000017 -0.000031 -0.000020 -0.000021 0.000041 -0.000072 
0.000007 -0.000044 -0.000012 0.000007 0.000007 -0.000078 
0.000013 -0.000029 0.000010 0.000014 0.000011 -0.000060 
-0.000012 0.000018 -0.000008 -0.000001 -0.000015 0.000042 
-0.000012 0.000059 0.000007 0.000022 -0.000012 0.000126 
-0.000010 0.000064 0.000003 -0.000012 0.000005 0.000120 
-0.000014 0.000031 0.000007 -0.000002 -0.000019 0.000078 
0.000001 0.000013 -0.000000 0.000007 0.000006 0.000030 
0.000004 -0.000011 -0.000003 0.000004 0.000004 -0.000024 
0.000006 -0.000032 -0.000003 0.000011 0.000011 -0.000060 
0.000018 -0.000068 -0.000007 0.000009 0.000025 -0.000120 
0.000004 -0.000051 -0.000007 -0.000042 -0.000013 -0.000126 
0.000010 -0.000028 -0.000005 0.000007 0.000015 -0.000042 
-0.000003 0.000022 -0.000010 0.000007 0.000008 0.000048 
-0.000000 0.000021 0.000007 0.000005 -0.000003 0.000018 
-0.000005 0.000022 0.000010 0.000018 -0.000016 0.000066 
-0.000021 0.000063 0.000005 0.000001 -0.000009 0.000150 
-0.000002 0.000018 -0.000003 0.000012 -0.000005 0.000048 
0.000003 0.000014 -0.000000 -0.000008 0.000009 0.000006 
0.000001 -0.000001 -0.000000 0.000007 0.000006 0.000012 
0.000004 -0.000027 -0.000007 -0.000012 0.000006 -0.000072 
0.000006 -0.000053 -0.000002 -0.000005 0.000004 -0.000090 
0.000016 -0.000032 -0.000005 -0.000013 0.000013 -0.000084 
0.000001 -0.000021 -0.000005 0.000019 0.000011 -0.000036 
-0.000003 0.000006 0.000002 0.000005 -0.000019 0.000006 
-0.000006 0.000018 0.000005 0.000001 0.000001 0.000042 
-0.000011 0.000033 0.000002 0.000005 -0.000019 0.000072 
-0.000008 0.000052 0.000000 -0.000001 0.000015 0.000126 
-0.000004 0.000028 -0.000003 0.000013 0.000005 0.000060 
0.000004 0.000007 0.000005 -0.000008 -0.000009 0.000000 
