0.595437 -0.406662 0.488690 1.571455 -0.000033 -3.140826 
0.595436 -0.406662 0.488690 1.571455 -0.000033 -3.140826 
0.595436 -0.406662 0.488690 1.571455 -0.000033 -3.140826 
0.595436 -0.406662 0.488690 1.571455 -0.000033 -3.140826 
0.595436 -0.406662 0.488690 1.571455 -0.000033 -3.140826 
0.595436 -0.406662 0.488690 1.571455 -0.000033 -3.140826 
0.595436 -0.406662 0.488690 1.571454 -0.000033 -3.140826 
0.595436 -0.406662 0.488690 1.571455 -0.000033 -3.140826 
0.595437 -0.406662 0.488690 1.571455 -0.000033 -3.140826 
0.595437 -0.406662 0.488690 1.571455 -0.000033 -3.140826 
0.595437 -0.406662 0.488690 1.571455 -0.000033 -3.140826 
0.595437 -0.406662 0.488690 1.571455 -0.000033 -3.140826 
0.595437 -0.406662 0.488690 1.571455 -0.000034 -3.140826 
0.595437 -0.406662 0.488690 1.571455 -0.000033 -3.140826 
0.595436 -0.406662 0.488690 1.571455 -0.000033 -3.140826 
0.595436 -0.406662 0.488690 1.571455 -0.000033 -3.140826 
0.595437 -0.406662 0.488690 1.571455 -0.000033 -3.140826 
0.595437 -0.406662 0.488690 1.571455 -0.000034 -3.140826 
0.595437 -0.406662 0.488690 1.571455 -0.000033 -3.140826 
0.595437 -0.406662 0.488690 1.571455 -0.000033 -3.140826 
0.595436 -0.406662 0.488690 1.571454 -0.000033 -3.140826 
0.595437 -0.406662 0.488690 1.571455 -0.000033 -3.140826 
0.595437 -0.406662 0.488690 1.571455 -0.000033 -3.140826 
0.595437 -0.406662 0.488690 1.571455 -0.000033 -3.140826 
0.595437 -0.406662 0.488690 1.571455 -0.000033 -3.140826 
0.595437 -0.406662 0.488690 1.571455 -0.000034 -3.140826 
0.595437 -0.406662 0.488690 1.571455 -0.000033 -3.140826 
0.595437 -0.406662 0.488690 1.571455 -0.000034 -3.140826 
0.595437 -0.406662 0.488690 1.571455 -0.000034 -3.140827 
0.595437 -0.406662 0.488690 1.571455 -0.000033 -3.140826 
0.595437 -0.406662 0.488690 1.571455 -0.000033 -3.140827 
0.595437 -0.406662 0.488690 1.571455 -0.000034 -3.140827 
0.595437 -0.406662 0.488690 1.571455 -0.000033 -3.140826 
0.595437 -0.406662 0.488690 1.571455 -0.000034 -3.140826 
0.595437 -0.406662 0.488690 1.571455 -0.000034 -3.140826 
0.595437 -0.406662 0.488690 1.571455 -0.000034 -3.140826 
0.595437 -0.406662 0.488690 1.571455 -0.000034 -3.140826 
0.595437 -0.406662 0.488690 1.571455 -0.000034 -3.140827 
0.595437 -0.406662 0.488690 1.571455 -0.000034 -3.140827 
0.595437 -0.406662 0.488690 1.571455 -0.000034 -3.140827 
0.595437 -0.406662 0.488690 1.571454 -0.000034 -3.140827 
0.595437 -0.406662 0.488690 1.571455 -0.000034 -3.140827 
0.595437 -0.406662 0.488690 1.571455 -0.000034 -3.140827 
0.595437 -0.406662 0.488690 1.571455 -0.000034 -3.140827 
0.595437 -0.406662 0.488690 1.571455 -0.000034 -3.140827 
0.595436 -0.406662 0.488690 1.571454 -0.000034 -3.140827 
0.595437 -0.406662 0.488690 1.571455 -0.000034 -3.140827 
0.595437 -0.406662 0.488690 1.571455 -0.000034 -3.140827 
0.595437 -0.406662 0.488690 1.571455 -0.000034 -3.140827 
0.595437 -0.406662 0.488690 1.571455 -0.000034 -3.140827 
0.595437 -0.406662 0.488690 1.571455 -0.000034 -3.140827 
0.595437 -0.406662 0.488690 1.571455 -0.000034 -3.140827 
0.595437 -0.406662 0.488690 1.571455 -0.000034 -3.140827 
0.595437 -0.406662 0.488690 1.571455 -0.000034 -3.140827 
0.595437 -0.406662 0.488690 1.571455 -0.000034 -3.140827 
0.595437 -0.406662 0.488690 1.571455 -0.000034 -3.140827 
0.595437 -0.406662 0.488690 1.571455 -0.000034 -3.140827 
0.595437 -0.406662 0.488690 1.571455 -0.000034 -3.140827 
0.595437 -0.406662 0.488690 1.571455 -0.000034 -3.140827 
0.595436 -0.406662 0.488690 1.571454 -0.000034 -3.140827 
0.595437 -0.406662 0.488690 1.571455 -0.000034 -3.140827 
0.595437 -0.406662 0.488690 1.571455 -0.000034 -3.140827 
0.595437 -0.406662 0.488690 1.571455 -0.000034 -3.140827 
0.595437 -0.406662 0.488690 1.571455 -0.000034 -3.140827 
0.595437 -0.406662 0.488690 1.571455 -0.000034 -3.140827 
0.595437 -0.406662 0.488690 1.571455 -0.000034 -3.140827 
0.595437 -0.406662 0.488690 1.571455 -0.000034 -3.140827 
0.595437 -0.406662 0.488690 1.571455 -0.000034 -3.140827 
0.595437 -0.406662 0.488690 1.571455 -0.000034 -3.140827 
0.595437 -0.406662 0.488690 1.571455 -0.000034 -3.140827 
0.595437 -0.406662 0.488690 1.571455 -0.000034 -3.140827 
0.595437 -0.406662 0.488690 1.571455 -0.000034 -3.140827 
0.595437 -0.406662 0.488690 1.571455 -0.000034 -3.140827 
0.595437 -0.406662 0.488690 1.571455 -0.000034 -3.140827 
0.595437 -0.406662 0.488690 1.571455 -0.000034 -3.140827 
0.595437 -0.406662 0.488690 1.571455 -0.000034 -3.140827 
0.595437 -0.406662 0.488690 1.571455 -0.000034 -3.140827 
0.595437 -0.406662 0.488690 1.571455 -0.000034 -3.140827 
0.595437 -0.406662 0.488690 1.571455 -0.000034 -3.140827 
0.595437 -0.406662 0.488690 1.571455 -0.000034 -3.140827 
0.595437 -0.406662 0.488690 1.571455 -0.000034 -3.140827 
0.595437 -0.406662 0.488690 1.571455 -0.000034 -3.140827 
0.595437 -0.406662 0.488690 1.571455 -0.000034 -3.140827 
0.595437 -0.406662 0.488690 1.571455 -0.000034 -3.140827 
0.595437 -0.406662 0.488690 1.571455 -0.000034 -3.140827 
0.595437 -0.406662 0.488690 1.571455 -0.000034 -3.140827 
0.595437 -0.406662 0.488690 1.571455 -0.000034 -3.140827 
0.595437 -0.406662 0.488690 1.571454 -0.000034 -3.140827 
0.595437 -0.406662 0.488690 1.571455 -0.000034 -3.140827 
0.595437 -0.406662 0.488690 1.571455 -0.000034 -3.140827 
0.595437 -0.406662 0.488690 1.571455 -0.000034 -3.140827 
0.595437 -0.406662 0.488690 1.571455 -0.000034 -3.140827 
0.595437 -0.406662 0.488690 1.571455 -0.000034 -3.140827 
0.595437 -0.406662 0.488690 1.571455 -0.000034 -3.140827 
0.595437 -0.406662 0.488690 1.571455 -0.000034 -3.140827 
0.595437 -0.406662 0.488690 1.571455 -0.000034 -3.140827 
0.595437 -0.406662 0.488690 1.571455 -0.000034 -3.140827 
0.595437 -0.406662 0.488690 1.571455 -0.000034 -3.140827 
0.595437 -0.406662 0.488690 1.571455 -0.000034 -3.140827 
0.595437 -0.406662 0.488690 1.571455 -0.000034 -3.140827 
0.595437 -0.406662 0.488690 1.571455 -0.000034 -3.140827 
0.595437 -0.406662 0.488690 1.571455 -0.000034 -3.140827 
0.595437 -0.406662 0.488690 1.571454 -0.000034 -3.140827 
0.595437 -0.406662 0.488690 1.571455 -0.000034 -3.140827 
0.595437 -0.406662 0.488690 1.571455 -0.000034 -3.140827 
0.595437 -0.406662 0.488690 1.571455 -0.000034 -3.140827 
0.595437 -0.406662 0.488690 1.571455 -0.000034 -3.140827 
0.595437 -0.406662 0.488690 1.571455 -0.000034 -3.140827 
0.595437 -0.406662 0.488690 1.571455 -0.000034 -3.140827 
0.595437 -0.406662 0.488690 1.571455 -0.000034 -3.140827 
0.595437 -0.406662 0.488690 1.571455 -0.000034 -3.140827 
0.595437 -0.406662 0.488690 1.571455 -0.000034 -3.140827 
0.595437 -0.406662 0.488690 1.571455 -0.000034 -3.140827 
0.595437 -0.406662 0.488690 1.571455 -0.000034 -3.140827 
0.595437 -0.406662 0.488690 1.571455 -0.000034 -3.140827 
0.595437 -0.406662 0.488690 1.571455 -0.000034 -3.140827 
0.595437 -0.406662 0.488690 1.571455 -0.000034 -3.140827 
0.595437 -0.406662 0.488690 1.571455 -0.000034 -3.140827 
0.595437 -0.406662 0.488690 1.571455 -0.000034 -3.140827 
0.595437 -0.406662 0.488690 1.571455 -0.000034 -3.140827 
0.595437 -0.406662 0.488690 1.571454 -0.000034 -3.140827 
0.595437 -0.406662 0.488690 1.571455 -0.000034 -3.140827 
0.595437 -0.406662 0.488690 1.571455 -0.000034 -3.140827 
0.595437 -0.406662 0.488690 1.571455 -0.000034 -3.140827 
0.595437 -0.406662 0.488690 1.571455 -0.000034 -3.140827 
0.595437 -0.406662 0.488690 1.571455 -0.000034 -3.140827 
0.595437 -0.406662 0.488690 1.571455 -0.000034 -3.140827 
0.595437 -0.406662 0.488690 1.571455 -0.000034 -3.140827 
0.595437 -0.406662 0.488690 1.571455 -0.000034 -3.140827 
0.595437 -0.406661 0.488690 1.571455 -0.000034 -3.140827 
0.595437 -0.406662 0.488690 1.571455 -0.000034 -3.140827 
0.595437 -0.406662 0.488690 1.571455 -0.000034 -3.140827 
0.595437 -0.406662 0.488690 1.571455 -0.000035 -3.140827 
0.595437 -0.406662 0.488690 1.571455 -0.000034 -3.140827 
0.595437 -0.406662 0.488690 1.571455 -0.000034 -3.140827 
0.595437 -0.406662 0.488690 1.571455 -0.000034 -3.140827 
0.595437 -0.406662 0.488690 1.571455 -0.000034 -3.140827 
0.595437 -0.406662 0.488690 1.571455 -0.000034 -3.140827 
0.595437 -0.406662 0.488690 1.571455 -0.000034 -3.140827 
0.595437 -0.406662 0.488690 1.571455 -0.000034 -3.140827 
0.595437 -0.406662 0.488690 1.571455 -0.000035 -3.140827 
0.595437 -0.406662 0.488690 1.571455 -0.000034 -3.140827 
0.595437 -0.406662 0.488690 1.571455 -0.000035 -3.140827 
0.595437 -0.406662 0.488690 1.571455 -0.000035 -3.140827 
0.595437 -0.406662 0.488690 1.571455 -0.000035 -3.140828 
0.595437 -0.406662 0.488690 1.571455 -0.000035 -3.140828 
0.595437 -0.406662 0.488690 1.571455 -0.000034 -3.140827 
0.595437 -0.406662 0.488690 1.571455 -0.000035 -3.140828 
0.595437 -0.406662 0.488690 1.571455 -0.000034 -3.140827 
0.595437 -0.406662 0.488690 1.571455 -0.000035 -3.140828 
0.595437 -0.406662 0.488690 1.571455 -0.000035 -3.140828 
0.595437 -0.406662 0.488690 1.571455 -0.000035 -3.140827 
0.595437 -0.406662 0.488690 1.571455 -0.000035 -3.140827 
0.595437 -0.406662 0.488690 1.571455 -0.000035 -3.140828 
0.595437 -0.406662 0.488690 1.571455 -0.000035 -3.140827 
0.595437 -0.406662 0.488690 1.571455 -0.000034 -3.140827 
0.595437 -0.406662 0.488690 1.571455 -0.000034 -3.140827 
0.595437 -0.406662 0.488690 1.571455 -0.000035 -3.140828 
0.595437 -0.406662 0.488690 1.571455 -0.000034 -3.140828 
0.595437 -0.406662 0.488690 1.571455 -0.000034 -3.140827 
0.595437 -0.406662 0.488690 1.571455 -0.000035 -3.140828 
0.595437 -0.406662 0.488690 1.571455 -0.000034 -3.140827 
0.595437 -0.406662 0.488690 1.571455 -0.000035 -3.140828 
0.595437 -0.406661 0.488690 1.571455 -0.000035 -3.140828 
0.595437 -0.406662 0.488690 1.571455 -0.000035 -3.140827 
0.595437 -0.406662 0.488690 1.571455 -0.000035 -3.140827 
0.595437 -0.406662 0.488690 1.571455 -0.000034 -3.140827 
0.595437 -0.406662 0.488690 1.571455 -0.000034 -3.140828 
0.595437 -0.406662 0.488690 1.571455 -0.000034 -3.140828 
0.595437 -0.406662 0.488690 1.571455 -0.000034 -3.140828 
0.595437 -0.406662 0.488690 1.571455 -0.000034 -3.140828 
0.595437 -0.406662 0.488689 1.571455 -0.000034 -3.140828 
0.595437 -0.406662 0.488690 1.571455 -0.000035 -3.140828 
0.595436 -0.406661 0.488690 1.571454 -0.000036 -3.140821 
0.595459 -0.406611 0.488590 1.571535 -0.000187 -3.140985 
0.595569 -0.406525 0.488113 1.571684 -0.000403 3.141392 
0.595682 -0.406450 0.487355 1.571850 -0.000487 3.140602 
0.595736 -0.406383 0.486594 1.571981 -0.000616 3.140158 
0.595724 -0.406324 0.485937 1.572054 -0.000670 3.140164 
0.595610 -0.406281 0.485549 1.572027 -0.000668 3.140987 
0.595489 -0.406252 0.485257 1.571781 -0.000545 -3.141229 
0.595410 -0.406261 0.485121 1.571276 -0.000303 -3.140523 
0.595361 -0.406268 0.485232 1.570806 0.000016 -3.139913 
0.595314 -0.406307 0.485473 1.570564 0.000346 -3.139450 
0.595269 -0.406399 0.485845 1.570472 0.000637 -3.139194 
0.595261 -0.406435 0.486307 1.570503 0.000821 -3.139101 
0.595260 -0.406479 0.486849 1.570559 0.000917 -3.139162 
0.595297 -0.406539 0.487372 1.570467 0.000951 -3.139549 
0.595380 -0.406567 0.487844 1.570429 0.000930 -3.140137 
0.595452 -0.406590 0.488310 1.570403 0.000807 -3.140674 
0.595502 -0.406597 0.488674 1.570432 0.000633 -3.141058 
0.595524 -0.406576 0.488962 1.570590 0.000431 -3.141214 
0.595502 -0.406559 0.489152 1.570692 0.000261 -3.141114 
0.595460 -0.406534 0.489287 1.570779 0.000090 -3.140882 
0.595444 -0.406509 0.489356 1.570796 -0.000046 -3.140807 
0.595429 -0.406511 0.489359 1.570787 -0.000098 -3.140774 
0.595427 -0.406513 0.489315 1.570753 -0.000148 -3.140800 
0.595442 -0.406496 0.489230 1.570759 -0.000238 -3.140897 
0.595457 -0.406484 0.489107 1.570749 -0.000332 -3.141005 
0.595469 -0.406487 0.488949 1.570721 -0.000392 -3.141118 
0.595466 -0.406483 0.488809 1.570714 -0.000441 -3.141116 
0.595450 -0.406480 0.488685 1.570718 -0.000446 -3.141018 
0.595426 -0.406489 0.488578 1.570715 -0.000398 -3.140876 
0.595401 -0.406504 0.488497 1.570715 -0.000296 -3.140722 
0.595394 -0.406522 0.488433 1.570717 -0.000177 -3.140681 
0.595399 -0.406533 0.488402 1.570716 -0.000092 -3.140702 
0.595405 -0.406536 0.488382 1.570723 -0.000054 -3.140727 
0.595407 -0.406536 0.488387 1.570727 -0.000032 -3.140727 
0.595405 -0.406534 0.488397 1.570734 -0.000022 -3.140699 
0.595401 -0.406535 0.488411 1.570734 -0.000015 -3.140670 
0.595391 -0.406537 0.488440 1.570735 0.000003 -3.140608 
0.595378 -0.406540 0.488482 1.570742 0.000036 -3.140517 
0.595365 -0.406546 0.488516 1.570744 0.000086 -3.140429 
0.595356 -0.406552 0.488553 1.570749 0.000137 -3.140359 
0.595356 -0.406554 0.488583 1.570752 0.000164 -3.140352 
0.595368 -0.406555 0.488607 1.570753 0.000180 -3.140421 
0.595389 -0.406556 0.488626 1.570756 0.000193 -3.140545 
0.595409 -0.406558 0.488638 1.570757 0.000208 -3.140677 
0.595426 -0.406558 0.488645 1.570758 0.000209 -3.140781 
0.595434 -0.406557 0.488651 1.570757 0.000198 -3.140836 
0.595433 -0.406555 0.488654 1.570755 0.000183 -3.140834 
0.595431 -0.406555 0.488656 1.570754 0.000176 -3.140827 
0.595430 -0.406555 0.488656 1.570753 0.000173 -3.140819 
0.595429 -0.406552 0.488657 1.570757 0.000169 -3.140804 
0.595428 -0.406550 0.488658 1.570759 0.000164 -3.140796 
0.595428 -0.406550 0.488658 1.570756 0.000159 -3.140797 
0.595428 -0.406549 0.488659 1.570755 0.000158 -3.140797 
0.595428 -0.406550 0.488659 1.570753 0.000157 -3.140797 
0.595428 -0.406550 0.488659 1.570752 0.000156 -3.140797 
0.595428 -0.406550 0.488661 1.570750 0.000153 -3.140796 
0.595427 -0.406550 0.488663 1.570748 0.000150 -3.140794 
0.595426 -0.406550 0.488666 1.570747 0.000146 -3.140792 
0.595426 -0.406549 0.488669 1.570747 0.000142 -3.140791 
0.595426 -0.406548 0.488671 1.570749 0.000139 -3.140789 
0.595426 -0.406548 0.488673 1.570748 0.000137 -3.140788 
0.595425 -0.406548 0.488675 1.570747 0.000133 -3.140786 
0.595425 -0.406548 0.488678 1.570745 0.000129 -3.140784 
0.595425 -0.406548 0.488681 1.570745 0.000125 -3.140782 
0.595425 -0.406547 0.488682 1.570746 0.000124 -3.140781 
0.595425 -0.406546 0.488683 1.570746 0.000122 -3.140780 
0.595425 -0.406546 0.488684 1.570746 0.000121 -3.140780 
0.595425 -0.406545 0.488684 1.570747 0.000121 -3.140779 
0.595425 -0.406545 0.488685 1.570746 0.000120 -3.140778 
0.595424 -0.406545 0.488686 1.570745 0.000118 -3.140776 
0.595423 -0.406545 0.488687 1.570744 0.000116 -3.140770 
0.595422 -0.406545 0.488688 1.570744 0.000114 -3.140762 
0.595421 -0.406545 0.488688 1.570744 0.000113 -3.140759 
0.595421 -0.406545 0.488688 1.570744 0.000112 -3.140758 
0.595421 -0.406545 0.488688 1.570743 0.000111 -3.140756 
0.595421 -0.406545 0.488687 1.570741 0.000109 -3.140757 
0.595421 -0.406545 0.488686 1.570743 0.000106 -3.140758 
0.595421 -0.406544 0.488686 1.570744 0.000105 -3.140757 
0.595422 -0.406543 0.488685 1.570745 0.000104 -3.140758 
0.595422 -0.406543 0.488685 1.570745 0.000103 -3.140758 
0.595421 -0.406543 0.488684 1.570744 0.000101 -3.140757 
0.595421 -0.406543 0.488684 1.570744 0.000100 -3.140754 
0.595421 -0.406542 0.488684 1.570744 0.000099 -3.140753 
0.595421 -0.406543 0.488684 1.570743 0.000098 -3.140754 
0.595420 -0.406544 0.488684 1.570741 0.000097 -3.140754 
0.595420 -0.406544 0.488683 1.570739 0.000096 -3.140755 
0.595420 -0.406544 0.488682 1.570740 0.000094 -3.140757 
0.595421 -0.406543 0.488681 1.570741 0.000093 -3.140758 
0.595421 -0.406543 0.488680 1.570741 0.000092 -3.140759 
0.595421 -0.406543 0.488680 1.570741 0.000091 -3.140759 
0.595421 -0.406542 0.488679 1.570741 0.000090 -3.140760 
0.595421 -0.406542 0.488679 1.570742 0.000089 -3.140760 
0.595421 -0.406542 0.488679 1.570742 0.000088 -3.140760 
0.595421 -0.406542 0.488679 1.570741 0.000088 -3.140759 
0.595420 -0.406543 0.488679 1.570740 0.000087 -3.140756 
0.595419 -0.406543 0.488679 1.570739 0.000086 -3.140755 
0.595420 -0.406543 0.488679 1.570739 0.000086 -3.140756 
0.595420 -0.406543 0.488679 1.570739 0.000086 -3.140756 
0.595420 -0.406542 0.488678 1.570740 0.000085 -3.140758 
0.595420 -0.406542 0.488678 1.570740 0.000084 -3.140759 
0.595421 -0.406541 0.488677 1.570741 0.000083 -3.140760 
0.595421 -0.406541 0.488677 1.570742 0.000082 -3.140760 
0.595421 -0.406541 0.488677 1.570742 0.000082 -3.140759 
0.595420 -0.406541 0.488677 1.570741 0.000081 -3.140758 
0.595420 -0.406541 0.488678 1.570741 0.000080 -3.140756 
0.595420 -0.406541 0.488678 1.570740 0.000080 -3.140755 
0.595419 -0.406541 0.488679 1.570740 0.000079 -3.140754 
0.595419 -0.406542 0.488679 1.570739 0.000079 -3.140754 
0.595419 -0.406542 0.488678 1.570739 0.000079 -3.140754 
0.595420 -0.406541 0.488678 1.570740 0.000079 -3.140755 
0.595420 -0.406541 0.488678 1.570741 0.000078 -3.140755 
0.595420 -0.406540 0.488678 1.570742 0.000078 -3.140756 
0.595420 -0.406540 0.488678 1.570742 0.000077 -3.140756 
0.595420 -0.406540 0.488678 1.570742 0.000076 -3.140755 
0.595420 -0.406540 0.488679 1.570742 0.000076 -3.140754 
0.595420 -0.406540 0.488679 1.570741 0.000075 -3.140753 
0.595419 -0.406541 0.488680 1.570740 0.000074 -3.140753 
0.595419 -0.406541 0.488680 1.570738 0.000074 -3.140753 
0.595419 -0.406541 0.488679 1.570739 0.000074 -3.140754 
0.595419 -0.406541 0.488679 1.570739 0.000073 -3.140755 
0.595420 -0.406541 0.488678 1.570739 0.000072 -3.140757 
0.595420 -0.406540 0.488678 1.570740 0.000071 -3.140758 
0.595420 -0.406540 0.488678 1.570740 0.000071 -3.140758 
0.595420 -0.406540 0.488678 1.570741 0.000070 -3.140758 
0.595420 -0.406540 0.488678 1.570741 0.000070 -3.140757 
0.595420 -0.406540 0.488678 1.570740 0.000069 -3.140756 
0.595425 -0.406542 0.488658 1.570755 0.000112 -3.140778 
0.595438 -0.406546 0.488594 1.570783 0.000230 -3.140824 
0.595461 -0.406556 0.488465 1.570819 0.000421 -3.140918 
0.595497 -0.406548 0.488317 1.570893 0.000634 -3.141028 
0.595558 -0.406489 0.488175 1.571040 0.000832 -3.141137 
0.595656 -0.406355 0.488033 1.571142 0.001026 -3.141247 
0.595813 -0.406087 0.487882 1.571148 0.001230 -3.141366 
0.596049 -0.405588 0.487735 1.571130 0.001436 -3.141479 
0.596356 -0.404854 0.487607 1.571012 0.001620 -3.141578 
0.596725 -0.403913 0.487501 1.570657 0.001785 3.141530 
0.597175 -0.402700 0.487431 1.570232 0.001907 3.141479 
0.597733 -0.401165 0.487399 1.569839 0.001984 3.141457 
0.598393 -0.399312 0.487402 1.569523 0.002024 3.141468 
0.599166 -0.397124 0.487428 1.569253 0.002046 3.141502 
0.600049 -0.394603 0.487497 1.569038 0.002025 3.141575 
0.601035 -0.391749 0.487609 1.568866 0.001947 -3.141519 
0.602139 -0.388520 0.487744 1.568869 0.001847 -3.141421 
0.603363 -0.384922 0.487887 1.569020 0.001743 -3.141375 
0.604710 -0.380971 0.488037 1.569264 0.001653 -3.141426 
0.606131 -0.376723 0.488203 1.569437 0.001541 -3.141455 
0.607600 -0.372199 0.488358 1.569605 0.001448 -3.141486 
0.609112 -0.367384 0.488499 1.569748 0.001380 -3.141509 
0.610675 -0.362270 0.488659 1.569864 0.001291 -3.141494 
0.612271 -0.356817 0.488823 1.570082 0.001190 -3.141433 
0.613870 -0.351109 0.488966 1.570295 0.001127 -3.141342 
0.615425 -0.345320 0.489127 1.570244 0.001048 -3.141211 
0.616942 -0.339414 0.489271 1.570251 0.000997 -3.141120 
0.618435 -0.333355 0.489414 1.570274 0.000956 -3.141057 
0.619894 -0.327166 0.489570 1.570513 0.000864 -3.140979 
0.621302 -0.320947 0.489687 1.570855 0.000834 -3.140931 
0.622613 -0.314799 0.489807 1.571038 0.000809 -3.140843 
0.623866 -0.308580 0.489915 1.571441 0.000797 -3.140784 
0.625072 -0.302322 0.490027 1.571919 0.000767 -3.140739 
0.626191 -0.296097 0.490134 1.572314 0.000721 -3.140683 
0.627213 -0.290034 0.490215 1.572427 0.000744 -3.140646 
0.628146 -0.284014 0.490308 1.572448 0.000743 -3.140600 
0.629023 -0.277949 0.490399 1.572566 0.000736 -3.140570 
0.629830 -0.271916 0.490500 1.572607 0.000697 -3.140551 
0.630539 -0.265996 0.490592 1.572489 0.000754 -3.140539 
0.631173 -0.260195 0.490681 1.572111 0.000848 -3.140546 
0.631748 -0.254335 0.490777 1.571864 0.000866 -3.140574 
0.632275 -0.248391 0.490854 1.571799 0.000870 -3.140605 
0.632724 -0.242474 0.490943 1.571653 0.000833 -3.140615 
0.633097 -0.236629 0.491016 1.571422 0.000833 -3.140655 
0.633422 -0.230789 0.491089 1.571173 0.000854 -3.140727 
0.633686 -0.224847 0.491173 1.571144 0.000826 -3.140790 
0.633897 -0.218870 0.491241 1.571186 0.000805 -3.140842 
0.634019 -0.212970 0.491322 1.571102 0.000771 -3.140845 
0.634082 -0.207125 0.491380 1.570953 0.000801 -3.140896 
0.634092 -0.201236 0.491456 1.570867 0.000799 -3.140927 
0.634040 -0.195269 0.491535 1.570953 0.000754 -3.140929 
0.633928 -0.189337 0.491593 1.570988 0.000722 -3.140936 
0.633731 -0.183507 0.491670 1.570853 0.000689 -3.140917 
0.633474 -0.177687 0.491738 1.570739 0.000710 -3.140913 
0.633146 -0.171795 0.491824 1.570807 0.000697 -3.140876 
0.632749 -0.165867 0.491894 1.570969 0.000671 -3.140841 
0.632294 -0.160038 0.491956 1.570970 0.000666 -3.140837 
0.631765 -0.154285 0.492027 1.570877 0.000686 -3.140823 
0.631187 -0.148495 0.492089 1.570879 0.000725 -3.140840 
0.630542 -0.142645 0.492169 1.571020 0.000687 -3.140850 
0.629834 -0.136829 0.492231 1.571145 0.000657 -3.140871 
0.629077 -0.131166 0.492309 1.570992 0.000714 -3.140900 
0.628260 -0.125505 0.492390 1.570895 0.000777 -3.140956 
0.627387 -0.119785 0.492466 1.570942 0.000782 -3.141041 
0.626445 -0.114054 0.492551 1.571030 0.000742 -3.141119 
0.625451 -0.108426 0.492611 1.570998 0.000757 -3.141240 
0.624407 -0.102893 0.492676 1.570794 0.000781 -3.141363 
0.623287 -0.097307 0.492738 1.570760 0.000789 -3.141456 
0.622103 -0.091701 0.492802 1.570802 0.000775 -3.141504 
0.620850 -0.086133 0.492869 1.570804 0.000729 -3.141493 
0.619552 -0.080681 0.492916 1.570641 0.000737 -3.141495 
0.618183 -0.075229 0.492985 1.570524 0.000713 -3.141480 
0.616733 -0.069704 0.493047 1.570644 0.000675 -3.141467 
0.615228 -0.064230 0.493111 1.570713 0.000622 -3.141441 
0.613677 -0.058930 0.493171 1.570615 0.000572 -3.141399 
0.612128 -0.053833 0.493218 1.570462 0.000533 -3.141386 
0.610578 -0.048870 0.493279 1.570546 0.000461 -3.141338 
0.609033 -0.044039 0.493336 1.570926 0.000384 -3.141281 
0.607544 -0.039489 0.493401 1.571322 0.000294 -3.141229 
0.606128 -0.035300 0.493460 1.571580 0.000233 -3.141174 
0.604788 -0.031407 0.493508 1.571817 0.000166 -3.141160 
0.603522 -0.027759 0.493572 1.572078 0.000015 -3.141185 
0.602335 -0.024390 0.493622 1.572350 -0.000132 -3.141238 
0.601230 -0.021322 0.493654 1.572580 -0.000247 -3.141305 
0.600225 -0.018592 0.493671 1.572664 -0.000336 -3.141401 
0.599322 -0.016216 0.493681 1.572572 -0.000390 -3.141482 
0.598508 -0.014166 0.493689 1.572377 -0.000392 -3.141516 
0.597786 -0.012410 0.493697 1.572108 -0.000376 -3.141533 
0.597156 -0.010921 0.493706 1.571855 -0.000335 -3.141546 
0.596621 -0.009661 0.493711 1.571683 -0.000280 -3.141566 
0.596183 -0.008642 0.493713 1.571545 -0.000241 3.141592 
0.595849 -0.007871 0.493713 1.571389 -0.000213 3.141567 
0.595621 -0.007358 0.493712 1.571226 -0.000176 3.141541 
0.595488 -0.007046 0.493702 1.571137 -0.000130 3.141501 
0.595421 -0.006870 0.493695 1.571213 -0.000097 3.141468 
0.595406 -0.006820 0.493685 1.571198 -0.000063 3.141436 
0.595415 -0.006840 0.493676 1.571084 -0.000046 3.141419 
0.595428 -0.006903 0.493668 1.570914 -0.000034 3.141409 
0.595442 -0.007007 0.493656 1.570693 -0.000021 3.141393 
0.595460 -0.007140 0.493643 1.570420 -0.000006 3.141374 
0.595498 -0.007304 0.493627 1.570060 0.000011 3.141350 
0.595539 -0.007446 0.493615 1.569741 0.000030 3.141331 
0.595577 -0.007555 0.493608 1.569513 0.000044 3.141320 
0.595603 -0.007634 0.493605 1.569337 0.000052 3.141314 
0.595616 -0.007678 0.493606 1.569238 0.000050 3.141315 
0.595619 -0.007690 0.493607 1.569212 0.000046 3.141317 
0.595614 -0.007665 0.493608 1.569261 0.000046 3.141319 
0.595608 -0.007617 0.493607 1.569356 0.000046 3.141318 
0.595596 -0.007563 0.493606 1.569472 0.000044 3.141316 
0.595580 -0.007502 0.493606 1.569603 0.000043 3.141316 
0.595560 -0.007444 0.493608 1.569738 0.000044 3.141319 
0.595538 -0.007391 0.493613 1.569865 0.000038 3.141328 
0.595519 -0.007348 0.493628 1.569964 0.000019 3.141353 
0.595499 -0.007306 0.493647 1.570055 -0.000009 3.141383 
0.595480 -0.007266 0.493666 1.570141 -0.000040 3.141415 
0.595464 -0.007230 0.493681 1.570218 -0.000063 3.141440 
0.595454 -0.007194 0.493691 1.570292 -0.000076 3.141457 
0.595446 -0.007159 0.493699 1.570358 -0.000088 3.141469 
0.595443 -0.007137 0.493706 1.570396 -0.000101 3.141480 
0.595439 -0.007119 0.493711 1.570428 -0.000109 3.141490 
0.595435 -0.007100 0.493714 1.570467 -0.000112 3.141494 
0.595431 -0.007082 0.493713 1.570506 -0.000112 3.141494 
0.595426 -0.007067 0.493714 1.570540 -0.000111 3.141494 
0.595423 -0.007056 0.493713 1.570565 -0.000111 3.141493 
0.595419 -0.007049 0.493712 1.570585 -0.000109 3.141492 
0.595417 -0.007040 0.493711 1.570604 -0.000107 3.141489 
0.595416 -0.007032 0.493706 1.570625 -0.000099 3.141481 
0.595414 -0.007025 0.493702 1.570643 -0.000093 3.141474 
0.595413 -0.007021 0.493697 1.570655 -0.000087 3.141467 
0.595414 -0.007018 0.493691 1.570666 -0.000076 3.141456 
0.595415 -0.007012 0.493682 1.570681 -0.000062 3.141441 
0.595416 -0.007003 0.493675 1.570702 -0.000051 3.141430 
0.595416 -0.006997 0.493668 1.570717 -0.000041 3.141418 
0.595417 -0.006992 0.493661 1.570730 -0.000032 3.141407 
0.595418 -0.006986 0.493657 1.570742 -0.000025 3.141399 
0.595418 -0.006979 0.493653 1.570756 -0.000019 3.141393 
0.595417 -0.006974 0.493651 1.570769 -0.000016 3.141390 
0.595417 -0.006971 0.493649 1.570777 -0.000012 3.141387 
0.595416 -0.006970 0.493648 1.570781 -0.000011 3.141386 
0.595415 -0.006970 0.493648 1.570783 -0.000011 3.141385 
0.595414 -0.006970 0.493648 1.570785 -0.000010 3.141385 
0.595413 -0.006971 0.493647 1.570786 -0.000009 3.141384 
0.595412 -0.006975 0.493647 1.570780 -0.000008 3.141382 
0.595412 -0.006980 0.493646 1.570771 -0.000008 3.141382 
0.595413 -0.006983 0.493645 1.570767 -0.000006 3.141380 
0.595413 -0.006985 0.493644 1.570764 -0.000005 3.141378 
0.595413 -0.006988 0.493641 1.570761 -0.000001 3.141373 
0.595414 -0.006990 0.493638 1.570759 0.000005 3.141367 
0.595413 -0.006990 0.493636 1.570762 0.000008 3.141365 
0.595412 -0.006988 0.493636 1.570767 0.000007 3.141365 
0.595411 -0.006987 0.493637 1.570771 0.000006 3.141366 
0.595410 -0.006987 0.493638 1.570773 0.000005 3.141368 
0.595409 -0.006987 0.493639 1.570772 0.000003 3.141370 
0.595409 -0.006988 0.493640 1.570770 0.000002 3.141371 
0.595409 -0.006988 0.493640 1.570770 0.000001 3.141372 
0.595409 -0.006987 0.493642 1.570770 -0.000003 3.141375 
0.595408 -0.006987 0.493645 1.570769 -0.000007 3.141380 
0.595407 -0.006986 0.493647 1.570770 -0.000010 3.141384 
0.595406 -0.006985 0.493649 1.570771 -0.000012 3.141387 
0.595405 -0.006984 0.493651 1.570775 -0.000014 3.141389 
0.595404 -0.006983 0.493652 1.570778 -0.000015 3.141391 
0.595403 -0.006983 0.493652 1.570778 -0.000016 3.141392 
0.595403 -0.006983 0.493653 1.570780 -0.000017 3.141393 
0.595403 -0.006983 0.493652 1.570780 -0.000017 3.141392 
0.595403 -0.006984 0.493652 1.570778 -0.000017 3.141392 
0.595403 -0.006986 0.493652 1.570773 -0.000017 3.141392 
0.595403 -0.006988 0.493652 1.570770 -0.000017 3.141392 
0.595403 -0.006989 0.493652 1.570769 -0.000017 3.141392 
0.595403 -0.006988 0.493652 1.570770 -0.000018 3.141392 
0.595403 -0.006987 0.493653 1.570774 -0.000017 3.141392 
0.595402 -0.006985 0.493653 1.570778 -0.000017 3.141393 
0.595401 -0.006982 0.493653 1.570783 -0.000018 3.141393 
0.595401 -0.006979 0.493653 1.570788 -0.000017 3.141393 
0.595401 -0.006979 0.493653 1.570790 -0.000018 3.141393 
0.595401 -0.006979 0.493653 1.570789 -0.000018 3.141393 
0.595401 -0.006979 0.493653 1.570788 -0.000018 3.141393 
0.595401 -0.006979 0.493653 1.570788 -0.000018 3.141393 
0.595401 -0.006978 0.493653 1.570790 -0.000018 3.141393 
0.595401 -0.006978 0.493653 1.570791 -0.000018 3.141393 
0.595401 -0.006977 0.493653 1.570792 -0.000018 3.141393 
0.595401 -0.006976 0.493653 1.570795 -0.000018 3.141393 
0.595400 -0.006975 0.493653 1.570798 -0.000018 3.141394 
0.595400 -0.006974 0.493653 1.570800 -0.000018 3.141394 
0.595400 -0.006974 0.493653 1.570800 -0.000018 3.141393 
0.595400 -0.006975 0.493653 1.570799 -0.000018 3.141394 
0.595400 -0.006975 0.493653 1.570798 -0.000018 3.141394 
0.595400 -0.006975 0.493653 1.570798 -0.000018 3.141393 
0.595400 -0.006975 0.493653 1.570798 -0.000018 3.141393 
0.595400 -0.006975 0.493653 1.570798 -0.000018 3.141393 
0.595400 -0.006975 0.493653 1.570799 -0.000018 3.141393 
0.595399 -0.006974 0.493653 1.570800 -0.000018 3.141394 
0.595399 -0.006973 0.493653 1.570803 -0.000018 3.141394 
0.595399 -0.006972 0.493653 1.570805 -0.000018 3.141394 
0.595399 -0.006972 0.493653 1.570805 -0.000018 3.141394 
0.595399 -0.006972 0.493653 1.570805 -0.000019 3.141394 
0.595399 -0.006972 0.493653 1.570804 -0.000018 3.141394 
0.595399 -0.006973 0.493653 1.570804 -0.000019 3.141394 
0.595399 -0.006973 0.493653 1.570802 -0.000019 3.141394 
0.595399 -0.006974 0.493653 1.570802 -0.000019 3.141393 
0.595399 -0.006973 0.493653 1.570802 -0.000019 3.141394 
0.595399 -0.006973 0.493653 1.570803 -0.000019 3.141394 
0.595398 -0.006972 0.493653 1.570804 -0.000019 3.141394 
0.595398 -0.006972 0.493653 1.570805 -0.000019 3.141394 
0.595398 -0.006972 0.493653 1.570806 -0.000019 3.141394 
0.595398 -0.006971 0.493654 1.570807 -0.000019 3.141394 
0.595398 -0.006972 0.493654 1.570807 -0.000018 3.141394 
0.595398 -0.006972 0.493654 1.570806 -0.000019 3.141394 
0.595398 -0.006972 0.493653 1.570805 -0.000019 3.141394 
0.595398 -0.006972 0.493653 1.570805 -0.000019 3.141394 
